5.860588579529007802e+00
7.699999999999988631e+00
4.114999999999994884e+01
1.719219999999997839e+01
3.595599999999945062e+00
1.336439999999987194e+01
2.094659999999992195e+01
1.840609999999988844e+01
3.790499999999792369e+00
4.999890000000021928e+01
4.259399999999931907e+00
3.150000000000000000e+01
2.146760000000078605e+01
1.769849999999849288e+01
2.734000000000014552e+01
3.782759999999962020e+01
7.233299999999253771e+00
7.687999999998647027e-01
1.792890000000057782e+01
2.569680000000036557e+01
9.710400000000445786e+00
4.973399999999529086e+00
1.599149999999954197e+01
3.480119999999871538e+01
1.989360000000106155e+01
8.360000000000582077e+00
1.005200000000040816e+01
1.865709999999966584e+01
9.080399999998153504e+00
6.307349999999969725e+01
1.713600000000122137e+01
6.734699999999175013e+00
1.554800000000832405e+00
2.318200000000251837e+00
1.649969999999844816e+01
2.255559999999837473e+01
1.377000000000589530e+00
5.000000000000000000e-01
1.803690000000064231e+01
5.631600000000908324e+00
1.242500000000291038e+01
5.680000000020662965e-01
2.057920000000060057e+01
1.874399999997695021e+00
2.011440000000016681e+01
3.574999999999999845e-01
1.127000000001425972e+00
4.315199999999459024e+00
1.385519999999785767e+01
5.813999999997031543e-01
5.903299999998562697e+00
2.964499999999680213e+01
7.743999999992956518e-01
2.006999999999970896e+01
5.275199999999022005e+00
8.094800000000686779e+00
6.496200000003300445e+00
1.348260000000060188e+01
2.033199999999196450e+01
9.894000000001978989e+00
2.786400000000751120e+01
7.820000000000000284e+00
1.560130000000499351e+01
2.104659999999945086e+01
1.587220000000248454e+01
9.935999999981141029e-01
1.771379999999931698e+01
1.721720000000044948e+01
9.809799999998940478e+00
1.515100000000158786e+01
3.532799999997951357e+00
7.566499999993538950e+00
7.333200000000943852e+00
1.115999999999912617e+01
1.776000000000931500e+00
1.351200000000244472e+01
2.541599999999161863e+00
4.941300000000264703e+00
2.345999999998021224e+00
2.399800000000206524e+01
1.447600000000820675e+00
1.148679999999818513e+01
6.119999999910942234e-01
8.718799999999173878e+00
2.742220000000277835e+01
1.234210000000217278e+01
1.007599999999743901e+01
1.009999999985302516e-01
1.771899999999659414e+01
1.062839999999821927e+01
2.323199999997886955e+00
2.422199999998847719e+00
4.873500000001658172e+00
1.153350000000864384e+01
8.373999999981607267e-01
8.676400000006980306e+00
7.084799999993556696e+00
3.164789999999498704e+01
5.254799999998649440e+00
2.702000000000407187e+00
9.001499999997031765e+00
2.210320000000065477e+01
5.766999999967811208e-01
3.903799999998474846e+01
7.920000000172876253e-02
8.420899999995018703e+00
4.830700000004290118e+00
3.387709999998871524e+01
6.759999999999999787e+00
1.221200000011012810e+00
4.256800000001821793e+00
2.509830000000322059e+01
1.937999999996681932e+00
2.652000000003027047e+00
1.724799999994865995e+00
2.933929999999571336e+01
9.126599999997852208e+00
7.628799999998882697e+00
6.679199999996926707e+00
7.062600000001840073e+00
1.306449999999691514e+01
3.080999999995401861e-01
2.233000000001629459e+00
1.330620000000039127e+01
1.238510000000053068e+01
1.534400000002933862e+00
6.249499999996623423e+00
2.248999999994703014e+00
9.536799999998184063e+00
2.760060000000274272e+01
1.089239999999932351e+01
9.088200000000943746e+00
7.876700000004348112e+00
6.598799999999318544e+00
9.936000000033526902e-01
1.401600000006146596e+00
1.389919999999532507e+01
3.236999999995168742e-01
4.295199999999312901e+00
2.393599999992875649e+00
3.414000000001396806e+00
6.259399999993765285e+00
1.058310000000230566e+01
6.505599999998230132e+00
1.602250000000000085e+01
8.509200000003911413e+00
5.810399999997171605e+00
1.433020000000877303e+01
2.394400000010500573e+00
1.605350000000282407e+01
2.178540000000619514e+01
1.169630000000179315e+01
6.468000000069150657e-01
1.661120000000810037e+01
3.799079999999928958e+01
1.878719999999040624e+01
2.415000000006693792e+00
3.399840000000083506e+01
1.469459999999933508e+01
2.587199999998847755e+00
4.716300000000919646e+00
5.259799999998940656e+00
2.205239999999437472e+01
3.093999999968218839e-01
1.670980000000156096e+01
2.002439999999827691e+01
7.165599999999394676e+00
4.448000000097089845e-01
7.370000000038999521e-02
1.612690000000468160e+01
2.583000000006723251e+00
2.724540000000212103e+01
1.134540000000153555e+02
6.132099999999481632e+00
1.724920000000303588e+01
9.748410000000745868e+01
3.186299999999319255e+01
2.683619999999020322e+01
4.126200000007228752e+00
7.584999999994033182e+00
5.660999999941851435e-01
1.562000000008265388e-01
7.134000000060768398e-01
1.376000000000931323e+01
2.986499999989464360e+00
4.127309999999779677e+01
4.367700000001204508e+00
3.898499999995983512e+00
2.240000000000000213e+01
1.469999999998253815e+00
1.237979999999835812e+01
3.226230000001319809e+01
5.107200000001467011e+00
5.970800000004819807e+00
3.844499999986437544e+00
1.148990000000310907e+01
1.168860000000160504e+01
2.278410000002215341e+01
9.386300000001792654e+00
1.675599999997939404e+00
2.223899999999266797e+00
1.200600000004051315e+00
4.255899999999383176e+00
5.258400000007823039e+00
1.410850000001519255e+01
9.965100000008241921e+00
5.574799999976821852e+00
7.886200000011013067e+00
1.394059999999299215e+01
2.752800000000861225e+00
1.160849999999365600e+01
9.758399999997346086e+00
1.239689999998197933e+01
8.777000000167755056e-01
8.967000000007100624e+00
1.074289999999280631e+01
7.614599999984494438e+00
1.132999999856110634e-01
7.103999999910592944e-01
1.221079999999201426e+01
2.745000000071013413e-01
1.305929999999294466e+01
5.378400000011316351e+00
1.049400000005553002e+00
2.837359999999054594e+01
8.981699999993432826e+00
7.022400000009220378e+00
2.463349999999336148e+01
2.025539999998872887e+01
9.370399999996298135e+00
1.415100000006787040e+00
3.849999999918509164e-01
2.095099999996600459e+00
2.331000000001222539e+00
5.902199999996228463e+00
1.180799999999580940e+01
2.448000000003958121e+00
8.798399999986868281e+00
1.653959999998565777e+01
4.368149999998218647e+01
6.451500000004015689e+00
1.204279999999678807e+01
2.921600000006146836e+00
1.986400000003632149e+00
6.172199999996228925e+00
4.145400000010267760e+00
3.404799999985844039e+00
6.552599999982921197e+00
9.513999999995867540e+00
9.506250000000000000e+01
2.281400000000576611e+01
9.631999999959952596e-01
9.085000000000000853e+00
9.583999999985099549e+00
2.737440000001340934e+01
1.519400000009918594e+00
3.573380000000994272e+01
2.093799999991897476e+00
4.377800000004936187e+00
4.788000000007741619e+00
1.321259999999601753e+01
4.644000000020023222e+00
5.353599999998696291e+00
1.192799999999348159e+01
8.053800000003247916e+00
9.754100000001200144e+00
3.382299999978858995e+00
4.838789999998873270e+01
1.242600000000442328e+01
3.224999999983992893e+00
1.365749999999388820e+01
3.189200000001583657e+00
7.995000000002619345e+00
6.030000000006111804e+00
2.296200000011012765e+00
8.133999999996740726e+00
1.844640000000130442e+01
8.180999999976483750e+00
3.509800000001269016e+00
1.385420000000740437e+01
1.372820000000676366e+01
4.686000000024796441e-01
3.209199999992561114e+00
5.896799999983049823e+00
3.049800000002724332e+00
3.396800000017974330e+00
1.392530000000610002e+01
7.104999999864958227e-01
1.141000000000349246e+01
3.959700000002340126e+00
3.982399999992921824e+00
3.342540000001841349e+01
6.112499999995634425e+00
9.103100000000850400e+00
3.403999999939696930e-01
2.074799999999668287e+01
4.265170000003854511e+01
4.094499999997787576e+00
2.770500000000174623e+01
1.847999999928288117e-01
2.746199999987147589e+00
1.298849999999511162e+01
8.272000000043772117e-01
1.448920000001205999e+01
8.409600000008941478e+00
2.249999999912688509e-01
2.199999999967985898e-01
7.435999999993947007e+00
5.610800000007730048e+00
4.502399999988265122e+00
1.860749999999825377e+01
3.256799999999348216e+01
6.090299999997660585e+00
1.160640000000974403e+01
2.170919999998528738e+01
1.781040000001288703e+01
1.238159999999014005e+01
6.237000000004481848e+00
2.557499999999999929e+01
3.628799999984912539e+00
1.437450000000244543e+01
6.616920000000624213e+01
1.608180000000342247e+01
4.001799999998911517e+01
3.278100000015401694e+00
5.692799999993294335e+00
1.332499999992432960e+00
2.225000000000000089e+00
1.301119999999646026e+01
4.820089999995543195e+01
3.501699999986449097e+00
1.084889999999824681e+02
1.854369999999587648e+01
4.866400000001304349e+00
3.367399999998684024e+01
3.113700000000564572e+01
1.031700000002107132e+01
1.209569999999919609e+01
1.530000000115251113e-01
3.292919999998994740e+01
7.175699999994540335e+00
1.418880000002682173e+01
1.601599999993341017e+00
4.761000000016064604e+00
3.450600000007543855e+00
9.309000000018567533e+00
2.351519999999116095e+01
3.399720000001718034e+01
1.429559999998309650e+01
2.754400000004098015e+00
3.048359999998443470e+01
5.303999999945517851e-01
1.498650000001129179e+01
1.043899999999848660e+01
5.405999999988125637e+00
2.184000000066589620e-01
2.380000000001018634e+01
1.372989999998681121e+01
2.210000000079162252e-01
7.295599999993574336e+00
9.059700000001175368e+00
6.804000000050292041e-01
2.397000000005937159e-01
1.603999999999068748e+01
3.572799999997950948e+00
3.841620000001100976e+01
3.840599999990955027e+00
3.240000000005238689e+00
1.623420000000303887e+01
6.873000000009197308e+00
5.467200000000594251e+00
2.582999999995226670e+00
3.772160000000149438e+01
2.841699999996344594e+00
8.649999999994179234e+00
4.291999999945982913e-01
2.964599999998114299e+01
1.157719999999040716e+01
5.674500000006810652e+00
2.862850000000180373e+01
1.062000000000000099e+01
5.620199999992910200e+00
1.678750000000000142e+01
4.059000000005762665e+00
1.309160000000963997e+01
2.357339999999647162e+01
4.017999999993480564e+00
4.581999999898835330e-01
1.937199999997974231e+01
5.700000000055297500e-01
1.297400000000605402e+01
6.714399999994784984e+00
9.105200000004842309e+00
2.769399999987217420e+00
3.665200000007171166e+00
1.889999999926658403e-01
6.075999999995110201e+00
4.104000000050291308e-01
1.863900000010616953e+00
1.911600000028847779e+00
4.665199999985052415e+00
8.493999999971128645e+00
2.329600000008940963e+00
4.978400000015971827e+00
1.571359999996144374e+01
1.318399999998509875e+00
4.475899999998335232e+01
1.552320000001229339e+01
2.697999999991152364e+00
1.927199999989243295e+00
1.313700000001350254e+01
1.955759999998379328e+01
6.981000000009080608e+00
1.253751000000030018e+02
1.102119999999587918e+01
2.687999999895692160e-01
8.448000000184402447e-01
2.802600000002014013e+01
3.238200000008800927e+00
5.297599999977974150e+00
4.784999999974388629e+00
1.224300000019720835e+00
7.616700000002166071e+00
1.244230000001029168e+01
8.870399999963119342e+00
3.342799999988637971e+00
1.503900000001886106e+01
8.891999999986728298e+00
5.930070000000414865e+01
4.149999999999999467e+00
1.311929999997897589e+01
1.920599999983096495e+00
1.017479999996023210e+01
2.468130000001285040e+01
2.016000000000349246e+01
3.351600000002653790e+00
2.899799999997485500e+00
1.195269999999378285e+01
2.948400000021793144e+00
3.300200000001350276e+00
9.691980000003414375e+01
4.819200000017881180e+00
2.983419999999110317e+01
2.317699999998207261e+01
1.073879999998141876e+01
1.408980000002891586e+01
9.349999999743886514e-01
1.228000000002793968e+01
7.191000000017811367e+00
2.766099999987054581e+00
3.571199999973178052e+00
2.057439999999478530e+01
2.066400000001885928e+01
7.045999999993946439e+00
8.703999999910593255e-01
2.674169999997597102e+01
4.194300000008661655e+00
6.092950000005425437e+01
2.152080000002053595e+01
2.009920000002253815e+01
6.487799999997952227e+01
1.162779999999562186e+01
5.099999998812564106e-02
1.440999999997439041e+01
4.463100000009289303e+00
1.722049999997834746e+01
1.460500000021420330e+00
1.689599999998463176e+01
3.871999999988475327e+00
1.756079999994952345e+01
3.402000000025145798e+00
1.558790000000677445e+01
2.235899999988032238e+00
5.942680000002030738e+01
2.312339999998337703e+01
1.117770000000775354e+01
2.552999999793246766e-01
7.761600000041070757e+00
9.666000000012573423e+00
6.079999999981374081e+00
1.497390000005951016e+01
2.079000000000000270e+01
4.665500000050523788e+00
1.589450000001932395e+01
5.047799999995622677e+00
5.761799999987706755e+00
1.455999999993946359e+00
1.839999999973224387e+00
5.186099999987636266e+00
1.170949999998847524e+01
4.933599999998696362e+00
1.196209999999147833e+01
4.504499999969266533e+00
3.029759999999776454e+01
3.583999999985099105e+00
7.511199999978997788e+00
1.311299999997834753e+01
5.592600000032689422e+00
5.840600000009872339e+00
6.790500000037718920e+00
6.444800000017276709e+00
6.061000000010245081e+00
1.661672999999782689e+02
3.650400000009685897e+00
3.301999999987892842e+00
2.669999999999999929e+00
6.944849999997589407e+01
7.353099999970872602e+00
8.790599999972618761e+00
1.560899999996996534e+01
6.381299999985494686e+00
5.329999999969731839e+00
3.298180000000516543e+01
6.160000000032596068e-01
4.800000000046566129e+00
1.277099999979254719e+00
8.132899999992222462e+00
7.749999998195562789e-02
8.283399999984538908e+00
3.680600000021513551e+00
1.943399999996181515e+00
1.028599999987054536e+00
2.072550000007846549e+01
9.659600000010104992e+00
1.853499999997439085e+00
2.709450000005191939e+01
1.667199999997392368e+01
3.379199999996926884e+00
1.067199999997857951e+01
1.127759999999310736e+01
1.452000000014086245e+00
4.772200000022421840e+00
6.769700000034063692e+00
2.373799999988404963e+00
2.886000000103376983e-01
7.499999999708961695e-02
3.758260000006761459e+01
6.210900000028778400e+00
6.583499999993364327e+00
4.260200000019394473e+00
2.336399999978020503e+00
1.003520000003278234e+01
2.513599999998696433e+01
1.371240000001271220e+01
8.839999999984867074e+00
4.047000000008265097e+00
5.063500000015483060e+00
2.436000000003259558e+01
1.362999999999999901e+01
5.695199999981559458e+00
1.220799999996088570e+00
1.514200000002630908e+01
5.079599999996134763e+00
9.180900000025866703e+00
7.637200000011361567e+00
1.922799999999115172e+01
3.278719999989494482e+01
2.975999999884516023e-01
6.317600000022212114e+00
2.872800000000279397e+01
2.664000000001396806e+00
3.175799999993760281e+00
5.961600000020116141e+00
1.343000000009196837e+00
1.287419999997597131e+01
1.471359999997541301e+01
1.754060000003432052e+01
2.225000000000000089e+00
7.102499999979045242e+00
3.876000000007916668e+00
2.559999998658895465e-02
3.792000000039115193e+00
4.844099999987520278e+00
1.556640000005252489e+01
2.311999999778345527e-01
8.827599999983794632e+00
6.850200000005425061e+00
1.709999999933643211e-01
1.074469999997410774e+01
2.246400000005960518e+00
1.808799999982584339e+00
7.067999999978346715e+00
1.419679999999469189e+01
1.189999999999999947e+00
1.208399999997345553e+01
4.900000000081490281e-01
6.388200000016950320e+00
3.004559999995515795e+01
3.490500000002793968e+01
4.288399999985122335e+00
2.659799999980023255e+00
6.160800000037998103e+00
1.379700000010197991e+00
4.175999999837949894e-01
5.066100000019068794e+00
8.020599999997065765e+01
7.950000000000000400e-01
4.271399999986170037e+00
3.340479999996721716e+01
3.258900000018183807e+00
1.836190000002912726e+01
1.958879999995697219e+01
2.837100000002246603e+01
3.437399999995250255e+00
2.996499999990919871e+00
2.083400000000256114e+01
1.809599999990314290e+00
2.020380000000703191e+01
8.425699999979697097e+00
1.705439999994647238e+01
5.670000000146683261e-01
8.234300000001560704e+01
2.502600000004516900e+01
1.998200000002398369e+01
2.931899999995948747e+00
1.023600000003352761e+01
4.452000000234693222e-01
3.744399999995716399e+01
1.619999999995343387e+00
4.291630000001809009e+01
8.075400000012013635e+00
6.689800000046379758e+00
1.077269999997224659e+01
8.882999999838648852e-01
2.359419999998761597e+01
4.834499999988474350e+00
3.259919999999343077e+01
1.401510000000649647e+01
1.244099999993923067e+00
4.022799999997368481e+00
5.130000000019208528e+00
4.485000000160652700e-01
3.511200000018579459e+00
6.895999999996274887e+00
2.399999999906867743e-01
2.031699999996926920e+01
1.825689999998896340e+01
8.879999999999999005e+00
2.037210000001243415e+01
1.049399999990128007e+00
4.326259999998146810e+01
1.164799999999813807e+01
2.013600000003352619e+01
5.244000000017695617e-01
8.856900000008172569e+00
6.991999999876133964e-01
7.207199999964796433e+00
1.726559999998658768e+01
2.003299999993760405e+00
6.664199999977718392e+00
1.788799999970942745e+00
2.558399999991525231e+00
2.569069999996805720e+01
3.495799999952432735e+00
1.381279999999096653e+01
2.062480000003240832e+01
1.354450000006123389e+01
7.923600000017322564e+00
1.738080000001005843e+01
1.440999999997438996e+00
5.744999999980791472e+00
7.830000000016298145e+00
1.179679999998130313e+01
1.618520000000600589e+01
8.126899999983143275e+00
1.397800000039278512e+00
2.336040000001026939e+01
1.085700000026263323e+00
1.883699999973760031e+00
1.697999999998137355e+01
1.689479999998584248e+01
5.478000000028988126e+00
1.705250000001105803e+01
1.629719999999623070e+01
1.033020000000251493e+01
2.152959999999729845e+01
1.490580000000423766e+01
3.079160000004107189e+01
1.623839999994903494e+01
1.285200000009499410e+00
6.712199999989243437e+00
1.231339999998919588e+01
3.569760000001872413e+01
5.916600000002653736e+00
3.337500000008731149e+00
3.156280000002123387e+01
2.346000000007916420e+00
1.312739999999874385e+01
7.563999999826773735e-01
4.122829999997571804e+01
7.226800000012152836e+00
1.244880000001634457e+01
9.352499999979045242e+00
7.925399999989313216e+00
3.223350000005448379e+01
7.956000000024214813e+00
1.071999999828403827e-01
3.034200000003329478e+01
1.049939999999070928e+01
3.744999999983701588e+00
7.149999999965075403e+00
1.799999999930150807e-01
4.986799999983049680e+00
3.493779999998979946e+01
5.016090000000259153e+01
2.046449999999022040e+01
3.887000000005354838e+00
6.426239999994635355e+01
7.512000000011175516e+00
8.299999998067504603e-02
3.363000000041210802e-01
7.254000000259839265e-01
5.111999999966937658e+00
1.249299999998183885e+01
3.385200000019977118e+00
2.436000000006751876e+00
1.633280000004917554e+01
8.573400000032270540e+00
6.352500000000000036e+00
4.243200000016949858e+00
5.050499999989406241e+00
3.880499999981839476e+00
2.048199999980279351e+00
1.043349999998463318e+01
4.695599999923724788e+00
2.038400000007823287e+00
9.747799999988638220e+00
8.499399999970338015e+00
3.513920000003883359e+01
7.734999999980209040e+00
3.115999999805353360e-01
4.673600000001606247e+01
9.906000000145286366e-01
6.739800000039394945e+00
1.320600000002887020e+00
1.503080000005429717e+01
2.715020000000600575e+01
1.817639999995473943e+01
1.758750000000873115e+01
1.434200000000826414e+01
3.346400000008288966e+00
3.636049999999232085e+01
3.765599999986589008e+00
4.630399999998510197e+01
6.332700000018812503e+00
2.923779999999504042e+01
5.789999999979045242e+00
9.040200000004261938e+00
1.427999999993480928e+00
1.587840000003576257e+01
1.929749999999999943e+01
1.152299999988754209e+00
1.651680000000866144e+01
3.947039999996312076e+01
1.505350000002770550e+01
1.218779999998863772e+01
1.239999999999999991e+00
2.590799999978626200e+00
6.731999999983235838e+00
3.263999999873340441e-01
6.570000000006984919e+00
5.011599999987520704e+00
7.429499999970430757e+00
1.047479999998176936e+01
4.670399999998044649e+01
2.482400000002700580e+01
3.770000000135041440e-01
3.140409999994328061e+01
2.021300000001908970e+01
6.292300000006216365e+00
9.704000000003725646e+00
1.297800000035203905e+00
6.004800000009709038e+00
7.034910000008821385e+01
1.239040000001434194e+01
7.991999999899417340e-01
1.594319999998668180e+01
1.546600000002654163e+01
2.559599999994971231e+00
1.801099999998696077e+01
1.815000000000000169e+00
3.013199999977369092e+00
3.695500000013271169e+00
2.754000000018859584e+00
2.308639999999780912e+01
5.621760000005364333e+01
1.058500000008498310e+00
2.278000000015599991e+00
1.343679999998304986e+01
1.046820000001869566e+01
1.626799999974900768e+00
1.898300000001908927e+01
3.343400000047986431e+00
2.863000000017927871e+00
9.398399999993854337e+00
4.320000000000000284e+00
6.172100000058999392e+00
3.026159999998868599e+01
5.110600000056438219e+00
1.825409999997355115e+01
2.469599999994970929e+01
6.827520000001183575e+01
8.507800000009593688e+00
3.212999999964377018e+00
3.619199999994598294e+00
1.131019999998272496e+01
3.490699999975040768e+00
1.875300000006565782e+01
8.660400000046937663e+00
7.091699999971315727e+00
3.944600000068312351e+00
5.395500000030733823e+00
7.137800000016577329e+00
3.162000000057742177e+00
1.502900000006193393e+00
3.697199999948498128e+00
1.751999999992549562e+01
2.125500000012107371e+00
1.789739999996963604e+01
1.098239999998360794e+01
2.378000000019091953e+00
1.066789999997010518e+01
3.127359999995678308e+01
8.328099999994737601e+00
3.923499999938067084e+00
3.748499999946216299e+00
6.581900000022724129e+00
1.723799999943003147e+00
2.730300000021233853e+00
5.496000000089407145e+00
4.910400000025983758e+00
2.696600000004516673e+01
9.085200000042094715e+00
5.900009999990113840e+01
2.264400000001187507e+01
2.732399999995715945e+01
9.311999999638647108e-01
5.900999999995110556e+01
4.242000000039115370e+00
1.335599999997066334e+01
1.014419999994570354e+01
3.725999999989289435e+00
2.177680000006221306e+01
1.146000000019557818e+00
1.538459999995306227e+01
7.834399999994785091e+00
1.009850000000442272e+01
2.538400000063702588e+00
1.219680000001564757e+01
9.758699999994131957e+00
7.398200000029754975e+00
2.428800000012852234e+00
7.254600000029896023e+00
1.410560000004246817e+01
1.496119999998947492e+01
1.142389999997685557e+01
8.851000000222121189e-01
3.520899999929825164e+00
2.143679999995976715e+01
3.580699999997159377e+00
6.784059999999240631e+01
2.817840000000549239e+01
1.128399999997578540e+01
7.951999999966937516e+00
9.039000000117811240e+00
1.192879999999655460e+01
7.426599999973549693e+00
6.977599999970989231e+00
5.359999997192062965e-02
5.950799999968148235e+00
1.019590000000665775e+01
8.491100000040606943e+00
7.474000000023515611e+00
2.172100000029895561e+00
1.161059999995864978e+01
3.189400000041350491e+00
9.848999999812805273e-01
3.275399999965447950e+00
6.874820000003673215e+01
8.618099999993573235e+00
1.911019999996060292e+01
1.368120000002905812e+01
1.485900000006659027e+01
3.225600000098347575e+00
1.197089999998686771e+01
2.805000000000000160e+00
2.305799999947193868e+00
3.224000000022352097e+00
6.844000000192317357e-01
1.986500000000000199e+01
3.077839999997057063e+01
3.855199999968753843e+00
2.363999999966472476e+00
7.552999999980674950e+00
9.540000002714806027e-02
4.029899999990593784e+00
5.469600000034552600e+00
1.330269999994896502e+01
1.128960000000894048e+01
2.310069999999715762e+01
9.236399999891872881e+00
9.976000000006751023e+00
5.501999999938998798e+00
5.528000000026077387e+00
1.144800000017275998e+00
9.234100000004982434e+00
1.714439999998547037e+01
1.064000000013038516e+00
3.241049999990499941e+01
1.244339999990654100e+01
1.430549999995389854e+01
8.248000000044703128e+00
2.168000000005122274e+01
2.248999999999999844e+01
1.068480000000447028e+01
5.421300000002374553e+00
1.424259999993955716e+01
8.155559999997960574e+01
1.421279999999329391e+01
6.398399999951943862e+00
6.524880000013858705e+01
3.879999999999999893e+00
7.090799999968147915e+00
1.197199999969452477e+00
5.239299999949289521e+00
4.727700000009499348e+01
5.179439999992958832e+01
7.879800000028916784e+00
3.156399999973364068e+00
1.063999999966472432e+00
3.855599999944679723e+00
1.934100000004400499e+01
4.721500000016530585e+00
1.017900000005029248e+01
2.231999999983236282e+00
9.132200000078883662e+00
1.761479999997652968e+01
6.443999999749939755e-01
2.570249999997322377e+01
9.616199999927776076e+00
2.253999999980441871e+00
5.503999999910592633e-01
1.307340000001131664e+01
2.420879999997560006e+01
8.417999999967868519e+00
7.629599999981000913e+00
5.170799999979790229e+00
4.465999999972991574e+00
2.454839999997988542e+01
1.642680000004358476e+01
2.946999999973922701e+00
9.265000000000000568e+00
1.246000000019557685e+00
4.476700000024866455e+00
1.195200000023469267e+00
9.009899999960325090e+00
4.139599999890196891e+00
1.048349999997299165e+01
1.218000000016763673e+00
1.422959999995306113e+01
8.315999999677297083e-01
7.551599999943282349e+00
7.217099999990779224e+01
1.627199999999720603e+01
7.397459999995305679e+01
2.159999998868443183e-01
5.133600000017322529e+00
2.486260000002803139e+01
3.500640000002459118e+01
2.976479999995557790e+01
1.004400000004330629e+01
3.656700000021373853e+00
8.606300000037299114e+00
2.888999999966472387e+00
2.442129999996162937e+01
6.241500000033993523e+00
5.706479999993462116e+01
6.109999999999999432e+00
6.291600000041071006e+00
6.132000000006518903e+00
3.423000000009778887e+00
2.412000000686384815e-01
5.764600000022910287e+00
8.543600000017322671e+00
6.963200000002980339e+00
9.154199999996926351e+00
2.836080000001937407e+01
1.904000000387895686e-01
5.465599999977275303e+00
3.380699999989010163e+00
1.656000000042840981e+00
1.409974999999103602e+02
3.119999999972060234e+00
1.595550000000512370e+01
1.871099999997066377e+01
9.360000000242144624e-01
3.253799999943002952e+00
3.704400000002933790e+00
5.642999999946914258e+00
3.130999999976483927e+00
1.940600000002887127e+00
1.822669999990728584e+01
2.381600000001490258e+01
1.002519999999669409e+01
1.015389999997801951e+01
1.988000000198371642e-01
1.783999999996740371e+01
5.000400000005029710e+00
2.925999999938067031e+00
2.997000000206753723e-01
3.128399999970570278e+00
7.917799999988637261e+00
7.550399999988730571e+00
1.620000000041909471e+00
1.384140000003855597e+01
2.870640000008046755e+01
5.431649999998044365e+01
1.226640000001061637e+01
3.598350000003468807e+01
2.602599999913945972e+00
5.544000000553205298e-01
4.895000000012806218e+00
1.164800000041723349e+00
5.228999999980442404e+00
1.026684000000636985e+02
4.143999999947846291e+00
9.520000000018626451e+00
1.651010000005480904e+01
2.587700000042095549e+00
1.864399999950546727e+00
3.477999999956227661e+00
6.075439999995753482e+01
2.761839999997057049e+01
2.331999999950640223e+00
8.279199999932899345e+00
2.599200000031851143e+00
7.520800000028685872e+00
4.576999999978578870e+00
1.522949999996693649e+01
1.149540000001899998e+01
2.259999999999999787e+00
9.286200000068639326e+00
1.073600000003352761e+01
5.022280000000959177e+01
6.096999999957625427e+00
1.451999999998952262e+01
1.176600000062026252e+00
8.436000000026542267e+00
2.593020000005140702e+01
1.448920000002486574e+01
1.174949999994132632e+01
3.793580000001471575e+01
1.235000000015133992e+00
1.644060000002151511e+01
9.606300000068731748e+00
8.072490000000573218e+01
7.563999999943189501e-01
5.356799999959767078e+00
4.463999999826773757e-01
4.430400000009686146e+00
1.163800000001792867e+01
5.847400000008056153e+00
1.269289999998873064e+01
5.215500000028405303e+00
4.502400000020862159e+00
4.443999999976949944e+00
5.269999999999999574e+00
7.948799999905750369e+00
4.334000000002561137e+00
4.368000000435859342e-01
1.321629999999306193e+01
3.503999999949010125e+00
1.317599999969825131e+00
1.030079999997164109e+01
1.601850000008242247e+01
8.346200000008101583e+00
1.913119999999180365e+01
3.964800000041723838e+00
4.755899999984539939e+00
4.095899999948451331e+00
8.442000000062398257e+00
3.367200000011361993e+00
6.394000000064260725e+00
7.841600000010802596e+00
1.011360000003129223e+01
2.816099999998114356e+01
3.972899999984074171e+00
1.932000000039115539e+00
1.747200000038137802e+00
7.798800000009360467e+00
3.177899999995017666e+01
2.027400000047637096e+00
5.819999999774153610e-01
2.514749999999185093e+01
9.587500000000000355e+00
3.087000000014668455e+00
3.815999999975320023e+00
2.048519999995594887e+01
7.071999999927356839e+00
7.308770000009796775e+01
1.740700000002398085e+01
3.486999999982072218e+00
5.104200000048148667e+00
1.261080000005196844e+01
6.596400000038555866e+00
4.736899999965681118e+00
2.687800000016577595e+00
5.135000000183936875e-01
3.287999999998137213e+01
1.705249999995576005e+01
1.543639999998966239e+01
9.270999999966006655e+00
2.499680000000633484e+01
2.291199999973177803e+00
1.074600000001955813e+01
1.633149999997927893e+01
2.126360000005923467e+01
9.290399999924702001e+00
2.225459999996353844e+01
3.683000000473111712e-01
3.751299999999464063e+01
3.389599999989615497e+01
2.455040000004694178e+01
1.136090000002877787e+01
4.423200000054203329e+00
3.257200000025332276e+00
2.850989999997894841e+01
2.186549999993993154e+01
1.815000000025611460e+00
3.134429999997373528e+01
3.375119999994523567e+01
1.057739999999525082e+01
8.936179999992484113e+01
1.982199999995064132e+00
7.661500000028173218e+00
8.841630000018514579e+01
3.319599999987985939e+00
1.119560000001452948e+01
5.269529999997001113e+01
1.099170000000274605e+01
4.165760000002570962e+01
1.215840000000316756e+01
5.628700000043027174e+00
6.696000000461935775e-01
6.415200000032782235e+00
4.429600000018254491e+00
3.165900000001420267e+02
4.108200000007636632e+00
3.916730000013019719e+01
6.918999999982770710e+00
2.918400000035763053e+00
4.732900000027147946e+00
1.699980000003240832e+01
5.399999998044222732e-02
6.787200000062585836e+00
5.947500000015134347e+00
2.249919999998528652e+01
1.195599999972619010e+00
2.856700000007404316e+00
2.262400000020861945e+00
1.956520000008400473e+01
1.399079999997513468e+01
1.273739999996032424e+01
1.204830000004148971e+01
3.144330000004498515e+01
5.658799999963957994e+00
4.945000000053550337e+00
7.355600000072735511e+00
8.313179999977816692e+01
9.464000000013038871e+00
3.061800000022631529e+00
2.560699999987846098e+01
2.232239999996032509e+01
3.673360000001267167e+01
3.781199999987147287e+00
1.754200000036507889e+00
9.861000000004423782e+00
6.867999999964376379e+00
2.478809999994817304e+01
4.676799999962095278e+00
8.612999999953899533e+00
8.488800000026822445e+00
5.909199999985285778e+00
1.797599999995436448e+01
9.599599999827333363e+00
1.971199999991804397e+00
6.583999999985099549e+00
1.434999999991850927e+01
9.477000000025146420e+00
4.876799999958603138e+00
1.250800000004936052e+01
1.576200000003445956e+00
8.772400000033668377e+00
8.236499999973457165e+00
4.510800000020535272e+00
8.735999999946216121e+00
6.350999999966006060e-01
7.369999999948777969e+00
3.951999999987892753e+00
1.046359999992418999e+01
3.809500000008847476e+00
3.200000000000000067e-01
1.603600000019650862e+00
1.012599999976810050e+00
3.178469999997178164e+01
4.650800000003074075e+01
7.265699999977369039e+00
3.581760000013746037e+01
4.179500000003027083e+01
5.459899999960325268e+00
1.705199999990872906e+00
1.741500000018859406e+00
1.703999999933875908e-01
3.090600000056438201e+00
1.938330000004149056e+01
1.935200000084005278e+00
1.186039999994449268e+01
1.747199999999720532e+01
3.014999999688007248e-01
4.475799999961163955e+00
1.815600000028498640e+00
4.067699999974575320e+00
7.486800000026123669e+00
1.713039999998174423e+01
1.138799999970942833e+00
1.078471999999368478e+02
1.102500000008149073e+01
2.668800000026822161e+00
7.956000000087078305e+00
6.582600000025704112e+00
6.072000000067054870e+00
2.987169999999226988e+01
1.047199999989243180e+00
8.466000000166241657e-01
4.922499999974388807e+00
6.156799999983050498e+00
5.588999999547377140e-01
4.079600000010104921e+00
1.548399999970570207e+00
1.973719999997876684e+01
1.396409999995026752e+01
1.203719999996479473e+01
3.317119999995920665e+01
1.144579999993671748e+01
2.030299999959534141e+00
1.561139999990933624e+01
1.157019999995361914e+01
7.982699999988544626e+00
2.130000000330619370e-01
5.085149999992572845e+01
1.574800000023096835e+00
1.050280000006197945e+01
7.185399999972433172e+00
4.442459999991115183e+01
2.020640000008861392e+01
1.017500000000000071e+01
1.875499999999999901e+01
8.781900000020396391e+00
2.003920000005513558e+01
7.807800000067800283e+00
7.708800000008195319e+00
2.319999999459832762e-01
1.496320000011474072e+01
1.378080000001005878e+01
9.790200000023469684e+00
2.475000000034924597e+00
1.462800000004935974e+01
1.084880000001983724e+01
1.341899999992456394e+01
2.774999999999999911e+00
1.678900000045541629e+00
1.020240000005811432e+01
6.745600000023841858e+00
2.582159999994328103e+01
1.032750000000000057e+01
5.952000000327826168e-01
1.326000000024214476e+00
1.990399999991059321e+00
1.849150000007939454e+01
2.555999999983468829e+00
6.771599999988684893e+00
2.656399999992572702e+01
1.030080000000540075e+01
3.854000000087544286e+00
3.674999999999999822e+00
3.640000003390014144e-02
3.743040000004693724e+01
6.013499999960185249e+00
4.237470000001834336e+01
6.742199999985750480e+00
1.140979999995441219e+01
1.776420000003883359e+01
1.812599999962840158e+00
9.751500000053782813e+00
1.469519999997457482e+01
7.144000000087543656e-01
5.150399999935179274e+00
8.038400000035762716e+00
2.364859999989159434e+01
9.587999999430030229e-01
4.872999999992316589e+00
3.464799999988638035e+01
1.805759999999078147e+01
2.165899999995832204e+01
1.489279999994672821e+01
3.220000000053550693e+00
1.575000000000000000e+01
1.639560000001452877e+01
7.492800000035203745e+00
2.985850000004866089e+01
2.770199999992037032e+00
6.193000000005122629e+00
2.263000000014435464e+00
8.836800000015646361e+00
6.919500000000698492e+01
1.523199999993667175e+00
1.094799999994458517e+01
6.131699999958510006e+00
1.044450000004609969e+01
6.049500000034459646e+00
3.031599999978207283e+00
1.774799999990500643e+00
7.826000000280327606e-01
5.661499999960651230e+00
9.746700000007404441e+00
1.436539999998989536e+01
1.294720000006258687e+01
2.076900000006426161e+00
2.085599999944679706e+00
5.633810000008438124e+01
9.725200000007636447e+01
1.561159999995958003e+01
1.150920000011566913e+01
2.353820000003324608e+01
3.926999999969266408e+00
3.571199999973178052e+00
3.408099999951664127e+00
2.529800000025425266e+00
1.203119999997317713e+01
4.856739999997894586e+01
2.048200000025099055e+00
4.495000000810250307e-01
3.162000000021653268e+00
2.070949999997741386e+01
3.165720000002999157e+01
2.969399999993154893e+01
3.234200000014388898e+00
1.416780000001424966e+01
1.267199999997392368e+01
1.573919999998994079e+01
4.012800000021234048e+00
1.006020000000251535e+01
7.343999999987427252e+00
5.936000000033527790e+00
7.312030000006197383e+01
3.436770000003046022e+01
2.706000000215135759e-01
7.430699999973876757e+00
8.332799999937416047e+00
1.628400000070687303e+00
1.974909999995026766e+01
2.213399999983375999e+00
3.536159999998519510e+01
4.048000000021420242e+00
5.112899999994551692e+00
1.085799999975133767e+00
8.234400000008754716e+00
9.159599999981001162e+00
9.863999999966471810e-01
1.018239999997196676e+01
5.510370000001159951e+01
2.896240000005345649e+01
2.181360000000568178e+01
2.198519999997690277e+01
2.655680000000400298e+01
2.397000000043771895e+00
1.259699999997625142e+01
1.306800000001676310e+01
9.575999999921767980e+00
6.936000000126660847e-01
7.711199999997624843e+00
1.647300000007962728e+00
3.128799999998882697e+01
8.019399999943562563e+00
1.813760000001522954e+01
7.130000000144355310e-01
2.722879999992903421e+01
3.532800000077113367e+00
2.485279999998630984e+01
3.977250000002095476e+01
1.767020000004442437e+01
4.895999999810010661e-01
1.697219999996479700e+01
3.688799999980256317e+00
1.657419999998528581e+01
4.038300000020536018e+00
6.874700000011362278e+00
1.938070000002277027e+01
3.140800000019371652e+00
1.041900000006426019e+00
2.592839999994845002e+01
2.391200000025564876e+00
3.402810000000754798e+01
3.645000000251457095e-01
6.039799999981187106e+00
2.324000000231899177e-01
4.134000000217929460e-01
1.028019999999087197e+01
2.129279999993741512e+01
8.685600000070406779e+00
1.778400000003632186e+01
1.359519999996758877e+01
2.047469999997410639e+01
1.079689999994356242e+01
1.931999999994877726e+01
1.393239999990910327e+01
2.300099999965168784e+00
1.354189999993774052e+01
9.766199999931268749e+00
9.407999999634922839e-01
4.205249999999999488e+01
1.310399999963119511e+00
8.857200000011362206e+00
9.529399999990127768e+00
6.652800000010756776e+00
1.702350000005448294e+01
2.310750000000000171e+01
4.335400000027147982e+00
2.550960000003687966e+01
1.493799999997718153e+01
4.192299999957904255e+00
1.856739999999408752e+01
3.375600000004051360e+00
3.805200000023469364e+00
6.817999999993480387e+00
1.343319999994709946e+01
7.221599999994504415e+00
8.759999999962747808e+00
2.437749999988591298e+01
7.649999999208375590e-01
1.785000000277068288e-01
1.092440000006929068e+01
1.518479999997652996e+01
1.280430000004009372e+01
1.498000000149477262e-01
4.200900000012479651e+00
4.978600000017322280e+00
2.504970000003813624e+01
1.491750000004540233e+01
5.446299999965122041e+00
1.826120000014547173e+01
2.090879999998491456e+01
1.498359999994747227e+01
1.232000000006519258e+01
7.259199999980628704e+00
1.716000000084750399e+00
7.297880000008269974e+01
1.876799999997019697e+01
2.824999999999999734e-01
6.140000000013969839e+00
4.004400000009918692e+00
1.971970000003813794e+01
1.638359999998472460e+01
4.274999999615829438e-01
1.177770000000600703e+01
6.523199999922653980e+00
8.909000000054947410e-01
1.323200000002980303e+01
6.709999999857972908e-01
3.765500000043539242e+00
3.358799999984912965e+00
5.263999999947846398e+00
2.456549999997601930e+01
2.433759999996051349e+01
1.966560000002850117e+01
1.812879999994300562e+01
7.469999999622815023e-01
8.632800000049174471e+00
4.358400000035763000e+00
1.787600000015227231e+00
1.357489999998593788e+01
2.626000000024214298e+00
1.260000000000000231e+00
1.501920000005280542e+01
1.119419999995851001e+01
1.232399999967310533e+00
2.622720000006258445e+01
5.319199999982957117e+00
5.650199999993200883e+00
2.447999999984167729e+00
1.564000000031665172e+00
2.489999999990686774e+00
1.175520000001299259e+01
2.725999999972991361e+00
1.057769999997108101e+01
1.055340000002179224e+01
5.675999999999999801e+01
4.117200000010197591e+00
1.924399999971501574e+00
7.589899999960325161e+00
2.793960000000544497e+01
6.630400000065565180e+00
9.777400000023188653e+00
1.908079999999143439e+01
1.319219999996479586e+01
9.271400000021094101e+00
1.943399999970570224e+00
2.004750000003841492e+01
4.472000000003027331e+00
3.406900000002933382e+01
6.224999999685678631e-01
1.120220000004046668e+01
1.004159999996423736e+01
8.750200000037439807e+00
3.584000000357627780e-01
4.674599999953061413e+00
1.269019999998505277e+01
4.222600000028032596e+00
1.260000000038417056e+00
2.640959999995306262e+01
2.215200000079348364e+00
5.758399999965913452e+00
1.608840000009164228e+01
1.446240000004880244e+01
4.100800000028685055e+00
3.837499999935971573e+00
1.088639999996870777e+01
4.503400000049732732e+00
2.670199999911710531e+00
4.217760000000940579e+01
2.367000000004190863e+00
1.944839999997522639e+01
8.024000000604427640e-01
3.949399999970337305e+00
5.576000000420026081e-01
4.717000000248663394e-01
4.212900000056252203e+00
1.648499999995110699e+01
9.999999997671693563e-02
2.025400000006193224e+01
2.229180000002961748e+01
8.539999999967402999e+00
1.375440000005532148e+01
2.080800000037998032e+00
1.027500000000000080e+00
2.069999999999999929e+01
5.028199999991338487e+00
5.269999999494757725e-01
2.547599999990780262e+01
4.337890000002691693e+01
7.425600000014529023e+00
3.157320000003091920e+01
3.052800000049173512e+00
8.903900000150315464e+00
7.591899999988964254e+00
8.841600000020116923e+00
1.029600000036880347e+00
1.476199999998207346e+01
