4.742708152002255130e-12
5.572031217632400368e-12
1.398452979415986968e-11
4.772497387799991324e-12
3.258234685607936048e-12
7.675280202570813226e-12
5.524439230040538348e-12
6.737341780092664529e-12
3.416214893915517547e-12
1.200073606430130873e-11
3.564706393053983457e-12
7.621031602932870246e-12
1.355700505949664996e-11
1.114334908209609010e-11
1.161873704755804706e-11
1.040162986141074318e-11
6.098300038969057417e-12
6.303776615992334825e-13
6.494024056141000727e-12
5.038192779897363962e-12
6.032460864446957806e-12
3.510323505000181930e-12
6.839262697198294054e-12
7.930894122039999108e-12
5.523988366742356963e-12
5.757175847457630033e-12
4.139253258628136001e-12
5.302602082317040204e-12
7.062441620175331019e-12
6.842340572926460590e-12
9.600470923723413852e-12
4.207710815068546572e-12
1.622100740628732055e-12
2.309246926931727973e-12
6.360610247451339846e-12
7.821763011908654424e-12
1.391799862976052851e-12
nan
9.099953507278364042e-12
3.593805073354690098e-12
9.989488692771433149e-12
nan
4.329385471239159738e-12
1.929110547988304789e-12
7.416883194582987258e-12
nan
1.169166785158022392e-12
3.758493596857086601e-12
9.103966607403016154e-12
nan
5.002955322674988812e-12
7.101046563044428988e-12
nan
6.569041667498929714e-12
4.321465530744788342e-12
6.109699212575716972e-12
5.446323147067416084e-12
4.863426710473661276e-12
1.245004418139389300e-11
4.736379171688598086e-12
1.402915075031372428e-11
6.209168372487818712e-12
8.456426334193770049e-12
6.193469814736013948e-12
7.702139893822070004e-12
9.999072507640676560e-13
7.464395379986219829e-12
5.304272167180141066e-12
5.717430044513790253e-12
7.028290093165669586e-12
3.132018707099362298e-12
6.325143628509836713e-12
4.011837427060803494e-12
4.375934536611073777e-12
1.789916222336909136e-12
7.326823064675870961e-12
2.408528984742944271e-12
4.141079194575164461e-12
2.258482452712932776e-12
8.851488648390943381e-12
1.470958226885529540e-12
3.929766670861584522e-12
nan
4.766940250415641723e-12
6.887080852127959950e-12
5.600717288114984187e-12
5.636615115125760327e-12
nan
8.119618091298313001e-12
6.223290986366383701e-12
2.321029681666471579e-12
2.313674995197553178e-12
3.613421964749064592e-12
8.250482033044291226e-12
nan
6.080323938641711130e-12
5.712554591962696507e-12
7.774603364515501832e-12
4.466032163923922904e-12
2.518561578299619247e-12
5.320835342607015029e-12
4.164166646563124030e-12
nan
1.444785559374026434e-11
nan
5.872860398259406718e-12
3.891860319608102467e-12
1.496947267098059810e-11
5.707560295928298894e-12
1.364515147502269124e-12
3.785176842501271737e-12
5.420458363423059218e-12
1.989238156214509650e-12
2.456069027081712595e-12
1.798300288118487837e-12
4.776630784488758905e-12
6.600706283817121635e-12
4.343282536038695680e-12
4.260742748468745555e-12
5.916495205198276951e-12
3.987252206025391242e-12
nan
2.187851805597358783e-12
4.762630418726848548e-12
6.005425522801786536e-12
1.601478838327783927e-12
5.275303990800374538e-12
2.284718232463560364e-12
6.014929893796800164e-12
9.674526728920868923e-12
4.261533878005467994e-12
3.970145510778111914e-12
5.108925358079986519e-12
5.364327265526458031e-12
nan
1.421427333429023356e-12
5.073427331845322852e-12
nan
3.551540576425447028e-12
2.379994975065185188e-12
3.025459905957094922e-12
5.144799107757428158e-12
6.124667917716419047e-12
4.527019429761563719e-12
1.060846833871396932e-11
5.221859388032298172e-12
3.703892040146426083e-12
8.050094514940507401e-12
2.374045678854151830e-12
6.357595044800470969e-12
8.320374267243306527e-12
5.233956879848671691e-12
nan
1.103331170397996835e-11
7.726344510928285501e-12
1.101308522780476019e-11
2.351377667555487067e-12
9.020449535938823958e-12
7.266051233624576466e-12
2.455932005233181532e-12
3.888845125584728187e-12
4.340878659859787324e-12
8.591800783740539093e-12
nan
8.314992121352828513e-12
5.138217800142801579e-12
3.804507912321080105e-12
nan
nan
4.770688357008276428e-12
2.525952738499054972e-12
6.042735175157236008e-12
1.706385682019544716e-11
4.829824410957881121e-12
4.271280988522083546e-12
1.087870771919546048e-11
8.144676043397937234e-12
9.480008146183982235e-12
3.723715405016925924e-12
6.358331471357930299e-12
nan
nan
nan
8.759662022362840180e-12
2.804719705860431274e-12
1.865712933095875680e-11
3.668179319863420281e-12
3.376771709077605383e-12
9.614172994988240030e-12
1.571693793747280673e-12
7.807418694641899943e-12
1.112769594103263759e-11
4.235846642619853029e-12
4.873075088577109583e-12
3.516209326028484014e-12
5.869720171218367584e-12
7.548717622325865243e-12
1.023809067895114980e-11
5.092793571872855605e-12
1.743709466044054468e-12
2.168513169267023858e-12
1.260366272506940925e-12
3.281443352300687880e-12
4.586524932002931407e-12
8.395863544063098321e-12
4.308553633290070667e-12
4.795539515107558142e-12
5.195225960141619579e-12
5.783292530163666827e-12
2.565227217829426916e-12
6.631883501510154534e-12
5.141505480351052570e-12
7.375741975495836376e-12
nan
4.350448542720796349e-12
6.286892142334968125e-12
5.776009612512844646e-12
nan
nan
6.294744192878723241e-12
nan
6.518560907014653313e-12
4.445549528354306548e-12
1.083639546655672996e-12
7.417252469630991919e-12
7.010059466174152319e-12
4.990169113793168270e-12
6.260138668568457140e-12
7.671318036649776015e-12
3.937720165901896591e-12
1.478691867606534381e-12
nan
2.095178863135498181e-12
2.332577587036863235e-12
3.676815972741504685e-12
5.925276737122262103e-12
2.316285569046696605e-12
7.347007818342939055e-12
9.040255080617548004e-12
9.485192947709565947e-12
4.377621811638952154e-12
6.011694554523439205e-12
2.743429580627975643e-12
2.232668945585105453e-12
3.751281756708563153e-12
3.721668456331220767e-12
3.122625849077804306e-12
5.557828610629256288e-12
4.860623678639443278e-12
1.687993045873063389e-11
4.106129856541507769e-12
9.691867587022514233e-13
7.362686695437035175e-12
7.668919864990423450e-12
9.018129664080813915e-12
1.569273765473656936e-12
7.721392085337260025e-12
2.051890330743652418e-12
3.338066312494745328e-12
4.158019361312661519e-12
7.127744062224181312e-12
4.042850358074336631e-12
4.546227199544477640e-12
6.867814682396677177e-12
5.457324605386684002e-12
6.093438942945645948e-12
3.126680891543804366e-12
7.673635271060428038e-12
5.209330783960805188e-12
3.038900362924719797e-12
5.156951477798716525e-12
2.864830237720501146e-12
4.833004499361222977e-12
4.396483843311616349e-12
2.264390913357328609e-12
4.644292594515155271e-12
4.163816454803227279e-12
6.802447112750881606e-12
3.214516333572831426e-12
6.835342947146504687e-12
5.631003095789544770e-12
nan
2.883232579173233926e-12
5.062786507153757707e-12
2.814291061856879114e-12
3.191409103622695568e-12
7.802119635321270155e-12
nan
6.284072939391953488e-12
3.413878068452277872e-12
3.630615851507525519e-12
1.299064125032254913e-11
4.400102600022202295e-12
4.881853981452918471e-12
nan
6.253898808492110367e-12
1.590227903629742703e-11
3.658497416740325661e-12
9.334634931597832678e-12
nan
2.620521847839977858e-12
6.745579985231273814e-12
nan
8.532487594452419472e-12
6.421683731076073654e-12
nan
nan
3.823009520189160383e-12
4.858504655094658107e-12
3.828169705055057095e-12
5.192329001904550017e-12
5.475866074390210295e-12
4.229905357722383553e-12
6.012307925305427423e-12
9.535097924355594038e-12
7.753557713519770539e-12
5.250346728379079116e-12
4.462322265762019872e-12
4.499915090531386387e-12
3.341484970290591837e-12
6.814348793248399221e-12
1.471239974160588186e-11
6.423891783762120482e-12
5.750291518686555889e-12
3.023853316372053226e-12
4.640589699603584949e-12
1.406875955531683351e-12
2.234878246519831912e-12
5.197634915515430323e-12
1.663027940041811855e-11
3.189505579875250340e-12
1.255895635656790610e-11
4.327710286302610533e-12
3.527623005168360563e-12
1.299121010176092454e-11
6.377835062168721628e-12
8.244992124214961175e-12
4.846363527724018824e-12
nan
6.993696384238530961e-12
4.395157558484860290e-12
9.529052239900299769e-12
1.678075980518023471e-12
4.147435259735954615e-12
2.968298693763443742e-12
7.182767466790729471e-12
4.879771755409256453e-12
7.773856955116534982e-12
7.899178417949427268e-12
2.631243346345733269e-12
1.121337473788556898e-11
nan
6.350045922818795870e-12
4.631260832757457577e-12
4.506007402570562118e-12
nan
7.873362270384287741e-12
6.674338723866209307e-12
nan
5.219599404156625139e-12
5.932575739063612195e-12
nan
nan
5.461829263520809075e-12
3.245847199637332543e-12
5.804121864228022684e-12
3.514593003905657245e-12
3.026825307836901430e-12
5.833979411501349260e-12
4.792559505078835285e-12
3.526652926921848125e-12
2.497519591576577298e-12
8.040617343880464320e-12
2.683948009943541118e-12
5.811052462685203003e-12
nan
9.822840225912440300e-12
6.471902377050718141e-12
4.001069559071004140e-12
9.577778783521671729e-12
8.308975724612351942e-12
4.627795607759386331e-12
5.409543012427826586e-12
3.634868066789339344e-12
6.061525396159398489e-12
6.625369982526949428e-12
3.463439102479718969e-12
nan
9.036228191899165735e-12
nan
3.935902708751060117e-12
3.926499440281160104e-12
3.903902646880816486e-12
2.624617330070741403e-12
3.270959799437670174e-12
nan
4.247289972275442510e-12
nan
1.881468898127633699e-12
1.952396003992995247e-12
4.046634972022136202e-12
6.370276769516116010e-12
2.232385291427473792e-12
4.218467379156396782e-12
9.699982688683008397e-12
1.373381760355372863e-12
8.966283626058288849e-12
4.718318437444620843e-12
2.531796530874527849e-12
1.967610909181916490e-12
4.267460464398444875e-12
5.837501063923216673e-12
4.761838884712463129e-12
8.095134094300349556e-12
4.316929236501941390e-12
nan
7.329070673635368253e-13
1.034030170419910771e-11
2.907403154725732632e-12
4.322506492900272780e-12
4.136593406023500333e-12
1.280403856081792824e-12
5.371161159393249540e-12
9.711127706846878797e-12
7.061503048708601725e-12
3.098680485866120945e-12
8.055613009307016157e-12
5.699908511450009367e-12
5.971105324922455571e-12
3.588312428205650688e-12
7.630043915685885631e-12
1.963413826149458942e-12
8.369520654751369501e-12
4.878936468386612035e-12
9.292585616353195086e-12
2.944487725313385541e-12
2.635501691696797362e-12
5.889880300939556525e-12
2.765109363818957414e-12
2.906552215085966155e-12
1.000511300664001231e-11
3.747293384446484798e-12
1.121114320068341765e-11
9.511092773357742353e-12
6.593067581443463241e-12
8.049007577990655818e-12
nan
6.391831238367378991e-12
5.013300391434573316e-12
2.636038706504639559e-12
3.309484747118017590e-12
7.207425484283454002e-12
5.980396232507265951e-12
3.781010118056344967e-12
7.826800381589418246e-13
8.092182659004259485e-12
3.698753781123573974e-12
1.331089253283349359e-11
9.170305404105020407e-12
5.882958792649028781e-12
7.101944516854592278e-12
6.069116329059274343e-12
nan
7.055023439227505648e-12
3.448827443302090883e-12
9.260348144962422773e-12
1.498053541907451439e-12
9.527697155663025749e-12
3.250231887497814367e-12
1.203107261757134845e-11
3.161550709950132560e-12
6.354652490628132535e-12
2.198377629175766879e-12
1.268309154921462383e-11
6.680125849247890631e-12
6.639186934185027202e-12
nan
6.360852370833343086e-12
6.206651974411602300e-12
4.570292006416928575e-12
1.019474287833924037e-11
6.991202075214248588e-12
4.123565674740595166e-12
5.637882693475729390e-12
4.234499912344992221e-12
4.064749932388305721e-12
1.528832788070715902e-12
1.894738304541459348e-12
4.022039367016132435e-12
4.094878562769899577e-12
3.517166208938670284e-12
4.436698479590227365e-12
3.961552448963954282e-12
6.326640884697881143e-12
3.210881819177073781e-12
4.978817834178560403e-12
9.053504337449090653e-12
4.713984885547071878e-12
4.794203298694109000e-12
5.606293450848624207e-12
