1.071009939735593974e+01
1.279735337949734131e+01
5.744912349144816233e+01
1.434581387036548428e+01
6.530118899431618829e+00
2.190955692612129369e+01
1.728833478793023204e+01
2.131740607812553634e+01
6.939894962704864945e+00
4.726427065631914815e+01
6.466825743736234422e+00
2.630574742019974721e+01
5.130627993418607957e+01
4.314924720892448562e+01
4.265762753941005059e+01
3.990191031041764802e+01
1.532749327128829364e+01
1.217553445646361476e+00
2.006992379826232664e+01
1.540171384110910147e+01
1.569826012011035488e+01
6.427292350176830205e+00
2.005177240654543169e+01
2.774283704934990524e+01
1.729019257871124182e+01
1.357338824354863149e+01
1.040063327133496429e+01
1.638467922269692423e+01
1.853844798781058145e+01
2.280704654492637928e+01
2.968785749330865542e+01
8.807412304168858341e+00
2.718326240344904665e+00
4.352181602046574227e+00
1.937872621854846145e+01
2.648967858510117424e+01
2.324805863609121115e+00
2.181255251715918941e-03
3.220304084510704712e+01
6.845540180196450386e+00
3.068026424985422551e+01
3.780455325917097403e-03
1.274860895662892979e+01
3.491611069075387874e+00
2.404204280572668395e+01
7.413706173116985966e-04
1.953268614962884397e+00
8.155911088236718953e+00
2.911441029561893146e+01
7.351212726180576806e-02
1.097253072063106494e+01
2.396255141075998196e+01
4.725146435203002315e-02
2.133067324074682958e+01
9.029974333716275225e+00
1.474778677565954865e+01
1.328666187650236630e+01
1.355733927078024159e+01
5.007828048979146729e+01
1.160697869238719271e+01
5.057712051560459088e+01
1.593333972406150068e+01
2.534994010712854262e+01
1.999877231182029647e+01
2.221185212780109453e+01
1.705830446897456332e+00
2.311916067326439617e+01
1.632602918488000654e+01
1.454883644529314246e+01
2.013774400309565493e+01
6.124132740473866576e+00
1.603604473386559448e+01
1.179077054873060604e+01
1.147474017668018575e+01
3.317614984626765740e+00
2.089540734694055857e+01
4.529888937867013965e+00
9.370572546706547712e+00
4.121860972558296865e+00
3.106348841493144519e+01
2.458606458704092113e+00
1.044392250811895551e+01
5.326102963771421270e-03
1.144865608551021552e+01
2.302552770363005052e+01
1.503694127379921497e+01
1.432146686830431115e+01
4.952272207337672735e-06
2.457010988741256341e+01
1.745874008975547298e+01
4.238778247939373856e+00
4.319088964917408902e+00
6.558584257134391748e+00
2.467006511748749631e+01
1.572044725426734180e-02
1.473547313611699572e+01
1.397831758358644905e+01
2.699763432994482315e+01
1.048259694613680537e+01
4.757890310303703352e+00
1.323189857426601534e+01
1.217035798430764970e+01
1.421362691335954082e-02
6.010988338237412165e+01
4.952272207337672735e-06
1.419430919742601027e+01
7.222008768472155893e+00
5.951989794422664204e+01
1.335813436314653835e+01
2.209286879803639358e+00
7.641837561511822585e+00
1.688846078924985861e+01
3.568602499769944814e+00
4.609100530052629985e+00
3.142058930673207406e+00
1.439718178507489554e+01
1.643487968414114420e+01
9.936491717141876734e+00
8.904226760867182122e+00
1.492919502205411852e+01
1.113778481174119861e+01
7.895767494071116201e-04
3.991672305795813891e+00
1.314571121247213803e+01
1.639932221439605797e+01
2.673384556412658597e+00
1.274828901926019142e+01
4.169112428009285942e+00
1.569399566613916264e+01
3.565595288643600469e+01
1.104412838436054756e+01
9.746583886904618410e+00
1.170064659518202710e+01
1.300521494894412911e+01
1.544926007270204793e-01
2.399746470691749067e+00
1.543524509363228603e+01
8.430734959111682060e-04
6.241124671370854138e+00
4.391690924778132832e+00
5.719183951789256426e+00
1.257273239420832134e+01
1.623239986480630392e+01
9.566770826361056024e+00
3.596198502380603657e+01
1.253149035060496885e+01
7.203007564720675049e+00
2.344489649908150852e+01
4.457354853739879275e+00
1.913761461845006195e+01
2.796728324658886322e+01
1.389138708181912918e+01
6.793102107707735607e-03
3.790415566182802820e+01
2.678541282932946288e+01
3.603763570356309032e+01
4.636970243459132668e+00
3.293841275073390307e+01
2.023913129113026699e+01
4.570976837415594574e+00
8.138759882034122484e+00
9.536847193187529825e+00
2.900782214208324206e+01
1.056167330848338743e-03
2.795773627477208123e+01
1.578990039527860567e+01
8.503112464144741978e+00
2.755799415451085609e-03
4.952272207337672735e-06
1.429728342044465883e+01
4.703547626018545813e+00
1.936459171367342336e+01
7.717303004790973375e+01
1.023217982039240859e+01
1.251687947821464242e+01
4.258957121141639135e+01
2.873516113949560946e+01
3.475997425089259707e+01
7.560364624859490235e+00
1.567406207587277223e+01
5.646035518378917685e-03
7.950474552265209276e-05
6.675250924037018363e-02
2.663767844295092502e+01
5.432855739823113872e+00
8.017070898548782054e+01
7.089547601554886391e+00
6.755079721469657628e+00
3.332232972852348496e+01
2.663188232186729287e+00
2.277649597349160970e+01
4.281515025102751082e+01
8.914618063249147184e+00
1.012495520219844458e+01
6.889369523209634139e+00
1.547729339366635770e+01
2.166805844515361912e+01
3.557680006800250538e+01
1.253595309682592607e+01
2.877526051324992729e+00
3.886439457049490009e+00
2.029290203604717124e+00
5.717030535117820556e+00
1.006052221495077070e+01
2.594723570457017203e+01
1.091292413414077345e+01
1.069872800140056768e+01
1.181203594017086544e+01
1.594978742043335274e+01
4.853557669344592540e+00
1.802897548134734507e+01
1.256470155600175609e+01
2.099421141111432476e+01
9.274925379256096503e-02
1.132541181739374281e+01
1.934200853154045063e+01
1.378928466975925815e+01
4.952272207337672735e-06
4.933155082498998090e-02
1.730212191720822190e+01
6.965534756252691334e-04
1.805131067994518190e+01
8.873644399831890794e+00
1.839635623928790764e+00
2.537550585915814239e+01
1.840848327225417336e+01
1.101618584440341664e+01
2.026650721726989346e+01
2.497445638465301343e+01
9.720605056023281065e+00
2.377639630654188263e+00
1.020947619718950332e-03
3.753243616633644919e+00
4.258057972423539894e+00
7.383032196825702442e+00
1.583114266473688758e+01
4.283544964241436936e+00
1.977810774197862997e+01
2.755174172032482716e+01
3.528856258608593777e+01
8.880200458357634830e+00
1.624327140435270067e+01
5.242304228432519864e+00
5.337488411946653244e+00
7.658707917631824458e+00
7.737763089049328968e+00
6.146520079021302152e+00
1.342739338268832228e+01
1.308089732507074388e+01
7.599648143140737488e+01
1.196899942519901394e+01
1.651583762011942680e+00
2.002582302523902769e+01
2.096996304060973415e+01
3.294422059514081269e+01
2.621360649294132816e+00
2.676565721848437462e+01
3.639872065237850673e+00
5.793500209888325259e+00
9.119325164662042127e+00
1.971322743671489164e+01
8.277649782985120552e+00
1.059225848975285800e+01
1.894007679589662274e+01
1.264189901453142895e+01
1.842835067474197785e+01
6.098340646369225126e+00
2.654579464905440034e+01
1.393191810254478824e+01
5.845276253677157641e+00
1.432869907212751315e+01
5.694118370545313113e+00
1.109959263051683109e+01
8.774568804949200995e+00
4.122483898234496458e+00
1.097769620015558978e+01
1.216623884966213431e+01
1.742697263416076581e+01
6.358114247402500752e+00
1.882444776846271139e+01
1.551967974048853982e+01
2.444750232966223444e-03
5.735499493959984818e+00
1.147890896937459715e+01
5.409908319139732136e+00
6.795729933063801909e+00
2.606825983382387335e+01
8.873968099049547517e-03
1.700193854366316515e+01
6.625750001210624518e+00
7.217803280289656342e+00
5.084751860723586958e+01
9.067264768260479002e+00
1.192637374197848210e+01
9.557006124630701427e-04
2.023538342934587320e+01
6.904930423641773984e+01
7.611878196775582417e+00
3.423935468302884999e+01
1.119137196604523082e-04
4.919743881211817715e+00
1.842334900852184987e+01
1.215073089397891576e-01
2.525309223975385464e+01
1.606358785167557812e+01
2.790668000348951175e-04
2.913771306345578033e-04
8.591473275425588696e+00
1.092872676467978721e+01
8.437778476673551964e+00
1.596905898673761293e+01
1.712167849476832870e+01
8.501951734343462519e+00
1.610290659519445100e+01
3.269723064397486212e+01
2.402016472146976511e+01
1.416591093531623002e+01
9.161271435499903859e+00
1.337399245313249629e+01
6.604283912536390133e+00
1.893918814555633645e+01
6.257320036743622893e+01
1.936447756162198530e+01
1.817790798169293254e+01
5.921887257444160113e+00
1.029636992321830391e+01
2.180094093757391160e+00
4.183318286619021720e+00
1.415989050770317803e+01
7.360967653739598404e+01
6.279674989783401884e+00
5.018424618202943321e+01
1.273293820856538083e+01
6.475856378794432544e+00
5.101341093730836462e+01
2.077776749129173339e+01
2.387178889076045607e+01
1.297472993955898701e+01
4.608977814029368105e-05
2.348842537001268482e+01
9.542903933815809481e+00
3.068668414027346714e+01
2.809279664164320955e+00
9.021815478286221435e+00
5.252717629593736781e+00
1.919595074574061400e+01
1.479017293590082005e+01
2.700348701485033232e+01
2.275101256028180785e+01
4.932156896052488193e+00
4.281287201253768870e+01
2.933647892505970509e-02
1.859696140267523390e+01
1.187723626312554437e+01
1.057165366355014591e+01
3.232114866539617637e-04
2.715910243895240939e+01
1.841966445251915019e+01
1.376229469922061468e-04
1.164991558209472267e+01
1.478214249746651809e+01
1.521908656253155023e-01
5.302388077976255987e-04
1.657046172983094934e+01
6.459044883823617411e+00
1.838641111489855362e+01
7.038716761973661917e+00
5.870445502809738869e+00
1.854498223855741657e+01
1.013428807788507768e+01
6.646559679495139150e+00
4.571744478967525005e+00
2.825016970024166341e+01
5.090761316162106809e+00
1.409113616228193777e+01
1.775851448875828600e-03
3.534327684154581561e+01
1.754347736529533819e+01
7.893216423719244368e+00
3.543448901990051070e+01
2.408166785632448637e+01
9.454759554935989740e+00
1.655328931764227818e+01
7.882154304536400424e+00
1.955383414175450696e+01
2.177829325243689951e+01
6.918751362747814326e+00
1.565569525592373388e-03
2.861662049001241215e+01
6.531754591851207659e-03
1.117071733930985111e+01
8.247306321734752643e+00
9.593516049483746144e+00
4.981238143110692462e+00
6.677410381240435733e+00
7.329485551731257094e-05
8.563394771506494862e+00
1.350737063391291206e-03
3.257064788036265313e+00
3.645756629621151657e+00
8.916871425247647309e+00
1.572575067031020879e+01
4.128973420018768437e+00
9.695206292896653366e+00
3.025370968831433771e+01
2.207599673946116781e+00
3.269781820883704881e+01
1.399229388407279551e+01
4.783068184321629168e+00
3.477452158975146368e+00
1.189662566581255376e+01
1.843441667529285866e+01
1.022751805953226345e+01
2.850785824739758212e+01
1.132672426262653786e+01
5.923985644112100997e-04
1.351119952333403651e+00
3.767470190862150758e+01
5.836071553146469526e+00
9.198732170953604736e+00
9.176883697043676236e+00
2.081339091968526844e+00
1.218699210800366473e+01
3.062296980802846491e+01
1.853615827283193340e+01
6.065723858017189052e+00
2.365674980680789119e+01
1.390720454987199517e+01
1.905069200801203166e+01
8.435179100037000666e+00
2.187848604449797563e+01
3.461143100565911013e+00
2.281287466320175383e+01
1.478840804710389278e+01
3.411281074417896519e+01
5.452086195653963685e+00
4.976324978497372875e+00
1.565224484321854881e+01
5.265772699544855939e+00
5.521825577051322931e+00
3.771991174465765084e+01
7.065784402985955559e+00
4.250340488091117663e+01
3.244286164958087681e+01
1.804500054481937354e+01
2.344752304550660682e+01
1.883458922168722294e-01
1.766152270978730243e+01
1.099103475223140869e+01
4.962879890361607593e+00
6.476880674779615710e+00
2.357856367088070471e+01
1.908545063350993587e+01
8.357001301850303321e+00
1.407789936345484660e+00
2.835926652848570484e+01
7.852529403366889760e+00
5.439928952124226669e+01
3.039623458932482336e+01
1.861712276197798133e+01
2.396198256915500480e+01
1.626168934130625843e+01
4.952272207337672735e-06
1.962876830810794004e+01
6.195742490553755921e+00
2.816089845759181998e+01
2.599106597681139164e+00
2.913784047058655347e+01
5.619353968150071488e+00
4.294629692265861820e+01
6.158362969672516840e+00
1.883879399958677681e+01
4.241217565459725058e+00
5.085693940857127870e+01
2.198589012735183346e+01
1.779967252217813112e+01
1.994465328823025077e-04
1.709937691699138895e+01
1.621343488042283099e+01
9.282405659743842463e+00
3.369343515389115851e+01
2.299397116742532887e+01
8.354305440942493277e+00
1.680730365355314504e+01
9.662390796961826567e+00
8.019055005524913682e+00
2.435794100418592123e+00
3.379308243748742946e+00
1.149060813854388385e+01
1.093742797211443651e+01
6.538123057364964019e+00
1.181935082450404195e+01
8.312429031056449702e+00
2.055587232610196935e+01
6.502794296155653520e+00
1.106500302635095778e+01
2.877500249948592170e+01
1.107252989017220379e+01
1.134157207939797019e+01
1.420703706020458057e+01
1.157158812948904369e+01
1.188602963118040456e+01
7.271729566721000992e+01
5.122919546617025865e+00
4.924974186927474129e+00
4.802137599931315393e+00
4.830146676834754516e+01
1.573409918531421781e+01
1.404287839506109847e+01
2.306265820826125079e+01
1.046460994999297789e+01
1.034021523095957207e+01
1.583545721808489759e+01
6.790227268810570399e-03
8.652918223246327756e+00
2.156453022298740141e+00
1.803430369241935693e+01
4.952272207337672735e-06
1.218124738318164191e+01
6.654188714237588620e+00
3.499744210781536413e+00
1.933255998508205398e-01
5.509185042759824569e+01
1.093163376245955121e+01
3.297408470541564274e+00
4.564306481235771429e+01
2.855091589566881183e+01
6.125695822404422231e+00
1.522002267168595679e+01
2.292080539601982991e+01
2.583976153136009923e+00
9.150165130070744723e+00
1.417603284774717665e+01
4.218645887724966848e+00
3.060807160849756282e-04
4.952272207337672735e-06
5.538556747312930639e+01
1.134774586233704596e+01
1.111223399190519956e+01
7.868834528127674588e+00
4.414471109094231238e+00
1.837215899774702876e+01
1.710631469366676427e+01
1.484611371431083704e+01
1.693160985429711474e+01
7.019342335581860048e+00
9.772278846655446216e+00
3.069096119695024427e+01
1.221124457240126482e+01
8.433098171128225573e+00
2.052864692536094715e+00
2.048561341703866745e+01
8.804183928159254435e+00
1.495977112690720290e+01
1.449387878690042442e+01
1.619772792528791783e+01
6.965993063774902794e+01
7.200533400802094485e-04
1.169826324459809008e+01
1.296745023605231140e+01
4.642209324615976129e+00
5.676900454812396468e+00
1.056996169301280020e+01
2.277382667838136143e+00
1.563493224696800254e+01
2.899276959454628155e+01
2.949918313448778306e+01
4.018181777805926558e+00
9.955185904088688531e+00
6.646153660057533052e+00
4.952272207337672735e-06
6.775777784694140493e+00
7.243194051700925229e+00
3.102223226059366823e+01
1.398187088029250130e-04
1.002272951134539802e+01
1.327519964406084441e+01
1.498127702964160979e-04
2.038761101773103235e+01
3.993561763711158452e+00
3.179505860274888018e+00
1.145100664681624636e+01
1.494581329702752903e+01
2.104976462434405171e+00
1.893864457108102428e+01
8.570004494275390572e-03
1.057560015959985478e+01
4.680468041016977310e+01
3.451017751652158694e+01
7.194929964330183836e+00
4.708090686518737300e+00
1.247100239582504244e+01
2.385144112154645946e+00
1.192733740004967100e-03
9.777735262097841940e+00
3.157280610447947922e+01
8.180205005571290766e-02
5.803318987754492397e+00
6.751640449476869321e+01
5.818572092114731475e+00
2.684646864007246236e+01
3.022370099363852347e+01
4.245093724577449024e+01
6.168743884937168076e+00
5.315752999010359581e+00
2.342750513520700295e+01
3.077650816570513648e+00
3.023417455877486759e+01
1.451418622881836029e+01
3.487528191210028439e+01
2.881103530717248756e-02
2.987230435288508801e+01
4.368600278317583729e+01
2.188667475828109943e+01
5.203391964380751133e+00
1.808297499858673518e+01
1.494099272085934330e-03
4.266599490834308028e+01
2.870761709831292308e+00
5.994233725102837695e+01
1.218953131870348550e+01
1.371421010129111551e+01
2.231659419316634541e+01
1.457342012521973373e+00
2.877031755277036495e+01
9.057474827765666703e+00
2.021042561424912876e+01
1.732697406549768360e+01
2.123420587982801422e+00
7.408558352189116292e+00
8.203887898379965904e+00
2.069443834124687961e-03
6.345664258102829081e+00
1.022366502700580426e+01
3.305841215718745068e-04
2.321980261649956745e+01
1.683593195154166722e+01
1.768467809687011538e+01
1.886204210652804747e+01
1.826988948357576747e+00
4.627581133506054556e+01
1.436415423313049722e+01
2.474667104771785731e+01
8.527097555105150190e-03
1.578743648016891399e+01
6.856889733756257876e-02
1.446608076111455254e+01
1.531137578023944812e+01
3.577419525711910353e+00
1.551509254022534634e+01
3.285265846467455564e+00
4.426310420974192361e+00
5.942388438931634909e+01
6.274929645860221505e+00
1.783408006137369028e+01
2.429247696656485545e+01
3.438309917373108249e+01
1.000957891934943333e+01
2.654736623936106454e+01
2.457838996936150711e+00
8.751401716951313858e+00
1.295287199704943326e+01
1.348770189057119140e+01
1.770574674631521717e+01
1.773961525244913418e+01
2.572413907271481115e+00
1.357058415602665136e+01
1.925518602772857246e+00
3.567604161388221229e+00
2.166097123425183568e+01
1.606517715394317847e+01
9.892413694676497116e+00
1.917475850883124622e+01
2.833975489340735265e+01
1.019490151889205976e+01
2.466113526106101261e+01
1.741507039875851603e+01
4.558059544870022251e+01
3.309103703631984672e+01
2.150870378289413853e+00
9.004162097979154566e+00
1.158330154666192335e+01
2.986324029123760937e+01
7.478726186330973746e+00
5.996383078204185146e+00
1.626095111347890310e+01
4.087914532390554356e+00
1.112795151620921175e+01
1.192449914063621330e+00
3.428962120162398719e+01
9.007273865204300733e+00
1.429762748061129329e+01
1.231501777315581236e+01
8.762102742339500594e+00
4.437130037919460790e+01
1.346313349143289173e+01
2.774099662913288801e-05
2.873862515664908557e+01
1.068613267481230622e+01
6.759796254685376482e+00
1.433080613069220632e+01
1.590943498055824546e-04
9.409833340350488129e+00
3.346559414052428139e+01
2.420162198570413992e+01
2.232895545782605851e+01
6.829056267723863982e+00
4.470453234074280857e+01
1.489970625062030329e+01
4.952272207337672735e-06
8.471050287472537245e-04
6.640013719536912162e-02
9.864835791724381409e+00
1.256557272022860161e+01
6.082972990488562992e+00
4.229823237854044571e+00
3.021158166700470105e+01
1.875430584517985366e+01
9.334203973561749024e+00
7.893468810375425804e+00
9.339269134074019263e+00
6.419003339673827746e+00
3.671641676528416554e+00
1.040067779892514821e+01
8.321289790478822113e+00
3.742243280929956839e+00
1.751283771702378900e+01
1.888858406510318133e+01
3.122413030100783615e+01
1.672547628357529348e+01
7.959553513693553694e-04
2.514429625878252850e+01
1.730371564358993863e+00
1.409208796225603777e+01
2.213731668779135742e+00
3.381168074532588719e+01
1.845714880033540339e+01
2.948900486019573464e+01
1.593273078993924230e+01
1.424415669782201910e+01
5.998805755175208532e+00
1.198477085621444971e+01
6.939473891168152164e+00
1.378480143272604330e+01
1.136042970279212128e+01
1.520062604324830779e+01
8.794873443957836656e+00
2.063905220492463144e+01
2.393075861670570514e+00
3.185985824869455740e+01
1.768930972339284580e+01
1.954968093808366225e+00
2.282847890796556101e+01
3.295193253443328985e+01
2.121885638424912912e+01
2.021378492400380367e+01
2.130709411523668884e+00
4.657487287893490091e+00
1.353011451871449644e+01
8.605032123747618578e-04
9.581889603633683805e+00
7.463701640658775283e+00
1.489582153914635043e+01
1.429285325699887998e+01
4.889963385923235251e+01
2.533643180219854329e+01
1.205937817685980582e-03
4.560132006845507391e+01
1.751540220735532216e+01
1.042078075585976649e+01
1.303287911870534899e+01
2.233027327057451661e+00
1.207719467230518084e+01
9.817418590587624294e+01
1.577273908550774451e+01
1.254573592245839198e+00
1.137121561612065790e+01
3.099872990441681608e+01
4.629044564440343734e+00
1.496005190716732614e+01
3.260077382664787304e+00
5.450167649676465054e+00
6.708404348741725087e+00
4.866350411637517581e+00
2.003262877427728128e+01
5.973628178052204873e+01
1.878460276112640326e+00
4.043420536976634061e+00
1.844132386947551083e+01
1.561639212667041754e+01
2.891307896817558287e+00
4.695604834162429597e+01
6.016815201723079376e+00
5.012087137260875735e+00
1.115245682469723221e+01
7.684322245578957933e+00
1.221533590298138172e+01
1.733092929471067478e+01
9.941559052964883847e+00
1.516092192060898824e+01
2.623821579175649887e+01
5.932345378453484130e+01
1.400491972539015961e+01
5.773586317949085611e+00
5.690896859692369247e+00
1.048924273712304966e+01
6.327052393679985620e+00
2.754478051016208440e+01
1.284165956635907335e+01
1.014878992241402678e+01
7.147606338555918981e+00
6.915479261506673581e+00
1.111758600421373622e+01
5.743636552968826692e+00
2.747007078121922241e+00
6.704373661461768386e+00
2.868263624073692952e+01
3.769171112597279549e+00
2.951147858730979578e+01
2.464954087623725343e+01
4.216424590777464232e+00
1.688825117594961966e+01
5.070504636413247823e+01
1.469789126519019362e+01
9.646352405476513070e+00
6.847391903391049084e+00
8.545506313258680819e+00
3.109603099543132299e+00
4.745244738245933291e+00
1.003897594599885679e+01
6.992112872623448716e+00
4.181176186993879185e+01
1.560336295484037805e+01
4.493503596506847231e+01
1.814566498208522560e+01
1.961334278882645776e+01
1.567793638431412617e+00
4.898628024141447668e+01
7.850535736493516659e+00
1.267280854376397237e+01
1.652751582999994184e+01
6.729150010513945901e+00
3.390854652963410132e+01
1.953122784916685006e+00
2.263773246466466205e+01
9.182025917781025726e+00
1.917778744389967827e+01
4.598214771283421598e+00
1.885348456149405649e+01
1.108441497980746782e+01
1.011056462524584809e+01
4.295073077798051919e+00
1.298848700254623445e+01
2.609497375037670253e+01
2.032766123738525721e+01
1.300525282325351561e+01
1.404328079445132493e+00
6.355805254985895658e+00
2.046315090871301834e+01
5.887770119673381153e+00
3.750150613908078157e+01
1.275862887974400728e+01
1.707592090853188083e+01
1.083329634950772657e+01
1.943998370323643599e+01
1.367577384835180965e+01
1.009094228172443408e+01
1.113173873629384047e+01
4.952272207337672735e-06
1.200279788474255227e+01
2.056984836456836874e+01
1.460001476538533360e+01
1.282501072707801271e+01
3.952104748902019349e+00
1.807705696200187262e+01
5.669108202715078093e+00
1.699611276517770664e+00
5.913309880869991098e+00
6.142054713883032946e+01
1.123448878734561696e+01
1.989355997493980510e+01
2.607319735590031939e+01
2.301208447330308715e+01
5.761386437067681499e+00
2.245994607551388000e+01
4.623676738253123197e+00
4.356773276471017198e+00
5.726543573129392328e+00
1.226647013773536909e-01
2.756059314068729549e+01
3.645507876221297749e+01
6.079355636801253127e+00
4.296038565362032990e+00
1.107146126722561874e+01
3.700254117860772102e-05
7.432225114133000687e+00
1.083810053193098710e+01
2.281465005748861330e+01
1.199128139065689780e+01
1.316294955109653664e+01
1.938902257227825743e+01
2.037994605853739216e+01
1.106592089300364457e+01
8.783508956122634714e+00
1.962616533802066687e+00
1.548746260877243941e+01
1.137372658450655294e+01
2.838710575033390748e-01
5.506638314913466559e+01
3.068588114706076908e+01
2.138206974812179340e+01
1.188274172217340308e+01
2.148746785763810152e+01
3.545960145920486895e+01
1.587548950920936797e+01
6.602809735070355401e+00
2.070655293550525045e+01
5.112921225677649772e+01
2.455953471573334213e+01
1.312785374394581162e+01
5.792453131949285705e+01
6.909573848809299257e+00
1.314582006222919119e+01
2.147503946030707933e+00
1.005458366401871295e+01
5.932513862901917179e+01
3.868147967738417492e+01
1.061033952142989101e+01
4.888197959650767643e+00
1.823218917572469122e+00
7.031712985765704360e+00
2.199381009057973912e+01
7.555574328808918771e+00
1.477950532719594356e+01
3.981387535088269480e+00
1.973721655701837108e+01
1.354608574708168511e+01
4.606807776979117419e-03
2.512846816945722139e+01
1.921141558149938788e+01
4.188190265129218659e+00
2.490745095577879403e-02
1.507390402772069748e+01
2.852299368442808714e+01
1.715995994489519205e+01
1.289356576544180655e+01
7.216091316800335775e+00
6.276232032880741940e+00
2.347673406673791874e+01
2.237472904680007701e+01
5.180257656647049735e+00
1.555023762794452402e+01
2.105360098059316343e+00
1.487489347979261112e+01
2.126525473716251113e+00
1.166453772085310980e+01
7.403367949489725319e+00
2.110445091142001672e+01
2.057251691316039022e+00
1.597693819360943479e+01
1.303026953827943091e+00
1.608396510966669268e+01
4.613547023933780622e+01
1.292739916710974590e+01
2.774996676260652606e+01
4.952272207337672735e-06
9.434354194048427900e+00
1.838261591800049999e+01
5.805661977864622969e+01
2.303118376161904735e+01
1.508872054011202479e+01
6.530228551265818915e+00
1.310785862372901533e+01
5.146908511898119265e+00
2.228357119567232658e+01
9.019681822313840414e+00
3.605905849194304835e+01
1.050895809984948848e+01
1.089103292851030602e+01
1.235838450712748404e+01
6.173003319613309614e+00
1.561975474017570698e-04
9.154159829106081503e+00
1.036784419906215504e+01
9.011213700839714846e+00
1.096492677972861607e+01
2.257913237676766016e+01
7.901978189555600206e-05
9.952880018640412274e+00
5.642834973330378645e+00
2.890674793036903889e+00
4.065558881076745479e+01
5.641166183481955088e+00
1.192500863386857191e+01
2.525350464752951041e+01
1.509032039243692891e+00
5.843601399280419884e+00
6.136125155123409058e+00
1.018652177594082886e+01
5.541294170559209142e+00
3.392054760907012856e+00
