4.679275104875236356e-12
5.179270944959885278e-12
1.474558127592380907e-11
5.631753888460894613e-12
3.355985179167827229e-12
7.453478081159388348e-12
6.411390009636923745e-12
7.376848184757118949e-12
3.466349797223588421e-12
1.276361350616588019e-11
3.295580958412587300e-12
8.520178001110366590e-12
1.359829431153022996e-11
1.198725912841770739e-11
1.181250474161014203e-11
1.123157607876164003e-11
5.870329958491774433e-12
1.039260214726440910e-12
7.122333587430738625e-12
5.927195838043442767e-12
5.861594559280547297e-12
3.287046905359186505e-12
7.069247980175983360e-12
8.829998462925571964e-12
6.405459435819606951e-12
5.344647318931230626e-12
4.595042174136582395e-12
6.153643709263020668e-12
6.592897995041053000e-12
7.742274990238088127e-12
9.285522035346430191e-12
4.045463028423868314e-12
1.859633409807443272e-12
2.541157118772740400e-12
6.859451525304641058e-12
8.579117481243893344e-12
1.660086738416717847e-12
3.103380450970667578e-14
9.694671099512358608e-12
3.453659949842662835e-12
9.503720307799915732e-12
4.272231030042157728e-14
5.223600842592816691e-12
2.163028529704677662e-12
8.023982526021431690e-12
nan
1.456728203622528405e-12
3.853297678240964342e-12
9.185451466001512320e-12
2.515936748690434274e-13
4.761315326428916420e-12
7.999211947761808111e-12
1.364752080355842098e-13
7.352348429257458393e-12
4.121564174462028918e-12
5.705323124042307770e-12
5.340071356934339344e-12
5.452407955373132833e-12
1.328130816941998967e-11
4.941011129251180061e-12
1.345998156834922177e-11
6.019482538961693942e-12
8.362317644420929415e-12
7.070038637444765958e-12
7.584033357210455712e-12
1.350329640731002567e-12
7.758132366295014110e-12
6.158768816095763150e-12
5.695867073843313900e-12
7.123287054616978409e-12
3.195075543543457490e-12
6.041324301590601683e-12
4.900106208349373328e-12
4.902438187596522874e-12
2.087236482527916991e-12
7.219481892851401887e-12
2.638123157627569220e-12
4.246620240863186386e-12
2.467404414755148694e-12
9.458440171767052559e-12
1.714785729330360545e-12
4.641737123109473789e-12
nan
4.866431908024770111e-12
7.784843905519936985e-12
5.886687746650029334e-12
5.665297139048518121e-12
nan
8.146095812282747353e-12
6.371945131578606730e-12
2.502363340986223535e-12
2.549029668271232168e-12
3.303602182507100492e-12
7.915445673004254399e-12
1.123173849674651599e-13
5.651340718087131708e-12
5.465407972212731194e-12
8.673252377957219342e-12
4.571168779481992825e-12
2.741324141085542240e-12
5.243996991917047686e-12
5.059435937783356389e-12
6.660349220973349347e-14
1.517767748697067082e-11
nan
5.541366751691224063e-12
3.591535297776347849e-12
1.503164972914696369e-11
5.395893767330668229e-12
1.579895573999336059e-12
3.841019020671800838e-12
6.306291266751982698e-12
2.214949033445582122e-12
2.683308558759101713e-12
2.033707889197570322e-12
5.673320942514160098e-12
6.104168782150072807e-12
4.352768678809549901e-12
4.062050343497464788e-12
5.764206907308345044e-12
4.783659572878096332e-12
nan
2.402517866444723088e-12
5.372004943709905123e-12
6.137617328782536518e-12
1.836695046910498597e-12
5.190564213463881152e-12
2.458396546908917466e-12
5.840092064881535770e-12
1.047814545441658824e-11
4.793641371939240837e-12
4.294855303383139878e-12
4.817228267058804674e-12
5.212112936015072841e-12
4.002885345201603686e-13
1.685028442618247135e-12
5.898046424813448408e-12
nan
3.204467118375381421e-12
2.567573576629316573e-12
3.055558560663797512e-12
5.170169643351478646e-12
6.075986241869894295e-12
4.257498296320393888e-12
1.063794309778840660e-11
5.033943585494482739e-12
3.529181872582199118e-12
7.895436133126982789e-12
2.577894546336671760e-12
6.784727969257915300e-12
8.800641265574959383e-12
5.552259635265920678e-12
6.578704126112502526e-14
1.112291958773408907e-11
8.625941589813466255e-12
1.058162100972913284e-11
2.695267191072484899e-12
9.916513412282745204e-12
7.147793398163564653e-12
2.668502229774452024e-12
3.850033097607106717e-12
4.344870348332901530e-12
9.024931122653496043e-12
nan
8.842737066373109906e-12
5.999651105795569892e-12
3.937909023694305472e-12
nan
nan
5.597111748511492091e-12
2.687142285109284761e-12
6.915376611837346769e-12
1.796239232061719553e-11
4.489878638015177082e-12
5.160910038228163387e-12
1.177865395801952125e-11
9.042558284744562035e-12
1.025791767988346860e-11
3.655405913288040323e-12
6.074054166549150409e-12
4.408489069403064518e-14
nan
2.335380336542816911e-13
8.603002066431145544e-12
3.063126490903842250e-12
1.834212864294410489e-11
3.492328072848066234e-12
3.395411565014768469e-12
9.962510259796045003e-12
1.831639372346684598e-12
7.653432276423494364e-12
1.181365355707686445e-11
4.083085791279191233e-12
4.540532998832386457e-12
3.589161450758918881e-12
5.870893462734196943e-12
7.375345449810361847e-12
1.040730718668568714e-11
5.180277341371497580e-12
1.922579254793505636e-12
2.363261637781310783e-12
1.503667460025621618e-12
3.046449814570649261e-12
4.430274967423095774e-12
8.467557682709039562e-12
4.633522081396317285e-12
4.632128711728046656e-12
4.908774903360496662e-12
6.138543006660622203e-12
2.777312043182647981e-12
6.605285909609300303e-12
5.182817877131456130e-12
7.305345385578441999e-12
2.119242431754758045e-13
4.827069163703941460e-12
6.890168954062543000e-12
5.390029487634436148e-12
nan
1.558358601595543085e-13
6.352471015503767930e-12
nan
6.591097750972138734e-12
4.076594056245156691e-12
1.413205926224066418e-12
8.315981211396823555e-12
6.549029800881843903e-12
4.707478061145911136e-12
7.135613191149329766e-12
8.219692324908219521e-12
4.348156534577421397e-12
1.708098919457137787e-12
1.005211566921999615e-14
2.296524867125871031e-12
2.508048145351286300e-12
3.568192954185003232e-12
5.984904125851511791e-12
2.540606353838664847e-12
6.968852538595578898e-12
8.879185713155066261e-12
1.038333340143846940e-11
4.086717658299565987e-12
6.123878708936269255e-12
2.914412611315903264e-12
2.103529514341235528e-12
3.670002346757439939e-12
3.706509766401323436e-12
3.304919962258109847e-12
5.384033630480433150e-12
5.322593074976670114e-12
1.777721169529329557e-11
5.000980822022399033e-12
1.320471661022807369e-12
6.942571648121412765e-12
7.208231582811269657e-12
9.913999250171179065e-12
1.805413194982963901e-12
8.620720485651919703e-12
2.251961392808066077e-12
3.076060883990535829e-12
4.144616399267461800e-12
6.963667158969469079e-12
4.085019912691379469e-12
4.611899693786685736e-12
6.734191704025151512e-12
5.120619707277664149e-12
6.730200062108990124e-12
3.313728278523676390e-12
8.573365844067368839e-12
5.612586691289406196e-12
3.113927994889903042e-12
5.709178274993643803e-12
3.061045730249900600e-12
4.700429457830635002e-12
4.118970854568053086e-12
2.456823045663138668e-12
4.574532175153047740e-12
5.056677148195092901e-12
6.341767253410812184e-12
3.295766606762028900e-12
6.783970406174261127e-12
6.046366260825019114e-12
2.280243102899859536e-14
3.082366206977294467e-12
4.904763786678772381e-12
2.987524028920530028e-12
3.505272054549847626e-12
8.374068958246624656e-12
8.292256952213595102e-14
6.312832751930463293e-12
3.354135299733590688e-12
3.587830649028600410e-12
1.354470928341539742e-11
4.133955636326034208e-12
5.005659942498691077e-12
nan
7.126472611922040989e-12
1.662670867220383144e-11
3.672482030117991901e-12
1.018244536580458962e-11
nan
2.783180934225468217e-12
6.619632552863054656e-12
4.049792652020924383e-13
8.320007122571892256e-12
6.000114240810954777e-12
nan
nan
4.014750896439448054e-12
4.674218622314136335e-12
3.954540569338394366e-12
6.042426980320531120e-12
6.366821474740533647e-12
3.927180496382041772e-12
6.088671004867325723e-12
9.792899760674480918e-12
7.929819787399000065e-12
5.673617846873765571e-12
4.221810441224353658e-12
5.396289982219525966e-12
3.361714473486741711e-12
6.842367157328523389e-12
1.560655710423978333e-11
6.846192031044343527e-12
6.641608918930823774e-12
3.219924478007375499e-12
4.551677521153798805e-12
1.597054609550395693e-12
2.464104576445386834e-12
5.656610459848341614e-12
1.736899178258363477e-11
3.272978693923372601e-12
1.345886302587199053e-11
5.220744901085303199e-12
3.288198678868918915e-12
1.354418750719119930e-11
7.263392633507129834e-12
7.907916248720366889e-12
5.309164662357175063e-12
nan
7.891314443449147148e-12
4.266244856875480598e-12
9.590657249375849292e-12
1.897241665633245304e-12
4.096538797346450987e-12
2.904262457842064983e-12
6.754592383469084619e-12
5.772529281018163277e-12
8.673095528630505515e-12
7.682914759394923872e-12
2.792978659786848515e-12
1.182412492333187713e-11
1.737002920410050453e-13
6.713158807225802876e-12
4.916517943848100835e-12
4.572231893566536630e-12
nan
8.720199909544761847e-12
6.688929777294078119e-12
nan
4.874920209650232446e-12
5.587389888367441468e-12
3.904291138159846041e-13
nan
6.208654157056296302e-12
3.325944716077388287e-12
6.695891904855910010e-12
3.513485671447992477e-12
3.230853873109885764e-12
6.712588501508038426e-12
4.440367896451618517e-12
3.374575702480185438e-12
2.655130228485988654e-12
8.940037513493040544e-12
2.937630691796508042e-12
5.447688210747573406e-12
nan
1.053709269872137772e-11
6.374013969153801755e-12
3.748145308221917250e-12
1.040419576565331510e-11
7.926905200378876844e-12
4.327456524722447617e-12
6.227528094045768497e-12
3.759896087875010415e-12
6.956827122969015435e-12
7.506761124489450694e-12
3.451006988831195464e-12
1.356112763531034495e-14
8.965412080225514247e-12
5.102394626853803665e-14
4.756006803196522567e-12
3.863844421813036630e-12
4.292833413591632785e-12
2.797448663164467154e-12
3.371901191663879458e-12
nan
4.002022389583890622e-12
8.649215464290506178e-15
2.082627268229493188e-12
2.229027961096862453e-12
4.069045365224660704e-12
5.949670345084790849e-12
2.471167942720743450e-12
4.334988177077301789e-12
9.509246612659161748e-12
1.600749519768959433e-12
9.866048881259503602e-12
5.539977264132384012e-12
2.738328441444073106e-12
2.177315997321530580e-12
5.000431828976812333e-12
6.695776046170498401e-12
4.463203562882145167e-12
8.995132431434164667e-12
4.855904100962330012e-12
nan
1.159446876055273935e-12
1.092184492204875110e-11
3.098551264748471463e-12
4.206027522083951846e-12
4.164309744843893154e-12
1.525701722237215581e-12
4.985278320052203193e-12
9.353422542907330347e-12
6.602605469833589118e-12
3.196494093607969276e-12
7.990461147089006951e-12
5.440008166893532372e-12
6.855043975411584265e-12
3.961818693816181748e-12
7.423557058873454246e-12
2.170491144895549453e-12
7.736398978382446787e-12
5.772497367451538672e-12
1.012842208441010294e-11
2.945735253923623003e-12
2.805623590372065564e-12
5.970196522735167527e-12
3.003192968406974649e-12
2.981357134051591154e-12
1.086956868664134507e-11
3.485289637986837168e-12
1.177864968158782666e-11
9.843587196498912481e-12
6.518245982784585554e-12
7.861151307026756955e-12
4.886473629071610117e-13
6.420308828320031825e-12
4.689295534556864390e-12
2.793268797964226507e-12
3.339225882107993439e-12
7.901571661255812493e-12
6.847027717370826834e-12
3.916875901752474845e-12
1.195052793166474806e-12
8.970847988729698834e-12
3.755060175771480879e-12
1.420665518967527379e-11
9.371004747199753581e-12
6.735095097906493765e-12
8.001027467912977473e-12
6.108897998277595907e-12
nan
7.003047543345252740e-12
3.203311131824458817e-12
8.946553255604510076e-12
1.783521077482796616e-12
9.148775833187109507e-12
3.013669587382900816e-12
1.207159681381221436e-11
3.241930004013039378e-12
6.712284684534940833e-12
2.459435643504906929e-12
1.357947187795105364e-11
7.553008334370581260e-12
6.584545266413562266e-12
nan
6.264283093265884882e-12
5.951812827825594725e-12
4.264992981353689078e-12
1.016818878796715734e-11
7.786863576040103128e-12
4.030807351208894125e-12
6.249012136502715701e-12
4.317066323595677339e-12
3.803007855926922300e-12
1.751290685045185927e-12
2.128716104713328456e-12
4.895257362894412456e-12
4.784140533449123427e-12
3.324055435550848716e-12
5.023542998180864977e-12
3.942049434272634305e-12
7.208064909996225960e-12
3.329801229789815700e-12
4.713138457097438830e-12
8.986411420301573620e-12
4.722925058485156040e-12
4.798400653233401963e-12
5.559790208205658935e-12
