4.358310212590796761e-12
4.970235627092293111e-12
1.447028036625470954e-11
5.268535653526570237e-12
3.053255768817975868e-12
7.465676573123570460e-12
6.021000860142106705e-12
7.215140159152224753e-12
3.157402398503693308e-12
1.246654442627185284e-11
3.012849800401317818e-12
8.120784081306813929e-12
1.327449762562141365e-11
1.162114440757057912e-11
1.203275683159791275e-11
1.089279561246722952e-11
5.606079655782112922e-12
7.493909211899033366e-13
6.974912140930138100e-12
5.535119904533452092e-12
5.983469613307988172e-12
3.425698593361362467e-12
7.272769330373374481e-12
8.430671173457622323e-12
6.020194388475506987e-12
5.342923767352788519e-12
4.536247792614261148e-12
5.792793997625918016e-12
6.290611725482857168e-12
7.342320096765134739e-12
9.401032202459853426e-12
4.270076134630790869e-12
1.570643734070642665e-12
2.211476486659188048e-12
6.841454017967993013e-12
8.317154287552274754e-12
1.354073590518569217e-12
nan
9.342892157499756632e-12
3.718051575337794224e-12
9.256777376860001801e-12
nan
4.827529118780479491e-12
1.840226279613369641e-12
7.915849637168055645e-12
nan
1.108532898845767987e-12
3.554457950842371787e-12
8.924936448521118706e-12
5.001725812520088352e-14
4.435904854524531017e-12
7.600430638880540332e-12
1.876790556942626947e-14
7.065041343727429563e-12
3.864955762058596654e-12
5.420905663499296876e-12
5.066260317661373612e-12
5.341818071160148081e-12
1.291868107643641959e-11
5.055208084862389144e-12
1.390893409239745623e-11
5.724608073391502748e-12
8.524270057365682691e-12
6.684863488564212939e-12
7.873153907170210829e-12
1.026866103430270761e-12
7.922300074258079496e-12
5.795372193376969440e-12
5.814033024910989778e-12
7.263068833119874088e-12
2.879630985618644020e-12
5.771412287199516595e-12
4.504779611361235531e-12
4.811929576553819837e-12
1.754529654656278627e-12
7.316773319773770738e-12
2.346243444910629796e-12
3.933453638022395299e-12
2.171734344715704648e-12
9.347607976011176634e-12
1.387800153590978134e-12
4.420586141839380245e-12
nan
5.013004777032322257e-12
7.385569528468795360e-12
5.949716965883384871e-12
5.785362022396149993e-12
nan
8.420753422280452691e-12
6.192652708534743554e-12
2.188639467569538291e-12
2.257085743558308764e-12
3.291054559837035003e-12
7.675127511111414986e-12
nan
5.490683291171115674e-12
5.219076858544059428e-12
8.274333420785806294e-12
4.267500570754187000e-12
2.448925165586189238e-12
5.375733514865439853e-12
4.662846493547109179e-12
nan
1.491565460165134411e-11
nan
5.348948358889635726e-12
3.314807700010487961e-12
1.528348057439424666e-11
5.127170173318412853e-12
1.267562706895030484e-12
3.508832392290270650e-12
5.915859091010220978e-12
1.888914253717897262e-12
2.384127684344800472e-12
1.707108288406510590e-12
5.275631847947460025e-12
5.895903665119431032e-12
4.576363027365315115e-12
4.282062338873071923e-12
5.490014514362952234e-12
4.479751317767902277e-12
nan
2.112542459937330658e-12
5.230085784238691775e-12
6.271003407671687177e-12
1.546965189952890884e-12
4.888997268317925062e-12
2.145564485901826637e-12
5.969023586423680096e-12
1.016915758597044054e-11
4.711670227779642286e-12
4.405622401720007109e-12
5.068262579495763310e-12
4.924029775978305706e-12
1.806165261938008583e-13
1.353805577667525133e-12
5.559561078813750955e-12
nan
2.974829861703170291e-12
2.251005124862894138e-12
2.771749393510266692e-12
4.862859804275209918e-12
6.192207045602400337e-12
4.260587586751731473e-12
1.029292300936805616e-11
5.200539543517094850e-12
3.814104480879134740e-12
7.929794469438874878e-12
2.257911280616724731e-12
6.835532846602587153e-12
8.805585510197147429e-12
5.646559987876725553e-12
nan
1.076090989266447709e-11
8.226231785245349603e-12
1.058978386304298747e-11
2.332242282669576904e-12
9.519759175273747253e-12
7.431020215674017316e-12
2.372675560400835938e-12
3.578409440438886257e-12
4.022528070055896975e-12
9.053881732660388362e-12
nan
8.461875035414748207e-12
5.632178329172760847e-12
4.089839572744004654e-12
nan
nan
5.265018024612939843e-12
2.378203720967730626e-12
6.532675409618293553e-12
1.756352924918750705e-11
4.165943087986758312e-12
4.768605094691177661e-12
1.137868981646541959e-11
8.644124858553244736e-12
9.965098449146168593e-12
3.357137750449142800e-12
5.805247742627922065e-12
nan
nan
4.176972204559818718e-14
8.461462434732336438e-12
2.747728924963523507e-12
1.876431655313782624e-11
3.236574409677860420e-12
3.089247851388355570e-12
9.970965486689006856e-12
1.543350946220670978e-12
7.618441795875901051e-12
1.161934059125674777e-11
3.809165013455202123e-12
4.222644758690156945e-12
3.282317892626356613e-12
5.981318723021864889e-12
7.359179012830135523e-12
1.054392303702074406e-11
5.301790273048810916e-12
1.644217899877763097e-12
2.077632813206232824e-12
1.168899780883204844e-12
2.927186154934469981e-12
4.149723265437358419e-12
8.140919628229299173e-12
4.705760495718305769e-12
4.360222001374517015e-12
5.090182306558777823e-12
6.236479604540147470e-12
2.480381524820654935e-12
6.651478236146028162e-12
5.310098112903598993e-12
7.334948216512792234e-12
7.855636373438388790e-14
4.659202138037380026e-12
6.521823221334750201e-12
5.104246760063278522e-12
nan
2.968655315127639725e-14
6.411825236251410680e-12
nan
6.696277538820492480e-12
3.798943712668951326e-12
1.077676348535923861e-12
7.916974315940893235e-12
6.237431221592865988e-12
4.539168039366075449e-12
6.751197601361490799e-12
8.169994587927865461e-12
4.375453814089316153e-12
1.439768635218577360e-12
nan
1.997874816133415276e-12
2.193168507186981751e-12
3.808488384318158028e-12
6.119619092419161524e-12
2.243036834667916441e-12
6.643797125419948025e-12
8.985091403902495592e-12
9.984808825216602040e-12
4.180131098650726360e-12
6.206572911923969620e-12
2.620339610220700893e-12
2.229023038031143924e-12
3.861496840140977919e-12
3.418976364700594021e-12
2.977521919546579490e-12
5.069949656958378235e-12
5.112693441299222846e-12
1.737924196390502816e-11
4.604713717800050519e-12
9.953586495307661868e-13
6.691680670820468010e-12
6.915659546406572102e-12
9.516391241980006474e-12
1.492578886227099750e-12
8.221245182253631583e-12
1.974944255199150131e-12
3.012929932932304751e-12
3.855828326389904134e-12
7.046107354395556428e-12
3.745896890210208247e-12
4.298551237989638419e-12
6.665094114444852857e-12
5.179979333892148288e-12
6.357031192879285077e-12
2.989370983090876898e-12
8.173570405512307879e-12
5.660896221061131605e-12
2.824973595154669893e-12
5.623765148105298787e-12
2.745788583657742570e-12
4.832105463595193090e-12
3.966371011627719031e-12
2.159427667208719257e-12
4.864023263264785399e-12
4.661802404200956254e-12
6.167868410713558007e-12
2.989574403660137965e-12
7.041324459318457257e-12
6.091240293627798374e-12
nan
2.767478977852447980e-12
4.602156628753763312e-12
2.666155321382579388e-12
3.206562481247285449e-12
8.016424229398540885e-12
nan
6.354976758992067778e-12
3.060243270940757926e-12
3.259479860288706795e-12
1.344373420382544832e-11
4.007102911044496776e-12
5.095923521506865927e-12
nan
6.745265001344631700e-12
1.637560230001614651e-11
3.382703969771108608e-12
9.825399521458409492e-12
nan
2.471426068283971021e-12
6.783505839332199060e-12
1.135954051817338789e-13
8.317268292684854091e-12
5.732824353340894736e-12
nan
nan
4.127828141310475273e-12
4.415965297109759780e-12
3.632015182316210720e-12
5.684688114535860119e-12
5.972690801295761189e-12
4.087742106661292045e-12
6.172107855953932970e-12
9.856048488151450906e-12
8.188084256596187422e-12
5.708682828234140769e-12
4.075041816355936159e-12
4.998984323179414088e-12
3.066876553279563103e-12
7.089404371502960033e-12
1.521047865818675037e-11
6.897870565554520207e-12
6.246902039451377159e-12
2.871951664771323504e-12
4.229046018899495087e-12
1.305578065434254666e-12
2.135609624861333561e-12
5.664601365481092178e-12
1.709883829726829994e-11
2.968819006784969668e-12
1.305892934957355003e-11
4.825453593678263545e-12
3.320467496080588903e-12
1.344203936588628838e-11
6.872968627057760367e-12
7.647003188598813975e-12
5.288940610708683666e-12
nan
7.492780519549648588e-12
4.458869172233880457e-12
9.322163560108177744e-12
1.611018806590542395e-12
3.832647574167300991e-12
2.616556889586215472e-12
6.455091472669258435e-12
5.377473716291910866e-12
8.273614541368423748e-12
7.793433406231108930e-12
2.498584013158770534e-12
1.169249254336105148e-11
nan
6.808139499113260588e-12
4.997224807063398982e-12
4.296497079812441935e-12
nan
8.372607442511812146e-12
6.940982486227322445e-12
nan
4.694798885546129430e-12
5.815240390315871429e-12
1.795311623465816576e-13
nan
5.954078396384164831e-12
3.022010238442872504e-12
6.301384836347287789e-12
3.218543997347993952e-12
2.909311474245323599e-12
6.325043153790016033e-12
4.427723630577949998e-12
3.665307924243493523e-12
2.354434935118158991e-12
8.540486752423363166e-12
2.630353386272894860e-12
5.566438862023987050e-12
nan
1.028062754402853246e-11
6.467499452816033546e-12
3.760924033356292845e-12
1.007347043031395016e-11
7.624888321180708878e-12
4.005188717695285840e-12
5.901056041581190028e-12
3.474560897445573578e-12
6.558220690684232063e-12
7.124431451116994523e-12
3.159748286404552721e-12
nan
9.286192254896700939e-12
nan
4.429639858899834937e-12
4.042200656643654827e-12
4.325954865244145166e-12
2.491646069838050015e-12
3.075741863517345158e-12
nan
4.010995144164399309e-12
nan
1.795578199820991612e-12
1.894092550483544338e-12
3.799486322337431521e-12
5.657512266053354943e-12
2.182303398571040286e-12
4.029511983968335612e-12
9.284966625633535771e-12
1.294661784146497797e-12
9.466231278115085116e-12
5.215470743420925515e-12
2.440468616993768949e-12
1.879974627860558943e-12
4.761553050738525052e-12
6.326444772639293761e-12
4.479460659992736761e-12
8.595132974445799139e-12
4.782468765966629947e-12
nan
8.533207222223581563e-13
1.078184561476364522e-11
2.811907964616586678e-12
3.925812787619891716e-12
3.882257353125754526e-12
1.186831230448349306e-12
4.879491038041734674e-12
9.099876948302106428e-12
6.309359780383279268e-12
2.879855284083089672e-12
8.140719417727731524e-12
5.665362313119610913e-12
6.466052464174298486e-12
3.685614204066727343e-12
7.373194576851292637e-12
1.873236643778095145e-12
7.453635269954521212e-12
5.376718388536069176e-12
9.752371678894093423e-12
2.663143483899151016e-12
2.521393448011463053e-12
6.120968001418522234e-12
2.698442404982978957e-12
2.703895431316604001e-12
1.049439940170829341e-11
3.280288261267028487e-12
1.169002301988297675e-11
9.965746163234615776e-12
6.517070603394767975e-12
7.930791466755690379e-12
2.122009399420202148e-13
6.503319312746467316e-12
4.671044310415625139e-12
2.481539855686597171e-12
3.039058961096356880e-12
7.706243160125630454e-12
6.466367546238321687e-12
4.052492139378076679e-12
8.877598687443557148e-13
8.591259502044589739e-12
3.449011740905416406e-12
1.380983476864942370e-11
9.609971799608665542e-12
6.364030031274389018e-12
7.601621126298904105e-12
6.208262676527503680e-12
nan
7.264047578399161953e-12
3.026225474006230073e-12
9.247337999187072210e-12
1.455430147704936171e-12
9.231136226922152088e-12
2.732475486474617447e-12
1.173607702824520333e-11
2.925565957385607820e-12
6.830054376595419420e-12
2.121269127133610413e-12
1.318217187943305400e-11
7.179029883637930769e-12
6.543118797530271140e-12
nan
5.983476629420634479e-12
6.105791445881696342e-12
4.015789983099937323e-12
9.840780032699106753e-12
7.490011926522076355e-12
3.692961126058450185e-12
6.118701847827777695e-12
4.005477210146197406e-12
3.833502325292101690e-12
1.472136020754977106e-12
1.799977181696879438e-12
4.506351358082927481e-12
4.577748188327893613e-12
3.376610936379383754e-12
4.924028206233766123e-12
3.659313083121063206e-12
6.821047714226143976e-12
3.015171656151652660e-12
4.876953367641680024e-12
8.708327181288081106e-12
4.436179973749623377e-12
4.525906543111921713e-12
5.285470015459502489e-12
