1.145936275592952214e+01
1.368459592905139388e+01
6.238555992990617938e+01
1.551234843492675353e+01
6.876947987458163603e+00
2.393828914665545327e+01
1.879807615897890116e+01
2.308035715412600197e+01
7.313943633094526220e+00
5.096486717370333253e+01
6.802520213355678358e+00
2.858739298538113260e+01
5.523547198377920608e+01
4.647220096700407765e+01
4.613199340695452122e+01
4.293328128406265165e+01
1.613503161876590042e+01
1.285633911365750892e+00
2.187451395170321078e+01
1.674596733022487527e+01
1.660343007692723916e+01
6.782883655072735607e+00
2.155135189455715050e+01
3.014033973294711899e+01
1.878739492852535875e+01
1.464037981449825310e+01
1.134039498113456546e+01
1.774481315224574018e+01
1.957369978851737358e+01
2.480228750275834670e+01
3.248806062297406072e+01
9.585291987089261667e+00
2.875189866472337652e+00
4.626098885676213968e+00
2.085931667897581221e+01
2.878071900729762334e+01
2.482528702586182856e+00
5.164486161875479417e-03
3.446833648981484544e+01
7.314726239463470669e+00
3.231967482317587326e+01
7.990803163922997887e-03
1.387577931320284463e+01
3.656307323111641416e+00
2.601712941811859992e+01
3.944204557798581721e-04
2.078921241721589652e+00
8.654111271041495357e+00
3.189629066972739224e+01
6.715695494760993978e-02
1.175423197073378745e+01
2.603870082946625431e+01
3.330740541033273133e-02
2.299166958761320245e+01
9.631205028933525369e+00
1.580530284085714499e+01
1.408598078517115404e+01
1.490417604255094908e+01
5.360864957764989924e+01
1.277541396035754317e+01
5.461943597375247350e+01
1.708309261041856786e+01
2.791796810590448530e+01
2.183018805959661890e+01
2.396908018686507802e+01
1.845014788605607636e+00
2.510285637945291981e+01
1.769052590373105716e+01
1.557938157390627865e+01
2.183957911433524046e+01
6.442099486434123001e+00
1.709140649046119620e+01
1.269741398106532415e+01
1.248482957999751264e+01
3.483432124471633085e+00
2.263238968358932368e+01
4.830694142366771082e+00
9.985784283581935483e+00
4.379695794925213548e+00
3.324197994486134178e+01
2.607193517166649599e+00
1.161667023966404955e+01
3.432507023357392849e-03
1.236693112258349458e+01
2.501935364974063347e+01
1.631666997797812613e+01
1.530897032864646157e+01
4.952272207337672735e-06
2.679954483393355602e+01
1.892549776854291110e+01
4.497576269539900196e+00
4.592258388719852924e+00
6.895253865074699284e+00
2.604412615253800212e+01
2.459762564772598192e-02
1.590980512305331729e+01
1.484235337327804061e+01
2.933589219263237169e+01
1.109278994820064845e+01
5.109119365725141471e+00
1.402029322218682239e+01
1.323646099832859946e+01
1.697842885972831659e-02
6.511418111428999111e+01
4.952272207337672735e-06
1.546389031653393253e+01
7.759102776792814460e+00
6.413195390658201234e+01
1.450563696803673608e+01
2.346262954332391626e+00
8.548894918463604498e+00
1.836396887248711707e+01
3.766749988208124122e+00
4.945795625495724934e+00
3.315997987919979018e+00
1.566722052908069074e+01
1.767049108431868376e+01
1.055927180660719245e+01
9.622419198951343233e+00
1.592929079409505100e+01
1.234569318104466618e+01
4.024012161618796676e-04
4.209410100681520106e+00
1.454321772262034962e+01
1.767232499105688248e+01
2.841021571845115723e+00
1.352401956797678473e+01
4.389800714285286176e+00
1.661918734364659400e+01
3.857448405229239086e+01
1.207909070613327174e+01
1.057755541733941484e+01
1.256450548385757671e+01
1.393440495096456999e+01
1.958971840589005808e-01
2.542522790956244449e+00
1.666791723390514335e+01
4.730731269202523726e-04
6.520676368985016680e+00
4.678761584271022400e+00
5.998715199908228435e+00
1.339744339984463828e+01
1.738976896626926205e+01
1.012762548928187734e+01
3.848032765968930846e+01
1.335506506355453737e+01
7.613668844764349686e+00
2.580427838799067075e+01
4.722380378533129530e+00
2.068115531065477342e+01
2.969364299311331479e+01
1.509865497132060419e+01
7.943267053432300634e-03
4.125604314188504418e+01
2.911439074195036270e+01
3.930238313614794521e+01
5.054887538083590925e+00
3.577020806160698640e+01
2.201610411678790769e+01
4.908103285454011200e+00
8.671012099640288184e+00
1.022865229100915485e+01
3.099314893350192079e+01
3.397062217082874201e-04
2.995777237702871787e+01
1.710755960111844587e+01
9.031452241545903092e+00
7.993344706430020701e-04
4.952272207337672735e-06
1.543576852839535718e+01
4.975029201792994904e+00
2.112441566223401423e+01
8.373723092473551333e+01
1.083259661728119738e+01
1.362803830027285379e+01
4.621352008096432940e+01
3.122148661952274296e+01
3.749633976586128625e+01
7.917522645958867678e+00
1.710868225720619762e+01
6.915879369906126339e-03
9.254847443705581302e-05
8.973280089999309539e-02
2.868906917791493782e+01
6.066599631638147194e+00
8.631792466990822277e+01
7.475442810988475628e+00
7.103396808793320361e+00
3.567124567152010428e+01
2.828051792347605620e+00
2.444621486080695405e+01
4.626391171973560290e+01
9.438861838941924987e+00
1.098216867296217103e+01
7.624827690117914614e+00
1.688996105333207964e+01
2.332202453916923446e+01
3.833350763388468607e+01
1.345396782355522092e+01
3.044466622231782438e+00
4.106600847771592733e+00
2.169108914222137141e+00
5.992678944039028011e+00
1.065142498410564542e+01
2.825706257896080231e+01
1.178546208101894877e+01
1.137140514426509696e+01
1.279157319882961019e+01
1.745871597665968622e+01
5.206845957016922988e+00
1.961594003639033090e+01
1.354139041941976096e+01
2.285545933361283488e+01
1.304225256502505037e-01
1.226684694126883457e+01
2.094195873933732699e+01
1.449518593320430426e+01
4.952272207337672735e-06
6.930920821127428688e-02
1.878532597819327776e+01
7.509467354258657704e-04
1.972841183889062222e+01
9.461427837696302134e+00
1.974205443415235184e+00
2.757830979100489088e+01
1.948475601922943667e+01
1.182161064219391022e+01
2.210220720997552846e+01
2.691401026095873661e+01
1.062640064220862079e+01
2.547995843841374786e+00
2.077844662802274568e-03
3.949050590818570239e+00
4.500550404362719803e+00
7.751714528327081410e+00
1.727374351014491083e+01
4.572021125725688862e+00
2.066362628363285125e+01
3.022605894767650625e+01
3.830931564001848244e+01
9.616122495210305487e+00
1.778918803534192250e+01
5.578209146943006402e+00
3.188649936508765492e+00
8.160110612568830746e+00
8.135548099521081156e+00
6.772504536170290024e+00
1.420266852037032024e+01
1.409509203785804132e+01
8.245870322577843581e+01
1.301298686370093804e+01
1.790739945005752620e+00
2.120559986876567038e+01
2.220188385911839646e+01
3.577561335300949708e+01
2.782682284861148325e+00
2.909076981571304543e+01
3.834735059758530351e+00
6.075643911037845513e+00
9.636383971510435131e+00
2.139809821904804110e+01
9.396545868169376092e+00
1.120613361043590928e+01
2.068209952986556033e+01
1.361051521215955162e+01
2.016207067914415774e+01
6.822232961911174343e+00
2.885182872322900494e+01
1.524761355227523829e+01
6.176334360616097641e+00
1.583983711612678746e+01
6.030627399812025224e+00
1.170436618400725592e+01
9.496930766735429685e+00
4.355402808821818184e+00
1.160933361581025380e+01
1.322705441521380187e+01
1.883276848871821585e+01
6.683179232746646825e+00
2.044748535991964289e+01
1.689019838103756399e+01
3.723251172819045437e-03
6.076315224694378792e+00
1.234829162561713645e+01
5.800075942362606263e+00
7.414220486784468989e+00
2.827257092318533083e+01
1.071758397991737395e-02
1.866671175926223825e+01
6.998472309974304473e+00
7.601442133430134973e+00
5.500320073865405845e+01
9.627538433777456106e+00
1.267323939674007072e+01
2.021041230640716058e-03
2.208210206362808847e+01
7.458613068936156765e+01
7.979644079576781124e+00
3.712276755261950001e+01
1.227968280733887977e-04
5.265683076925215644e+00
1.993467349932292620e+01
1.690643590991039169e-01
2.770267505570221545e+01
1.713726096439529556e+01
1.917333849200721367e-04
4.255125551508327081e-04
9.406172797787668571e+00
1.153827807811107320e+01
8.939324545317701265e+00
1.729211327988046065e+01
1.860734318250531061e+01
8.983212761528815093e+00
1.777178140872518597e+01
3.486564827004100664e+01
2.594411791844246551e+01
1.539260443717493843e+01
9.928502407655354745e+00
1.455435439928149677e+01
6.988984330755455332e+00
2.062570653546419308e+01
6.788829087812300145e+01
2.089527711337218108e+01
1.979980352460014359e+01
6.506218332735842935e+00
1.095420289570600225e+01
2.348910122217128471e+00
4.430219054027292103e+00
1.554135568929902433e+01
7.961486497423047126e+01
6.635764041315123762e+00
5.445038618400617736e+01
1.387189744677390912e+01
6.841682315328130315e+00
5.497079013022755589e+01
2.262478598498032056e+01
2.516037260595042824e+01
1.413563685697195105e+01
4.892391348688740265e-05
2.552370242116823107e+01
1.028799924700473234e+01
3.350385922965821806e+01
2.965162727752898686e+00
9.529258001392406641e+00
5.572593484495785177e+00
2.031498315828785195e+01
1.608816583412706080e+01
2.935132669671624228e+01
2.476764431875920280e+01
5.236740898944756140e+00
4.643064480144880690e+01
4.703969387245206246e-02
2.009793372779693854e+01
1.280876525339110472e+01
1.118319238484309430e+01
4.891674686992588620e-04
2.946466014633536190e+01
2.001404600132313760e+01
1.223226086667010646e-04
1.252388896492837489e+01
1.563355471749951242e+01
2.177076990901018472e-01
5.030307932426306659e-04
1.797206417624401098e+01
6.837573493701551541e+00
2.003507296273649274e+01
7.392303329386808564e+00
6.575690080209222188e+00
2.019701090322711678e+01
1.092487994763355275e+01
7.095763408555895602e+00
4.872731463867927104e+00
3.069727651768666732e+01
5.694634838451712255e+00
1.514334583517345934e+01
1.178769439902280702e-03
3.833427498966046443e+01
1.912433446001997339e+01
8.253264928816051338e+00
3.837125495298830913e+01
2.555923200418170183e+01
1.019780691617372348e+01
1.797040327314886454e+01
8.305305449847903532e+00
2.132074299052202804e+01
2.368121893497664132e+01
7.297815698303147691e+00
3.448684050179455680e-03
3.078646850819239944e+01
7.021142495200639357e-03
1.215824008276267598e+01
8.900811491455742797e+00
1.046523235612164981e+01
5.293564463448229951e+00
6.971545110867791273e+00
6.974555524634579932e-05
9.056265123125177396e+00
2.308648079405358107e-03
3.425494730237251595e+00
3.827863210752292744e+00
9.417920334040754682e+00
1.693208113537751558e+01
4.390748863176160199e+00
1.023118730063423598e+01
3.344236995585088579e+01
2.362969466407273345e+00
3.550930001991179807e+01
1.522516897008383552e+01
5.099788581075502591e+00
3.651296132048726051e+00
1.307286633462999248e+01
2.014154771050674952e+01
1.104356990743575473e+01
3.097912011525017917e+01
1.227137071860716588e+01
5.040500405269529149e-04
1.490108254346314220e+00
4.057405834616602647e+01
6.147544373913364169e+00
9.871899456768103320e+00
9.692545452757846292e+00
2.214443073857564670e+00
1.304082955626424933e+01
3.261990688212733858e+01
1.963924328700051802e+01
6.414387287905196189e+00
2.603360125373880862e+01
1.484050070302507152e+01
2.073604253411436105e+01
9.007584310305462694e+00
2.379836789271677233e+01
3.634536243571049319e+00
2.439585479507449861e+01
1.608696420875940092e+01
3.680078798993069711e+01
5.753719258788375868e+00
5.299434640617010750e+00
1.700911543982601160e+01
5.882920793069968290e+00
5.762732678347978421e+00
4.098970003269737106e+01
7.433017130213648294e+00
4.597761832605548449e+01
3.525227097325459624e+01
1.924822385952452919e+01
2.567204554437439867e+01
2.445299685863507877e-01
1.908258672661749245e+01
1.166189868653945361e+01
5.292041234839901520e+00
6.901739198051659585e+00
2.569437505325015181e+01
2.085123168667851346e+01
8.844928062810884839e+00
1.555398677141859753e+00
3.081946163825106666e+01
8.283602110196241597e+00
5.901812675831956767e+01
3.285853473660858270e+01
2.035493442152495192e+01
2.604467692270185353e+01
1.788483791252241772e+01
4.952272207337672735e-06
2.131545137915363242e+01
6.523743178013215349e+00
3.059119026175461897e+01
2.749094325696038954e+00
3.172300976336622114e+01
5.894277592020088719e+00
4.669267126051350658e+01
6.534328595300266329e+00
2.026764369896641682e+01
4.427026880869075143e+00
5.517673998327805407e+01
2.391741869693089839e+01
1.966159894765105065e+01
1.374086066188500918e-04
1.804311196470240830e+01
1.709424301600613560e+01
1.006611602618679946e+01
3.628013415429109045e+01
2.500167013136879035e+01
9.160847899817245121e+00
1.825538790811211953e+01
1.020081437103161548e+01
8.474073364756977256e+00
2.619231479666085605e+00
3.558770979105893240e+00
1.264225286776760271e+01
1.211664435838826570e+01
6.908600381821554670e+00
1.306746893218850758e+01
8.881713564875438394e+00
2.239669340900114136e+01
6.825899006314546824e+00
1.188247519797801388e+01
3.086619292739320386e+01
1.172314917125576450e+01
1.202587515894345316e+01
1.503431141818957428e+01
1.261497860456786668e+01
1.248378527360694079e+01
7.890372619955044797e+01
5.451048509404033737e+00
5.271808566370812521e+00
5.083879503918517173e+00
5.230546126315574895e+01
1.665552269160346555e+01
1.491877752044593564e+01
2.494673825254985999e+01
1.123506706522850962e+01
1.098417607937269480e+01
1.722414115291952896e+01
8.474435140992882948e-03
9.376590976734936689e+00
2.298545110503907640e+00
1.908220936396827483e+01
4.952272207337672735e-06
1.305186626611355649e+01
7.203572232679963605e+00
3.690763467427386146e+00
2.376694829483111948e-01
5.990379011427612710e+01
1.204942692574346097e+01
3.469480403829240611e+00
4.926424194241775467e+01
3.096914680325066982e+01
6.408059028597672402e+00
1.635376885988645412e+01
2.387773064290394132e+01
2.737502443679681541e+00
9.683628646449827571e+00
1.485944224164727245e+01
4.458693779495367160e+00
1.498830010723010357e-04
4.952272207337672735e-06
6.000449167332665468e+01
1.217898838478352452e+01
1.207922006420415961e+01
8.260923101866133322e+00
4.675632338785590036e+00
1.987124454959355546e+01
1.859738014817724050e+01
1.632760223227737839e+01
1.795529364382204207e+01
7.406764564481677304e+00
1.032053477323547419e+01
3.308207280329182254e+01
1.330127080723987376e+01
8.952341442543845673e+00
2.204941912686466221e+00
2.220295252202921077e+01
9.338524014597565426e+00
1.584374011927658721e+01
1.548518012829824642e+01
1.761072948855042952e+01
7.491605829383019000e+01
8.487021860968970138e-04
1.243200598360493458e+01
1.411276011659394491e+01
4.989581246166255646e+00
6.024658738264337288e+00
1.132089407834288153e+01
2.428213477749577631e+00
1.706945902008502713e+01
3.110848676828489090e+01
3.199335600661190071e+01
4.247391965351130949e+00
1.069886506739569398e+01
6.986561890158943022e+00
4.952272207337672735e-06
7.506232123977642168e+00
7.766211309898213067e+00
3.418839382968714347e+01
1.379953821416383974e-04
1.108717514223646816e+01
1.405891369280562486e+01
1.814144755451770161e-04
2.184318239881721269e+01
4.225717708818435447e+00
3.341010220778841688e+00
1.221706688920464146e+01
1.637287489972109356e+01
2.235663473293546755e+00
2.072709720334392003e+01
5.693402985571141377e-03
1.132940729276339553e+01
5.036294378011434247e+01
3.745924647502975091e+01
7.584514792543628481e+00
5.018524565662973558e+00
1.319909291965848119e+01
2.539312942538889839e+00
7.551998450845529183e-04
1.034624581223587469e+01
3.429184109838610794e+01
1.120903322099724986e-01
6.083036770446766717e+00
7.292565373382524285e+01
6.125404172491739629e+00
2.926155627016207106e+01
3.260370138283907693e+01
4.571397457110204243e+01
6.560040817703266747e+00
5.662020235040209570e+00
2.542628131658771906e+01
3.247319887482405409e+00
3.277589472085826117e+01
1.554135284474014433e+01
3.794404765184948758e+01
3.892648026981718190e-02
3.245376809466800694e+01
4.724938595831967092e+01
2.367469067888720957e+01
5.543875752074776564e+00
1.922297436239963631e+01
3.434794293371963569e-03
4.629241538007612888e+01
3.054516399375753366e+00
6.494109190683916211e+01
1.310254628796347021e+01
1.451753600152932933e+01
2.338299323313570710e+01
1.601789865118644407e+00
3.125107181045623861e+01
9.634294152868891459e+00
2.197474579008337159e+01
1.877727211947683372e+01
2.261115209702912132e+00
7.810325642247856415e+00
8.749810407512011778e+00
2.781770488961263221e-03
6.666640734894394349e+00
1.093029157373295135e+01
1.790823038820063952e-04
2.517548170238329419e+01
1.820794642930761142e+01
1.897044575644030218e+01
2.061752781317183647e+01
1.961544225540931219e+00
4.925784634883373769e+01
1.558671179812405327e+01
2.667682157477435112e+01
6.940064434778620353e-03
1.697596825195986270e+01
8.939499214301761809e-02
1.519890815737916512e+01
1.657347458406324137e+01
3.759271489474304229e+00
1.674227535246005871e+01
3.460397440418811144e+00
4.761389718828531237e+00
6.527762877442933132e+01
7.049444221040545244e+00
1.950648696311449726e+01
2.644869795464965279e+01
3.658133205002537380e+01
1.073791522384981256e+01
2.873680794029414187e+01
2.638425317070904885e+00
9.305320577869302667e+00
1.391265169390788259e+01
1.456035378190893326e+01
1.901782311875923881e+01
1.906935471825066486e+01
2.731099778976091130e+00
1.476917653509706341e+01
2.051630540888892629e+00
3.745441212355549165e+00
2.355448755989979048e+01
1.738561836028559782e+01
1.080041095577477250e+01
2.068620659649010207e+01
3.096314993320577358e+01
1.118201888007390110e+01
2.669209065454303698e+01
1.887216774962102406e+01
4.945702602345242127e+01
3.588502545936623278e+01
2.314421737795945511e+00
9.686826241861679065e+00
1.271023234529420698e+01
3.244824505872859532e+01
7.930428132957702658e+00
6.308137679604904235e+00
1.768546682798454839e+01
4.345549846990722997e+00
1.252832065609481660e+01
1.257744949379332455e+00
3.722293758185850265e+01
9.456050260841408317e+00
1.558600931565440639e+01
1.313643238589622442e+01
9.567329648026341005e+00
4.798773979727133110e+01
1.440278506250036017e+01
2.904780231003627680e-05
3.122221271421647515e+01
1.165108757623212554e+01
7.062008833032154875e+00
1.509398245478694456e+01
2.001642795654313956e-04
9.990520771777951836e+00
3.633183559094134552e+01
2.630456305804508332e+01
2.425939703610151099e+01
7.630079819721603762e+00
4.839847273900899438e+01
1.603922220111636321e+01
4.952272207337672735e-06
9.472163630548071029e-04
8.563663351739442264e-02
1.043777816125099633e+01
1.382058810222333634e+01
6.370108563720709327e+00
4.535938615372458571e+00
3.317451149005305666e+01
1.959355259274467898e+01
1.001723288563181136e+01
8.288077895852708821e+00
1.006800203850526643e+01
6.731741574221862479e+00
3.864684754255667709e+00
1.139430562307035544e+01
9.352894953588116067e+00
3.952020906137677425e+00
1.867392897148463504e+01
2.017937571048575407e+01
3.391419552369679025e+01
1.771322181663272488e+01
7.270197138590120227e-04
2.732528033358066466e+01
1.867597644086976372e+00
1.493438926148128942e+01
2.364577460133454601e+00
3.667888853671244931e+01
2.008760252776640698e+01
3.216197895292557973e+01
1.723456474876732969e+01
1.572914926446862616e+01
6.679770369269316888e+00
1.302970251785398226e+01
7.309627761689704961e+00
1.500289750492125407e+01
1.210582797989299664e+01
1.653011182490046238e+01
9.313342494629438306e+00
2.175872653712417204e+01
2.562584688067685246e+00
3.458294276998630323e+01
1.917295394633140404e+01
2.091537720764095276e+00
2.482289219110841216e+01
3.578378962857546242e+01
2.299665446537132851e+01
2.186133340115612000e+01
2.273799297407555375e+00
4.927796231667260329e+00
1.424186041712804851e+01
1.511214372031041264e-03
1.018359653298248801e+01
7.818928970427083236e+00
1.569861726758637843e+01
1.549229125714827227e+01
5.306396095479708208e+01
2.752840180167989459e+01
1.293146369449004601e-03
4.905782531825865078e+01
1.900910588221828590e+01
1.099456253084565205e+01
1.403137692637037048e+01
2.374440213670253819e+00
1.276012358293197124e+01
1.064929775180230820e+02
1.717599422934303632e+01
1.323538719187967727e+00
1.235830178900322274e+01
3.400820217990492722e+01
4.898653162310866449e+00
1.624246094070186786e+01
3.430024403880698625e+00
5.750307980329248281e+00
7.085822082694413382e+00
5.175591666927950030e+00
2.186213804206740008e+01
6.481054736725994303e+01
2.009856870877431589e+00
4.273377609442862379e+00
2.007319556165641927e+01
1.696839387486732420e+01
3.065605597184450470e+00
5.084667431945388216e+01
6.723011494835728463e+00
5.401397768664986998e+00
1.230089827415050152e+01
8.427647250356448794e+00
1.290428808257395055e+01
1.884801658074073671e+01
1.051421182330578219e+01
1.642977550224778582e+01
2.852106528129937857e+01
6.435933277063442404e+01
1.520960413956666457e+01
6.408885042322051362e+00
5.989168987255585996e+00
1.155011227552730801e+01
6.666822983909728606e+00
2.957793185675359382e+01
1.355011896002992700e+01
1.083912442786389541e+01
7.798753847637485137e+00
7.210160877230801013e+00
1.200967088266466831e+01
6.464507313490527096e+00
2.890156975962075769e+00
7.255392463827899263e+00
3.134437123448990903e+01
3.976849966879661302e+00
3.188154715418223617e+01
2.651314477165983163e+01
4.451177388991196082e+00
1.846012634347106740e+01
5.434947751672083172e+01
1.573539078369974575e+01
1.016732068498470198e+01
7.188713416915831544e+00
9.151372833656344241e+00
3.270683903123840164e+00
5.098997711758976870e+00
1.086669280205303600e+01
7.367247026142326405e+00
4.523358616822505951e+01
1.695257472319378778e+01
4.875709705078180889e+01
1.977030895680543665e+01
2.138682254952872341e+01
1.706372054268308069e+00
5.314581979263556377e+01
8.287065491152315388e+00
1.396145485533966912e+01
1.768166578243986109e+01
7.051878783634308867e+00
3.655820311561557645e+01
2.087220713640251191e+00
2.470030989625053408e+01
9.999833794571864942e+00
2.076610087846686525e+01
4.922189773135485780e+00
2.084213453660247950e+01
1.205895495716152510e+01
1.097442215267473742e+01
4.551798951252767012e+00
1.371877473594244279e+01
2.818891686578292521e+01
2.194688162867785408e+01
1.415957742538366482e+01
1.542915398376600633e+00
6.755733051559206004e+00
2.233360046060630566e+01
6.225385629383906938e+00
4.083762991833592793e+01
1.388325420310588498e+01
1.892556460519579531e+01
1.149660694535346650e+01
2.094177212493796247e+01
1.465430140187737251e+01
1.106184099701530599e+01
1.192447777325899771e+01
4.952272207337672735e-06
1.263265071221517744e+01
2.179699086385176798e+01
1.569786924105503800e+01
1.360927211826910366e+01
4.174255728133687171e+00
2.007632005798915031e+01
6.047082907058636714e+00
1.834718242978170322e+00
6.268041745207614923e+00
6.664512599415705552e+01
1.224319984327187960e+01
2.137094037633843513e+01
2.793223833699024183e+01
2.500045471690044252e+01
6.469099786758089721e+00
2.404317934026475001e+01
4.956358225954064167e+00
4.582888458709605928e+00
6.098969687814500773e+00
1.403268597040498444e-01
2.989398017243428285e+01
3.940560831653199614e+01
6.369203105219277461e+00
4.557274487339341817e+00
1.208745607859367155e+01
3.953739831857731765e-05
7.733923043472494818e+00
1.146500266728202178e+01
2.492596279584214614e+01
1.304027137530149005e+01
1.432696072580791657e+01
2.108691540873175541e+01
2.184161890009722384e+01
1.171388451677612430e+01
9.523074741714859570e+00
2.107268293936787718e+00
1.642699308069727948e+01
1.236944282697500874e+01
3.223194175645335835e-01
5.943372530724985126e+01
3.256947728156751509e+01
2.324515837413799346e+01
1.267390596781833345e+01
2.336248239941836857e+01
3.840106642832268591e+01
1.701847820972824010e+01
7.044894042987411176e+00
2.264900928680074088e+01
5.547650175585854271e+01
2.685663567619184988e+01
1.380815684486378991e+01
6.283913970855891762e+01
7.695765363229442713e+00
1.413770240179977122e+01
2.267987051888845418e+00
1.064057197175202418e+01
6.435853462623416021e+01
4.195194220449849354e+01
1.126803259668037782e+01
5.206774774882239498e+00
1.951752212255742913e+00
7.370123203070392037e+00
2.382371223545202810e+01
7.961895557420619163e+00
1.579677344492742286e+01
4.215157079903854687e+00
2.115811286864211382e+01
1.471632574251270853e+01
8.706200313633727372e-03
2.731050175322237550e+01
2.038569877042080591e+01
4.415622269077328355e+00
4.143365523402891409e-02
1.652141097662568825e+01
3.107216698113151665e+01
1.815334142842357679e+01
1.370114579979550484e+01
7.621997655646034708e+00
6.614202172529917156e+00
2.550945998871933895e+01
2.398986348757020792e+01
5.557874106310356055e+00
1.670859459101285083e+01
2.239441282229260644e+00
1.616129850039381566e+01
2.252843452070376173e+00
1.267547369085737508e+01
8.344791836475007329e+00
2.227451288542111385e+01
2.199137493257927289e+00
1.740570354310474244e+01
1.410849646879431152e+00
1.696582686865768608e+01
4.999341050965538358e+01
1.403357584655950951e+01
3.015282141316167497e+01
4.952272207337672735e-06
1.015740275588246000e+01
2.002106165881630062e+01
6.275855357017643144e+01
2.501921628325043656e+01
1.619709291499117754e+01
7.166435408896890458e+00
1.390006983764172688e+01
5.464946786282038893e+00
2.421538899691428171e+01
9.458021217655215196e+00
3.913591644185817131e+01
1.127070851402037377e+01
1.164169460882899543e+01
1.314027195097845002e+01
6.468483168710480236e+00
1.506157666875147924e-04
9.816424621210309454e+00
1.117342791785234724e+01
9.939724209612300854e+00
1.190858471524408735e+01
2.455459293960102940e+01
7.606248869620422246e-05
1.079360834142849868e+01
5.890444462612768994e+00
3.074760758248476389e+00
4.409807422137177468e+01
5.959184587519086307e+00
1.292862633229288605e+01
2.712625210979041412e+01
1.651283159857635408e+00
6.211717123446256927e+00
6.474720551022045356e+00
1.087786616009046625e+01
5.882835307646162804e+00
3.573851545496792070e+00
