4.634227627185269388e-12
5.185774287313290711e-12
1.445061259346082448e-11
5.344710448779937283e-12
3.337040523511436371e-12
7.246143426735366782e-12
6.046550721165655498e-12
7.029739751463493893e-12
3.481550539260397207e-12
1.267679531064790018e-11
3.316940666538876735e-12
8.027496643671064589e-12
1.335582362997819911e-11
1.156376654210448970e-11
1.164802597904294228e-11
1.110173729851228534e-11
5.888935984166996339e-12
1.037845795262901285e-12
6.766872412820372547e-12
5.602938520873112227e-12
5.892598123620722253e-12
3.300494129902969863e-12
6.840649902547328022e-12
8.318721833438749352e-12
6.046953444627668888e-12
5.399226233422302559e-12
4.431611750374499698e-12
5.822248302683054408e-12
6.707194762234870178e-12
7.295725558131651831e-12
9.020056841453295703e-12
4.018428593348886540e-12
1.858075659559579733e-12
2.523317666855972344e-12
6.526178711219126604e-12
8.113871117033767118e-12
1.647410133190076214e-12
9.774743643546568832e-15
9.325949380858251732e-12
3.427266919857089802e-12
9.423004242143686298e-12
2.116724090005624048e-14
4.944068968990710735e-12
2.169080616162064920e-12
7.655428128971653542e-12
nan
1.442435865257049422e-12
3.884228431181191339e-12
9.069779153486775567e-12
2.433915250561309575e-13
4.752721116550253321e-12
7.541876824726092504e-12
1.193742317619144538e-13
6.970783195124470787e-12
4.138418322584064220e-12
5.769314988792420262e-12
5.361543026249498646e-12
5.298104372045448897e-12
1.314219508656253322e-11
4.857353924399948261e-12
1.327492751514447748e-11
6.055671127735398264e-12
8.081191492352738540e-12
6.634435869259065841e-12
7.298775192528493320e-12
1.326844924840213025e-12
7.350103093725572244e-12
5.811663849006218122e-12
5.636772853723911432e-12
6.824138684750110442e-12
3.205550587832417295e-12
6.076745387614789581e-12
4.694032831965522702e-12
4.745097513198431065e-12
2.088991615764963555e-12
7.022892145172500644e-12
2.600463072502744322e-12
4.246974593372154613e-12
2.439353374872128329e-12
9.043873790762170195e-12
1.703374207540696242e-12
4.522125771524320577e-12
7.969583295900162690e-15
4.816463688866917946e-12
7.342368372545711720e-12
5.634529122994741856e-12
5.622656188123695409e-12
nan
7.845263346408360728e-12
6.200867670957176852e-12
2.484240889990941356e-12
2.519686056129834735e-12
3.342481799577374462e-12
8.143000702950752707e-12
1.058560808009429996e-13
5.705399993422112249e-12
5.561907479798360666e-12
8.169223802792872317e-12
4.564657364717089360e-12
2.693716880898597655e-12
5.248113813719727210e-12
4.794226511137819592e-12
1.230777099975647421e-13
1.489766808370144605e-11
nan
5.586529881468883136e-12
3.592344815876586773e-12
1.480587582446763327e-11
5.369017972129764982e-12
1.572379479536302414e-12
3.703457514618300730e-12
5.958181524611767177e-12
2.206588195602656531e-12
2.640553311541859880e-12
2.026979801391891524e-12
5.365978724037852625e-12
6.206863579687570446e-12
4.316491741606528166e-12
4.087726251749540963e-12
5.790079517943223675e-12
4.612347261988272334e-12
nan
2.393285573438109392e-12
5.208015863972796182e-12
5.894323927014770557e-12
1.839651479537267196e-12
5.203717280069691430e-12
2.455745188952182976e-12
5.866785833219446460e-12
9.924467489969074940e-12
4.642721137447465632e-12
4.236949597494120763e-12
4.781037342629571616e-12
5.255150093686294302e-12
3.534773064524780866e-13
1.675621054073958305e-12
5.601315345346184483e-12
nan
3.228415421853719055e-12
2.542711374889330426e-12
3.055764061510149372e-12
5.160407013301270748e-12
6.047141409890158761e-12
4.248185480152640624e-12
1.043574840113679791e-11
5.062399730778919393e-12
3.551668427475853609e-12
7.715979974120751024e-12
2.565306699104233488e-12
6.481534750865703142e-12
8.428293187880943378e-12
5.352180576507458158e-12
4.660068719292807107e-14
1.090315233475757657e-11
8.124614382364990550e-12
1.021707910992120286e-11
2.629149872447376255e-12
9.338576454490736836e-12
6.897626637906058077e-12
2.620063195280042675e-12
3.861066120115073594e-12
4.292375357236799690e-12
8.639014337550569938e-12
nan
8.453415939322376046e-12
5.687938628479465887e-12
3.900639675771167441e-12
nan
nan
5.332803714315030738e-12
2.675250188437320078e-12
6.512133663865614338e-12
1.761419720469043781e-11
4.455279974729645994e-12
4.885433799805217027e-12
1.181846846558043852e-11
8.516163135035346428e-12
9.725878201242640481e-12
3.692182813429949860e-12
5.987399391288989818e-12
1.892764888043585356e-14
nan
2.151284369011012385e-13
8.418619294945748266e-12
2.939474341704403830e-12
1.807956946143315064e-11
3.526437839020582159e-12
3.426043818590381398e-12
9.673828557325799644e-12
1.835651603915941151e-12
7.637424253255007424e-12
1.182847874912141644e-11
4.111559595699835824e-12
4.475513181863467313e-12
3.455900495049987366e-12
5.759378258451483892e-12
7.437603479771975187e-12
1.012426109009856784e-11
5.126516469397248666e-12
1.920171202575242026e-12
2.351395942332552651e-12
1.486771546044515632e-12
3.055148648157731845e-12
4.467824036257083327e-12
8.136154720936701143e-12
4.564079001200933675e-12
4.650132619137798058e-12
4.903961128978010400e-12
5.924306815033579904e-12
2.728691953761207687e-12
6.489984747848810284e-12
5.149091785571749142e-12
7.169616165595522004e-12
1.995294281078909394e-13
4.669037714088638290e-12
6.614606604173806635e-12
5.417567734371217014e-12
nan
1.710602860934467126e-13
6.167759497148586127e-12
nan
6.320891397722158396e-12
4.092370005564796441e-12
1.392933909375240660e-12
7.836695721282214397e-12
6.654545073350705395e-12
4.666010689650091838e-12
6.707092928727594840e-12
7.830540646394842196e-12
4.222981716274122641e-12
1.685707382217147202e-12
nan
2.299743369015982773e-12
2.497511144607049973e-12
3.601917244935946665e-12
5.849920030990614250e-12
2.504949117154587349e-12
7.010178607604618645e-12
8.584523688242512907e-12
9.775561209317292027e-12
4.025863577958081494e-12
5.925216722534345642e-12
2.871303148623858121e-12
3.016294987288189576e-12
3.655279697149687454e-12
3.742473850543601154e-12
3.209509300854015235e-12
5.394108778738444822e-12
5.150763382954148662e-12
1.743430864737069241e-11
4.740289514324303130e-12
1.294304402044831433e-12
7.077669306729407584e-12
7.314355348797693472e-12
9.336958940962702064e-12
1.808660250634483509e-12
8.120542773241553803e-12
2.245982346096491302e-12
3.088554944390587193e-12
4.162378934253717240e-12
6.700398568039264634e-12
3.913157015441424926e-12
4.604917133646760966e-12
6.519163704724023608e-12
5.119785545571963840e-12
6.430967120967423395e-12
3.179091163248750120e-12
8.076202372937516036e-12
5.386222942221532925e-12
3.099984392012110695e-12
5.520792927502223391e-12
3.054773665372459006e-12
4.679307645631850266e-12
4.061124847021909011e-12
2.450886474217676018e-12
4.629778676801701289e-12
4.793041920790269697e-12
6.412624379425334583e-12
3.279032003709844420e-12
6.515371247583957144e-12
5.792884205806035904e-12
8.823130094344800609e-14
3.065668899093090539e-12
4.871296267859579370e-12
2.951408759950171671e-12
3.432518705668542778e-12
8.091630703602204279e-12
3.717319818289268607e-14
6.160539258156892535e-12
3.376412605311646635e-12
3.578198405711746880e-12
1.331771923520383658e-11
4.124693813046508746e-12
4.934892495433885892e-12
nan
6.688966726712561590e-12
1.635084046052825072e-11
3.702139461325798852e-12
9.597551175432801562e-12
nan
2.752583919028640728e-12
6.382630675001554824e-12
3.569359755547332900e-13
8.116696981708277055e-12
6.093527722045659098e-12
nan
nan
3.967265544526058962e-12
4.713866745569838874e-12
3.956558075264122198e-12
5.724360313936469648e-12
6.017131630126068910e-12
3.909971894536275796e-12
5.968549810479574136e-12
9.497825082282419066e-12
7.635454023383508991e-12
5.427950434774993987e-12
4.166825489516877316e-12
5.109306510157250600e-12
3.368560172680483414e-12
6.586469972112774025e-12
1.530362964652754233e-11
6.506018115220796055e-12
6.254445128100248586e-12
3.126340219735949722e-12
4.517137778232321137e-12
1.577222284292241170e-12
2.452187620050962358e-12
5.475696137272030129e-12
1.706587609241110877e-11
3.252792292015759530e-12
1.319624710392448448e-11
4.940230232948227421e-12
3.311439543051054812e-12
1.334711951733866600e-11
6.830198472312166714e-12
7.952467676743970786e-12
5.156856022097154264e-12
nan
7.441021149205453027e-12
4.226954927397839372e-12
9.447220413396999466e-12
1.897365858776705428e-12
4.140833727065581835e-12
2.882840140449948148e-12
6.891805273658274265e-12
5.458406074659118909e-12
8.168581852403310033e-12
7.431195845209053204e-12
2.758329112414540604e-12
1.185339144235827717e-11
1.754288892839596917e-13
6.402476075353280998e-12
4.815806900420523278e-12
4.601100162444698802e-12
nan
8.226248309534798879e-12
6.420149917128553148e-12
nan
4.829226166106300492e-12
5.582577929402493763e-12
3.435045346287333037e-13
nan
5.923616938576246801e-12
3.327290477709582288e-12
6.304355700651166383e-12
3.505335846451472431e-12
3.095171624886957930e-12
6.319710166806958229e-12
4.437068345370453937e-12
3.363122484402819837e-12
2.622698872072613749e-12
8.420363252962879909e-12
2.815400043694104446e-12
5.409849846228776484e-12
nan
1.019101341991554713e-11
6.236391502232944482e-12
3.783896295775255747e-12
9.814029508526093937e-12
8.012402690159737468e-12
4.271317308998862014e-12
5.903184074161945501e-12
3.791884648132988384e-12
6.535202868961537812e-12
7.081501913788279238e-12
3.466835224727051268e-12
6.648473408352081002e-14
8.700708160097558258e-12
2.592154753349009634e-14
4.562599773586096945e-12
3.862076872709070233e-12
4.207820476761975089e-12
2.780380445498249018e-12
3.398935954366795243e-12
nan
4.004023056864862256e-12
nan
2.088461516515172088e-12
2.231215963675002336e-12
4.095155955152340999e-12
6.018967452853453925e-12
2.448811243754725243e-12
4.345014723438207255e-12
9.335727614313416263e-12
1.589766442088848631e-12
9.289270860093014027e-12
5.289485517134226215e-12
2.701579110613803817e-12
2.186810016637768719e-12
4.843092347514558397e-12
6.297496869055348175e-12
4.436414545630421117e-12
8.471047134242373624e-12
4.697846838987099906e-12
nan
1.126642270893875070e-12
1.068899061220176022e-11
3.104359013464632895e-12
4.193349917952050057e-12
4.165426109698942011e-12
1.517455892104167188e-12
4.992042758180398805e-12
9.420740221884601768e-12
6.728724322714840959e-12
3.179781602062024470e-12
7.676807845454804348e-12
5.432052920062382153e-12
6.447359998920055635e-12
3.954262135809047521e-12
7.207431069918803507e-12
2.179823936149897601e-12
7.707033548443579057e-12
5.458651563619675861e-12
9.591667526898531217e-12
2.956413766838229575e-12
2.778410396867099778e-12
5.819019964017525798e-12
2.884897434739012167e-12
2.978414074957047554e-12
1.066272722578050484e-11
3.516170439098046100e-12
1.169715232676919940e-11
9.451261734694916292e-12
6.496484404789372432e-12
7.720922174125662243e-12
4.021193645663434089e-13
6.235031200942196912e-12
4.646316582792808349e-12
2.769214605972962455e-12
3.318598898845493545e-12
7.491767574617643747e-12
6.432163096444435729e-12
3.858730047296839680e-12
1.163255300900459350e-12
8.462720024183092630e-12
3.782382826620358265e-12
1.393187234176007651e-11
8.992753135947827307e-12
6.327461087813978861e-12
7.541605836545805797e-12
5.973395109555777815e-12
nan
6.739607972138429900e-12
3.226567952482812579e-12
8.677521577754223124e-12
1.779133137623755698e-12
8.878664019113223319e-12
3.019960573746409717e-12
1.182204454746994226e-11
3.213584770166996186e-12
6.423759743279990703e-12
2.473079446723272926e-12
1.331574584292331528e-11
7.125046500389352275e-12
6.439475065165303080e-12
nan
6.363459326779736081e-12
5.957840525413464580e-12
4.213915999395938024e-12
1.007737237391201845e-11
7.393887702540368593e-12
3.947306716469412558e-12
6.026547189556105234e-12
4.340322515907541114e-12
3.828870647316537632e-12
1.730200221246248289e-12
2.123423430287291837e-12
4.776463677963449797e-12
4.651813655517422149e-12
3.335248821433163755e-12
4.860282180440049032e-12
3.932082799457178014e-12
6.784007492548346339e-12
3.332117780401525822e-12
4.688258638357990343e-12
9.072504067862894525e-12
4.738333293266501369e-12
4.826721335398771231e-12
5.614158097963098533e-12
