4.901446881290659783e-12
5.372066120893274778e-12
1.370013932588563482e-11
4.466137461802437479e-12
3.384512903809119609e-12
7.298489751302910228e-12
5.166484753966993357e-12
6.298987479287733274e-12
3.526899128973276998e-12
1.178720005132821107e-11
3.526369664548595843e-12
7.128393731145197282e-12
1.340262597903051499e-11
1.082536711351013161e-11
1.161618081603945207e-11
1.049493354031331317e-11
6.336477113950714070e-12
6.330031203489899162e-13
6.071244040064890176e-12
4.711477343919677761e-12
5.779057539649784258e-12
3.372360799500956482e-12
6.393844585617391825e-12
7.419695469687354758e-12
5.166765011115226705e-12
5.481788798943422498e-12
3.889191574721973622e-12
4.961505003291004580e-12
6.910965524061271403e-12
6.395897088599233142e-12
9.331176717717509921e-12
4.042803095779162969e-12
1.636947546483503761e-12
2.453484763302751002e-12
5.935673595170948209e-12
7.315501428282805700e-12
1.425511931559140332e-12
nan
8.554214969171921081e-12
3.482743307986278613e-12
1.011331266415112861e-11
nan
4.054232132020315178e-12
1.999944034047042744e-12
6.935992895259456456e-12
nan
1.196898540531572156e-12
3.815137754724534715e-12
9.078478958471113139e-12
nan
5.168652135886506077e-12
6.642226514655903759e-12
nan
6.143775768314806548e-12
4.404746241994056957e-12
5.993636436154180636e-12
5.749079804905592867e-12
4.551701468810466501e-12
1.230394716135092564e-11
4.479455557881026531e-12
1.379584854229347448e-11
6.453776294009729939e-12
8.184644204170958224e-12
5.791237699586932088e-12
7.217259940959740922e-12
1.025944884768118859e-12
6.981726776941723018e-12
4.959930298628520834e-12
5.476314244804937548e-12
6.579020339950403985e-12
3.169145585697741829e-12
6.579764343616057839e-12
3.798490935272960028e-12
4.097434092288171101e-12
1.892010580345332461e-12
6.974249614649692034e-12
2.532977324452119312e-12
4.209168111851634235e-12
2.322256172102386370e-12
8.283173988858799267e-12
1.515052664530320886e-12
3.686295527599293498e-12
nan
4.557829045837180078e-12
6.442673174654238773e-12
5.241087847326842871e-12
5.376888292771536361e-12
nan
7.614118718120077468e-12
5.978840175028440087e-12
2.441113897723563528e-12
2.414863281164216915e-12
3.479364737765764223e-12
7.949984108751247321e-12
nan
5.835331820419634558e-12
5.883272675139807015e-12
7.270571102513368517e-12
4.625004737892720244e-12
2.643906705717334164e-12
5.107054121995404247e-12
3.899292320998494569e-12
nan
1.415150563693538588e-11
nan
5.650680247081774304e-12
3.815131655101534913e-12
1.467396513522111857e-11
5.854163741054017352e-12
1.400474201593656135e-12
3.886520401605917958e-12
5.071410724249357132e-12
2.072110146187988865e-12
2.475724104424124838e-12
1.847540760382558246e-12
4.470691071717832977e-12
6.346094834265490392e-12
4.164348244030999593e-12
4.134224843201442633e-12
6.204689036880177310e-12
3.739325801198740592e-12
nan
2.277604388159077577e-12
4.456898934143416099e-12
5.617914390212516623e-12
1.612518161070820752e-12
5.542652997672935081e-12
2.393529990416574008e-12
5.816395657270083990e-12
9.055658329978161193e-12
3.991625091387392257e-12
3.780469213351861428e-12
4.896714402493016302e-12
5.521265385877619042e-12
nan
1.459252373242601701e-12
4.750198360670156082e-12
nan
3.494848831846491864e-12
2.511206378883562981e-12
3.074578783439116845e-12
5.315923823364001556e-12
5.765340050124857196e-12
4.425750481169136909e-12
1.035784381479255449e-11
5.041370297746190241e-12
3.566963095458681655e-12
7.690907363197146532e-12
2.513176430837417982e-12
5.932975022428405320e-12
7.782893210143219058e-12
4.906538300247259998e-12
nan
1.081220772446766397e-11
7.224919379253185720e-12
1.073263671302374863e-11
2.503923220050215779e-12
8.440993281060966651e-12
6.833754441884075194e-12
2.546001153552055433e-12
4.003915015946445716e-12
4.451250611658114305e-12
8.040241594835936673e-12
nan
7.803245362828116502e-12
4.807660668531407341e-12
3.647786056912214318e-12
nan
nan
4.463634722887589466e-12
2.651070950171247061e-12
5.645186759201737921e-12
1.671443957182430274e-11
4.764848261405410681e-12
4.000320322252416045e-12
1.091848739677206859e-11
7.617662168976826733e-12
8.872213471993025407e-12
3.861326162257570117e-12
6.546767001412742765e-12
nan
nan
nan
8.466349812750979907e-12
3.008573424551759723e-12
1.829205247996679509e-11
3.698215795911746223e-12
3.401896032672808618e-12
9.276264856350120028e-12
1.598330483879224668e-12
7.502139877454695735e-12
1.116566389787249281e-11
4.306957022595082589e-12
4.873505322976777643e-12
3.656580724372261771e-12
5.478650123146918687e-12
7.317389046513304917e-12
1.004378776862492537e-11
4.861642591513196950e-12
1.768838046789717747e-12
2.219024076969815417e-12
1.298630196395065914e-12
3.208547390427295052e-12
4.771051268733859958e-12
8.021897080124483158e-12
4.036628111153457054e-12
4.997060442256038475e-12
4.950899473084983519e-12
5.387396877631458690e-12
2.690803330431149263e-12
6.268125180062877595e-12
4.829949817420657474e-12
7.166993205355684040e-12
nan
4.124417054400721041e-12
5.902446930719582350e-12
5.639587675424090487e-12
nan
nan
5.937223358184951287e-12
nan
6.132029252992727385e-12
4.394285486447916400e-12
1.115092295284724937e-12
6.937994723946574894e-12
6.879171348136629087e-12
4.849253294879656737e-12
5.850377538942726328e-12
7.173965734259538468e-12
3.730661213102503810e-12
1.502764924347382937e-12
nan
2.163295779873981486e-12
2.436420209177883074e-12
3.575144723525885744e-12
5.527474902158187399e-12
2.399506645398287448e-12
7.528988821392483534e-12
8.765037543669370869e-12
8.877138164638324514e-12
4.214331085607196389e-12
5.627758377546637190e-12
2.898085825833560805e-12
3.181416935145239987e-12
3.635370146971496467e-12
3.805907174308676807e-12
3.312613624427916992e-12
5.786184728252117720e-12
4.601053375968554583e-12
1.653474293259614856e-11
3.846023871784130613e-12
9.968637194261561143e-13
7.345746339323884564e-12
7.537686989242795478e-12
8.438606312853813601e-12
1.600704344213611225e-12
7.220865639125482215e-12
2.086722918529973680e-12
3.237894952357531469e-12
4.339015259165807329e-12
6.746009768395893913e-12
4.146132400605421888e-12
4.653732436490938604e-12
6.508781761523393195e-12
5.228811585093992030e-12
5.781176117377434119e-12
3.281194511893511676e-12
7.176302174739338011e-12
4.881384706418517489e-12
3.196991432485654668e-12
4.835799948677981229e-12
2.936140994620761495e-12
4.638231029540664492e-12
4.286724906144373660e-12
2.356574435044437673e-12
4.482233660616430652e-12
3.900065213684708454e-12
6.999695414531084569e-12
3.359234022696278484e-12
6.421677135455828013e-12
5.257628871390229287e-12
nan
2.992569695839608139e-12
5.255450037970507248e-12
2.923219756472723428e-12
3.346245374761643100e-12
7.404594880620115945e-12
nan
5.952330076899285432e-12
3.432395344356327159e-12
3.767825567895379223e-12
1.272092359735348323e-11
4.292921324134477674e-12
4.676104148457209819e-12
nan
5.845595566417125418e-12
1.561528289293041137e-11
3.761528258501742370e-12
8.736695283950588416e-12
nan
2.807573450884494670e-12
6.361960512551923333e-12
nan
8.137833235158303911e-12
6.359304395905708292e-12
nan
nan
3.658898714277168217e-12
5.042186490710529020e-12
3.896146341100398552e-12
4.858203470889938279e-12
5.122985191568518350e-12
4.077276193168169108e-12
5.664802027424843830e-12
9.128605163813865583e-12
7.262747537316224660e-12
4.913223237185492634e-12
4.388582325151986759e-12
4.213270226916953111e-12
3.508275394496379888e-12
6.387846278084545154e-12
1.440976271947120854e-11
5.998476689270167530e-12
5.365832413638216019e-12
3.222008244666189686e-12
4.780951634264218760e-12
1.430028519495054128e-12
2.350628442151940938e-12
4.873173857174816934e-12
1.629078164841408143e-11
3.306661753241348194e-12
1.229627917180566325e-11
4.051383460171411480e-12
3.418007661979621966e-12
1.272068930504444585e-11
5.955890774358721791e-12
8.161062050107589960e-12
4.545929309228458071e-12
nan
6.541317279679171179e-12
4.238159271387771910e-12
9.288082132762527578e-12
1.692515092027296952e-12
4.326227939276975661e-12
2.992015201222606129e-12
7.045804533793673803e-12
4.566658995756999342e-12
7.269187294352142149e-12
7.507664852196693947e-12
2.767272518507055097e-12
1.125350640780361192e-11
nan
5.918716033782081421e-12
4.346247711735554934e-12
4.669302964349809705e-12
nan
7.364002645989427361e-12
6.246989929183172899e-12
nan
5.056206332888861709e-12
5.638271351818995954e-12
2.224105271678187495e-14
nan
5.110666269555930128e-12
3.379222071813395541e-12
5.416601898973180123e-12
3.617536980627262676e-12
3.185307101080414028e-12
5.435620572484408598e-12
4.583179045519091659e-12
3.445500886931986946e-12
2.594731718372618408e-12
7.520895739702149424e-12
2.888081151382969856e-12
5.560420667757475789e-12
nan
9.531054614306592449e-12
6.123723854848439879e-12
3.915466600881044825e-12
8.964998927544231520e-12
8.124542208051267264e-12
4.613706655276637455e-12
5.063977668805127532e-12
3.742143604864611726e-12
5.644104022593524049e-12
6.198784152124903745e-12
3.487425688088399812e-12
nan
8.475146208636401044e-12
nan
3.689575957769252505e-12
3.786907109336082641e-12
3.679943131207126113e-12
2.814672774291751387e-12
3.345320174182955407e-12
nan
4.161574554827524009e-12
nan
1.911618589622357114e-12
2.048675013490459178e-12
4.120930387300930294e-12
6.273979206837918657e-12
2.322072581428340318e-12
4.326346641478355969e-12
9.579205531175245954e-12
1.393370686030170473e-12
8.389432743536564276e-12
4.415540831380266669e-12
2.653469336455033014e-12
2.007861547978488900e-12
3.996769213044294226e-12
5.434318377502400767e-12
4.593857171336615745e-12
7.571048511181873240e-12
4.041700511164685253e-12
nan
7.565150848226668571e-13
1.019176006750275625e-11
2.927431405372759997e-12
4.442497632403128698e-12
4.265878042073745021e-12
1.314879122907411822e-12
5.156507718684497941e-12
9.604379498513087142e-12
6.924172998877148044e-12
3.243527960092192397e-12
7.699555096184569607e-12
5.393830683915093174e-12
5.558431785855225262e-12
3.627609886272665177e-12
7.253077437351978860e-12
2.003395886087123587e-12
8.414656037765993242e-12
4.566224104926602757e-12
8.704688092656235444e-12
2.991505550754429006e-12
2.682797003988859313e-12
5.486644999970537137e-12
2.967804214749571742e-12
2.938721283105148368e-12
9.797763481929918872e-12
3.697671244762314828e-12
1.124906806208062704e-11
8.907076164602599267e-12
6.395811525855160218e-12
7.650451753861175481e-12
nan
6.044589202636536156e-12
4.827808140003943104e-12
2.804942193169157869e-12
3.454642525495406621e-12
6.741869090221419477e-12
5.585799866636555164e-12
3.644656842935564691e-12
8.280336315337144004e-13
7.568592011376907352e-12
3.799913136176928150e-12
1.303571221786026978e-11
8.582023357366743847e-12
5.481962599600334121e-12
6.641760594955703291e-12
5.722523030651852763e-12
nan
6.631130185574027826e-12
3.405395233624133448e-12
8.880469806926017913e-12
1.557479813887299660e-12
9.154245349764260226e-12
3.187498384986348143e-12
1.191203931025266317e-11
3.275819278815989806e-12
5.926158817863504912e-12
2.326075558972759679e-12
1.242022537988791286e-11
6.249423406060638637e-12
6.384234434769856751e-12
nan
6.706091422832179504e-12
5.985146818529351368e-12
4.472436591732019111e-12
9.882703513496384581e-12
6.540222019237544543e-12
4.245074190135541420e-12
5.263829113698796037e-12
4.327578291032992849e-12
3.951858623687069790e-12
1.549217545740857866e-12
1.967275741962044099e-12
3.908966888906747732e-12
3.840283787932168786e-12
3.469407801199884244e-12
4.150769300912884777e-12
4.171222512251476158e-12
5.909339396274483936e-12
3.310745755560761426e-12
4.787751938448493817e-12
8.840698382262557278e-12
4.889872354751261004e-12
4.901651609785832540e-12
5.893672664472519799e-12
