4.720653672049840338e-12
5.241035707167752241e-12
1.484529565102486312e-11
5.696254325715475444e-12
3.408374722674396094e-12
7.539734566460315027e-12
6.501168524549961454e-12
7.468855892508331619e-12
3.522777212891569517e-12
1.284129736137361418e-11
3.340110672470705019e-12
8.619968065233006931e-12
1.368762443599210218e-11
1.207916885007071289e-11
1.190751552759317606e-11
1.132089702459332063e-11
5.908968845867844853e-12
1.126727376988734534e-12
7.214318210054491893e-12
6.021483049363798396e-12
5.905705754721116237e-12
3.339425836713023737e-12
7.131440419224683929e-12
8.929622309502836858e-12
6.494214180275192934e-12
5.423291883591348540e-12
4.672082887292441554e-12
6.240252804250387396e-12
6.649371772990685582e-12
7.842213807818414756e-12
9.376365653020152612e-12
4.104786371863996990e-12
1.910140775172034403e-12
2.621144334877214202e-12
6.940246576980562888e-12
8.674345680691220332e-12
1.730411999345002240e-12
6.786554610806575174e-14
9.779653934947144618e-12
3.513949296310824133e-12
9.577253992502168857e-12
7.457031960916996891e-14
5.320175617035355312e-12
2.240012542279905291e-12
8.110633346175976804e-12
3.147213432057977933e-14
1.537478221553761008e-12
3.888105760902889182e-12
9.265688956908892046e-12
3.041407603819101764e-13
4.827789858716955194e-12
8.098798731802433116e-12
2.007152046177867947e-13
7.435931398421134558e-12
4.183610653541441874e-12
5.754058416086431491e-12
5.391783513357650870e-12
5.538708480542917355e-12
1.337202346090014806e-11
5.034868471625076707e-12
1.354672325786991400e-11
6.054948215005715809e-12
8.455065529365629538e-12
7.166477034121223551e-12
7.670715475011622198e-12
1.419781683523268014e-12
7.851135215839091924e-12
6.251101776711967918e-12
5.779692588849473137e-12
7.215897463994856861e-12
3.251344409903151164e-12
6.085128387787073093e-12
4.996572802060354621e-12
4.995428948022941452e-12
2.168838004835214328e-12
7.302039619563817926e-12
2.696991790301892999e-12
4.300829687550816055e-12
2.526966382552462736e-12
9.546528953835400539e-12
1.788972687994261152e-12
4.698528248267054974e-12
7.710131109562160891e-14
4.961425638696541899e-12
7.884806351361705812e-12
5.975589525581447502e-12
5.743704886228344151e-12
1.038341149837320647e-14
8.234063286120390808e-12
6.451816623991101719e-12
2.572690872400473971e-12
2.607522421310550272e-12
3.373514098785654205e-12
7.997720316705711122e-12
1.991988491871486022e-13
5.710333073916469857e-12
5.529458974517540003e-12
8.770909236597569578e-12
4.628771659232456469e-12
2.800135529250408673e-12
5.289020833965346669e-12
5.156503114290258224e-12
1.405709594596764803e-13
1.527503448532200069e-11
8.614279512315507240e-15
5.607646637113918618e-12
3.618051714514047968e-12
1.512273168857741637e-11
5.437618043290737338e-12
1.666551156256168780e-12
3.920004630634552083e-12
6.401630045572390649e-12
2.284869144443331488e-12
2.740491682774721797e-12
2.098732985323335199e-12
5.770692107654532612e-12
6.186093688137971990e-12
4.419462591815415505e-12
4.133916935781474993e-12
5.800919364797053823e-12
4.859148496143037237e-12
3.238226530212739612e-14
2.460527909575725314e-12
5.459259619664001343e-12
6.231372062672839462e-12
1.893162787984590894e-12
5.249196351951922691e-12
2.530298817933952961e-12
5.897411252322885855e-12
1.057268808544781818e-11
4.891264033021112039e-12
4.383280350659882202e-12
4.893787476374067407e-12
5.269357756217233261e-12
3.591071231054701132e-13
1.759096120520612037e-12
5.993192942058326099e-12
3.398911738645803827e-14
3.273627532533293218e-12
2.640630454126012928e-12
3.116901896129838870e-12
5.249342252827027485e-12
6.156935445762943830e-12
4.342931895866803692e-12
1.073086232657560691e-11
5.081066257768810170e-12
3.597148692466818029e-12
7.978081050671854904e-12
2.656500161459479423e-12
6.879127426414413537e-12
8.893984515070696614e-12
5.629348615909775857e-12
1.381531439326470422e-13
1.120576888416371400e-11
8.725678891046450239e-12
1.068007748037036595e-11
2.779760766076329007e-12
1.001462137890486681e-11
7.227766966759108820e-12
2.727971434119268568e-12
3.894991910749000451e-12
4.389992294750958283e-12
9.112939617546779087e-12
3.072783388008913881e-14
8.935226595328330420e-12
6.078708077825783626e-12
4.004328337251388214e-12
4.526438882631854521e-14
5.537528226086696324e-15
5.655210725118278050e-12
2.751467784789517877e-12
7.009931546261842661e-12
1.806169486599894727e-11
4.556969656189416414e-12
5.254396822828965620e-12
1.187860799061096818e-11
9.141856527374407405e-12
1.035199920513285347e-11
3.710547406266182623e-12
6.155881831977788345e-12
1.048120097720443044e-13
1.073557483340004744e-14
2.428604960257607880e-13
8.690625238510894452e-12
3.140462263667280913e-12
1.843374740903868939e-11
3.550160537949461387e-12
3.452567928641878038e-12
1.005306498244341667e-11
1.887381710273532876e-12
7.708441555411782614e-12
1.190857664981550138e-11
4.145850263215527285e-12
4.581481470859988525e-12
3.659916016506588782e-12
5.952299643233248789e-12
7.428911954318067795e-12
1.049802615051470228e-11
5.271189265593684024e-12
1.983769690618671605e-12
2.422339326681976830e-12
1.581602319431368998e-12
3.112158365374989612e-12
4.505160746596347860e-12
8.558895118436866520e-12
4.720244710955092767e-12
4.717156701399561505e-12
4.967402538467110117e-12
6.234564321736783505e-12
2.837371601227795503e-12
6.677007307522155214e-12
5.270013695477359096e-12
7.382274574409157189e-12
2.583670995927950300e-13
4.904252516397246174e-12
6.982126426927801986e-12
5.460547394908505325e-12
8.306603990307301352e-15
2.042487621886031082e-13
6.427424703038804266e-12
3.047710287629220627e-14
6.674266319036996624e-12
4.148715773183149586e-12
1.486276864442517963e-12
8.415573020632290461e-12
6.610514119026347013e-12
4.758466021415811609e-12
7.231567889105235708e-12
8.312633973205757368e-12
4.430269893325625249e-12
1.760679356755335014e-12
5.296019423168850988e-14
2.358762376059324425e-12
2.572751085118050365e-12
3.651350634424873427e-12
6.079459912685821174e-12
2.599867223040789116e-12
7.059230010073351379e-12
8.973074914040542972e-12
1.048242239356655901e-11
4.150790273056147860e-12
6.186840391057588039e-12
2.968861553222272403e-12
2.052214230655969629e-12
3.735802612055735943e-12
3.760237988487823076e-12
3.379047713488894137e-12
5.448975252058363987e-12
5.403609853686883081e-12
1.787626682316372680e-11
5.096768468952600711e-12
1.392595014645150840e-12
7.015330552547887207e-12
7.268637300656451495e-12
1.001393398240125810e-11
1.867174042113988736e-12
8.720494006510437315e-12
2.312294445423848413e-12
3.142735818455853085e-12
4.196536766111942667e-12
7.050095797782418865e-12
4.177776401384535089e-12
4.667512266794909011e-12
6.825079446795988114e-12
5.172580143657829179e-12
6.811696974844887495e-12
3.395897058619153737e-12
8.673209631130545452e-12
5.703922228292076517e-12
3.176904130462554032e-12
5.802097793810421166e-12
3.126191174159159096e-12
4.757535424395676431e-12
4.183220547938585069e-12
2.517074276884907873e-12
4.644690891919466252e-12
5.152232255791417651e-12
6.410248230886638765e-12
3.349700438636083705e-12
6.868848032587980830e-12
6.132720886934193771e-12
1.018478349591195567e-13
3.143120994325886948e-12
4.976344684992790176e-12
3.047304780876529048e-12
3.586701752493073752e-12
8.462122636330517068e-12
1.502435760463452994e-13
6.411343249762454853e-12
3.419590531799616358e-12
3.639791762026324787e-12
1.364083551302903340e-11
4.205649191753522949e-12
5.084317247199256430e-12
3.501833614934993136e-14
7.223218396475500013e-12
1.672284120548557116e-11
3.722504715110181181e-12
1.028203304854014871e-11
1.340048297429445290e-14
2.857444155747698376e-12
6.711303134545821461e-12
4.413647001779656434e-13
8.407862918257068967e-12
6.077649984114786820e-12
1.851867623390135232e-14
1.997339478184594088e-14
4.099120569928697366e-12
4.714544350098764386e-12
4.005823616115072561e-12
6.126644869992316650e-12
6.462952470311470269e-12
4.000821146684019291e-12
6.168955788103094629e-12
9.888399841257361363e-12
8.010058141647847134e-12
5.758667255955053535e-12
4.286970964653244443e-12
5.494132213981228245e-12
3.450849552178952188e-12
6.928765018508592834e-12
1.570566700447656854e-11
6.937536626261406422e-12
6.737530406173702990e-12
3.289926978840539573e-12
4.621611756880885704e-12
1.667773665957993174e-12
2.545925759937549776e-12
5.750645979451319023e-12
1.746707147926822839e-11
3.332773927522116490e-12
1.355878264751955154e-11
5.317398138115273819e-12
3.350273011252411852e-12
1.364037496901223181e-11
7.357453256256538260e-12
7.956708720193075747e-12
5.402171908623145112e-12
1.193380569273033647e-14
7.990785357107571087e-12
4.340333523060147525e-12
9.626354267687994517e-12
1.947982117661193385e-12
4.157136902159324316e-12
2.966924159794775301e-12
6.821246868268197838e-12
5.867218538460881433e-12
8.772771233304588296e-12
7.763866653493986876e-12
2.846032021415399183e-12
1.192354607116560445e-11
1.894663601893862157e-13
6.808776567272353545e-12
4.992741899398695306e-12
4.638789204741449567e-12
2.130042374813032001e-14
8.815117992643316712e-12
6.781803155492676614e-12
1.636496671438537515e-14
4.926123139072191868e-12
5.641986586653917344e-12
4.252696753894384687e-13
2.553302868421690657e-14
6.260448316741586980e-12
3.391753065316626840e-12
6.791482153815541106e-12
3.573897407178432958e-12
3.312371128084963424e-12
6.811853297737307803e-12
4.510388743863522473e-12
3.421055850376758951e-12
2.714706774918486770e-12
9.039729363475029786e-12
3.011081421301228917e-12
5.507230323205380302e-12
5.137635986881632221e-14
1.063447671907591003e-11
6.468572054184662436e-12
3.830372457341738225e-12
1.050400200888536009e-11
7.993203147323297367e-12
4.384385844194000387e-12
6.315734877655555694e-12
3.809240212358831364e-12
7.055585761432098729e-12
7.596033603314664130e-12
3.497361617066591608e-12
9.012577292554381214e-14
9.038524031555657218e-12
1.263917324792326928e-13
4.807572609727651443e-12
3.941623173908100322e-12
4.362695961177125015e-12
2.867485977072450973e-12
3.433625587727508655e-12
1.537314536342363443e-14
4.086706512689035476e-12
7.977727362703716670e-14
2.144725520977928917e-12
2.309508067271129319e-12
4.125530289100211446e-12
6.023902502272343942e-12
2.530687053559247818e-12
4.399323970249030548e-12
9.596598223787504591e-12
1.674460538145173840e-12
9.965469869420074125e-12
5.597398777526779549e-12
2.796227500204942339e-12
2.237950175109408238e-12
5.067153691925714737e-12
6.791159287564984475e-12
4.517007484323039302e-12
9.095132248113208219e-12
4.950444883546551707e-12
2.716662337704445200e-14
1.231319263498803451e-12
1.101573811060437769e-11
3.168330980894866131e-12
4.237003276094068430e-12
4.213007453007102208e-12
1.604211549749159674e-12
5.029752273191360857e-12
9.439196096059094849e-12
6.665581146116900594e-12
3.258028882951339634e-12
8.080874149927734839e-12
5.477866976614931037e-12
6.940451600631514928e-12
3.991553792893771393e-12
7.505150262351230208e-12
2.231101060959655871e-12
7.829940919898135153e-12
5.868740073928449247e-12
1.022187549280452376e-11
3.030153661739752013e-12
2.869656645868463260e-12
6.022704250398256167e-12
3.075496908787762253e-12
3.034067246286110757e-12
1.094168949416959253e-11
3.561677341324089398e-12
1.187342624400134161e-11
9.936457148063901605e-12
6.566300984463859982e-12
7.936267335715145930e-12
5.322875706213464486e-13
6.495849224255942143e-12
4.751451706109882440e-12
2.866788421993317668e-12
3.423131183223311498e-12
7.992118856246827415e-12
6.945008141337464784e-12
3.992278164731735088e-12
1.267031685450488244e-12
9.065858117061492765e-12
3.799813392705833800e-12
1.430591263911906376e-11
9.468419436221816765e-12
6.832622035492536844e-12
8.100432245775448595e-12
6.205139224021184327e-12
8.845034332244234419e-15
7.090121285792753358e-12
3.265301433081659846e-12
9.034255194244053180e-12
1.852094017163080788e-12
9.238193574932433200e-12
3.079349687124325526e-12
1.214707778154303773e-11
3.299876992722336689e-12
6.807085507513363550e-12
2.546886370626435379e-12
1.367846773953205266e-11
7.643871829406490144e-12
6.663484971862036063e-12
2.059143086515580717e-14
6.317492619221540680e-12
5.991948479806050684e-12
4.317967391135175392e-12
1.025435047714423157e-11
7.883968504216504222e-12
4.104438581652890693e-12
6.344548679337566812e-12
4.380906901003721057e-12
3.866227276536835559e-12
1.793280550356981469e-12
2.200496922566632957e-12
4.991223092488812685e-12
4.857560898392760472e-12
3.385606272265440274e-12
5.111380812246674363e-12
4.006392886258522976e-12
7.302174816479764367e-12
3.389218759452482915e-12
4.758206002690267507e-12
9.051469870849958865e-12
4.782831828760970496e-12
4.874471417665628155e-12
5.625490765133051730e-12
