4.709227354987863352e-12
5.259196161682074130e-12
1.455041475945316495e-11
5.426987197022592547e-12
3.399669480599342978e-12
7.339751299239193407e-12
6.138277090944223670e-12
7.124882060636007265e-12
3.542784867995194621e-12
1.277527071202896906e-11
3.378324715965414593e-12
8.127247683033835391e-12
1.343906949368970903e-11
1.166268874302088769e-11
1.173581615818527989e-11
1.116267924849866135e-11
5.958649540734508835e-12
1.125034114696404496e-12
6.853794263722741832e-12
5.698107594248742518e-12
5.956457455795288752e-12
3.353044299981603791e-12
6.924387693709283392e-12
8.418445054764698370e-12
6.138849328744084261e-12
5.479656946525061053e-12
4.523330517380689303e-12
5.902187950610754888e-12
6.746763022930480491e-12
7.395574904919205704e-12
9.101149240224090957e-12
4.077972882504488554e-12
1.903125944081961626e-12
2.604581706240844236e-12
6.621299318903510140e-12
8.207152046769417636e-12
1.714819746679377150e-12
7.871510747901511831e-14
9.419131789323222286e-12
3.451672401354310490e-12
9.487632420446839471e-12
8.601021651972715176e-14
5.038078199692796154e-12
2.250295206134137435e-12
7.747470231354514591e-12
2.956324061927212379e-14
1.526934130808980255e-12
3.937000051204066309e-12
9.168099964954067627e-12
3.025394265279207944e-13
4.832150331446035901e-12
7.641764714499057482e-12
1.912583160229610123e-13
7.057632427834567291e-12
4.214279375900463781e-12
5.856432806962560483e-12
5.426689708495735793e-12
5.360208318619878872e-12
1.323279644044297279e-11
4.949320894308333655e-12
1.336579077884308010e-11
6.144719589158102378e-12
8.165904849254067813e-12
6.729187429650767311e-12
7.392428946463721734e-12
1.394950592959457842e-12
7.447040156132191822e-12
5.898486639856357583e-12
5.709495282358224676e-12
6.919210631467874162e-12
3.257590338527873541e-12
6.143669103791913158e-12
4.793059266000904773e-12
4.816414011962048224e-12
2.173537840841398517e-12
7.120215400010260894e-12
2.666135854554158190e-12
4.308473545864503406e-12
2.503534867710350413e-12
9.137859446993016403e-12
1.780020014279637819e-12
4.564149236542416120e-12
7.367348439542073877e-14
4.900861860378631549e-12
7.442364996137616510e-12
5.723748564692754930e-12
5.706290876011176613e-12
1.074980926178408582e-14
7.937466909246549955e-12
6.292387365419183088e-12
2.559155813384554735e-12
2.578451260871621562e-12
3.401199035812013092e-12
8.212217158749881269e-12
1.991874903052918133e-13
5.785460234079710357e-12
5.624096895905698775e-12
8.268102854404133652e-12
4.633146208554851873e-12
2.752712028660741366e-12
5.315620962313266474e-12
4.890126439541826123e-12
1.155265216220528489e-13
1.499612672086768916e-11
8.918251132296152332e-15
5.649895632939790738e-12
3.631666542374379898e-12
1.489828632973073662e-11
5.442320484470105328e-12
1.658282500917271514e-12
3.790638800802690943e-12
6.052150054530333964e-12
2.282469467705001854e-12
2.695261284291939437e-12
2.096105003067360582e-12
5.462416449594014700e-12
6.276936224219987617e-12
4.372217274159796711e-12
4.157668119883843202e-12
5.859712655167782801e-12
4.696186398369043329e-12
3.174072950463006155e-14
2.458746173446923176e-12
5.260996384402548115e-12
5.988100428798407459e-12
1.882006135143760846e-12
5.272097371276012507e-12
2.531044828734779077e-12
5.916250902302100668e-12
1.002359901892361408e-11
4.717036409154152783e-12
4.330781737041202783e-12
4.842902902958227235e-12
5.313828491506687720e-12
3.365393317389101048e-13
1.751489793640560657e-12
5.699733318663087961e-12
3.436233137652812666e-14
3.292823518882510770e-12
2.620666517811628006e-12
3.116059212555088191e-12
5.245245994226002457e-12
6.134096855115988177e-12
4.304556280827492926e-12
1.052477905516268035e-11
5.121739244533846640e-12
3.628160940778812982e-12
7.811867076211957974e-12
2.646371229276483440e-12
6.575486171578211591e-12
8.520180660948910871e-12
5.440102058720296532e-12
1.243962145337045322e-13
1.099582504755123800e-11
8.224257573307407268e-12
1.031241281681808564e-11
2.717103546664235684e-12
9.437033147344252661e-12
6.988903524519612691e-12
2.677535490644607615e-12
3.926466885425997439e-12
4.355262386484480629e-12
8.729982895548092925e-12
3.173831588793399629e-14
8.547937275733907586e-12
5.775775745678021914e-12
3.955429011417310319e-12
4.688644344151023245e-14
5.732933102205766407e-15
5.415466258410114119e-12
2.743207916729244405e-12
6.597983734615733346e-12
1.771405094424095550e-11
4.512207076831773840e-12
4.973701920512510040e-12
1.191845542944825288e-11
8.615707316607279618e-12
9.825569473683975644e-12
3.765705535218997727e-12
6.057451174375766288e-12
1.023000867443039718e-13
1.051919243072953305e-14
2.646712825040200001e-13
8.510585817798067585e-12
3.019501171784305157e-12
1.817132199234132949e-11
3.591601476289997664e-12
3.479711565322744567e-12
9.761088611210498095e-12
1.878755608776196718e-12
7.723354979719823759e-12
1.192449213994938018e-11
4.168051672370174682e-12
4.554887338700658182e-12
3.537456295023334123e-12
5.857663576684550033e-12
7.513410222317262755e-12
1.021484236712717996e-11
5.212915624324553175e-12
1.978440469456259840e-12
2.407350212483567013e-12
1.566358244210988602e-12
3.107523801640675024e-12
4.531813220920889770e-12
8.225735732170090409e-12
4.649968728862303682e-12
4.720311337245200979e-12
4.962126509201929103e-12
6.013740435497746350e-12
2.791733533828814399e-12
6.581462755491283007e-12
5.238353963858345732e-12
7.263160824572879953e-12
2.628231805960094231e-13
4.759944804803271771e-12
6.709710601146404914e-12
5.477731342805994761e-12
8.599724816389438819e-15
1.706215006532711309e-13
6.258310422804005979e-12
2.854518265072079487e-14
6.415170181505662545e-12
4.159305048774020938e-12
1.467068248014547545e-12
7.936046835198962954e-12
6.666148836463784182e-12
4.744492960757383092e-12
6.795821399388924378e-12
7.922178704221644828e-12
4.314697002214283000e-12
1.740680116476939058e-12
5.501503902443586787e-14
2.359847452590261591e-12
2.567715253233196955e-12
3.660094241634747949e-12
5.940222736223079382e-12
2.562329372701729247e-12
7.076067440572085680e-12
8.676862667177304657e-12
9.874403692104053482e-12
4.076587580932603082e-12
6.021903141787291061e-12
2.932337415062271641e-12
2.975585707902821562e-12
3.706736250072336977e-12
3.802733720943798317e-12
3.280921076185117106e-12
5.461094323023293377e-12
5.236279411853498618e-12
1.753358644149090672e-11
4.835754563812444904e-12
1.366264157245739314e-12
7.147498611924901866e-12
7.384380275179679787e-12
9.436870989495967957e-12
1.860324436707758106e-12
8.220223137998041972e-12
2.308137462889710764e-12
3.143612596188915232e-12
4.237300205851112392e-12
6.792936698581266146e-12
4.000347155958740122e-12
4.663191324993365998e-12
6.614471422011735519e-12
5.181601377562589826e-12
6.523067533609350520e-12
3.263174220715717511e-12
8.176123912425182905e-12
5.475235852307035436e-12
3.171305495696449451e-12
5.599978229930032721e-12
3.104238080817939505e-12
4.741968040879550110e-12
4.140194929451039456e-12
2.512150886574929005e-12
4.692600100086402887e-12
4.888169778939413369e-12
6.483476502461103202e-12
3.350596680426669113e-12
6.597342986047077394e-12
5.880192174860453916e-12
7.848803514466360582e-14
3.119178629875806081e-12
4.946110558078233068e-12
3.007497999981606455e-12
3.508356696447487390e-12
8.185221119571038728e-12
1.329225068336366944e-13
6.249410654447023237e-12
3.432689235280472823e-12
3.649404342553622652e-12
1.341313128276593444e-11
4.162632696849386529e-12
5.013516640390347083e-12
3.925805471569462253e-14
6.784388075315477752e-12
1.644820444611464327e-11
3.760020469645784132e-12
9.696944636744735965e-12
1.285322522083084101e-14
2.828518714149037675e-12
6.470026213160260455e-12
4.250479466980048237e-13
8.208199240327632576e-12
6.159548297555486380e-12
1.678961009152708904e-14
1.791559831842008651e-14
4.050103405451864843e-12
4.776858178596221089e-12
4.010053960667157724e-12
5.807710940254682121e-12
6.113283326620201129e-12
3.949361903859919514e-12
6.062403220022213614e-12
9.595901462200353795e-12
7.730381295189598162e-12
5.518500482618571169e-12
4.235733905184856125e-12
5.206199176004971633e-12
3.439233663405149021e-12
6.672095210369461711e-12
1.540296429020823182e-11
6.601737908432933577e-12
6.348468207301413892e-12
3.198076607315936421e-12
4.588708047970933458e-12
1.642909533194905433e-12
2.538585664161971762e-12
5.558136999488208116e-12
1.716461416981976919e-11
3.315401293368158736e-12
1.329622209055110341e-11
5.032124882449966398e-12
3.371741710259077761e-12
1.344233086424668418e-11
6.917132066169380074e-12
8.020093185022144358e-12
5.244498641010939574e-12
1.196274763782880020e-14
7.540885435303266770e-12
4.286896887997688544e-12
9.537194816500766498e-12
1.945397184616541445e-12
4.207619903180538678e-12
2.937917581354770506e-12
6.959482104882907890e-12
5.553753599822990515e-12
8.268202634447604339e-12
7.521127732674427618e-12
2.826212114641968382e-12
1.194918074819552671e-11
1.888411171350074736e-13
6.497593009659144017e-12
4.908613667660858720e-12
4.664382034933310185e-12
1.887229668646311769e-14
8.318569358943108221e-12
6.508022236851344643e-12
1.526767554525117848e-14
4.905256576587122189e-12
5.657090840485282875e-12
4.161962060210239107e-13
2.353452522504585206e-14
6.006332912855064430e-12
3.386186047494840576e-12
6.396748678679312111e-12
3.571195103812076765e-12
3.179857200431380084e-12
6.419316259091652792e-12
4.500671991100975279e-12
3.433567834969057389e-12
2.686871626795895917e-12
8.520027510318896962e-12
2.891411899568591769e-12
5.483286394607829000e-12
5.518459815025501522e-14
1.029003153649177832e-11
6.333829393913529463e-12
3.844242360652307861e-12
9.913171506517517518e-12
8.087827097033432069e-12
4.355952511126702539e-12
5.990003859241770636e-12
3.849346254702885903e-12
6.634734548526764010e-12
7.169504072526872973e-12
3.531039866593750565e-12
7.041671766999747302e-14
8.792445755093297708e-12
1.009328849511074582e-13
4.647601263915804466e-12
3.916691214791266303e-12
4.299943480430197918e-12
2.852362896746050228e-12
3.454605275421950220e-12
1.531318293532808601e-14
4.037632392338745058e-12
6.248657566948903289e-14
2.147015929322691940e-12
2.314568759895365765e-12
4.158433287913367317e-12
6.098755124463376038e-12
2.506360406893311719e-12
4.404882641050602921e-12
9.428153356066649528e-12
1.658123848772636039e-12
9.388864340509005310e-12
5.372485479286154357e-12
2.762274276554428827e-12
2.242793002876506942e-12
4.909796756112617222e-12
6.388032150990228719e-12
4.480760823354249910e-12
8.571047064573954080e-12
4.768351559287408686e-12
2.472107458146530593e-14
1.194231139372282626e-12
1.078713493093852865e-11
3.156104511788229694e-12
4.265064072694820433e-12
4.239019447975565046e-12
1.592962533798478800e-12
5.048794692414857407e-12
9.493972469434425916e-12
6.791702692512696100e-12
3.249687451674584137e-12
7.769087809771471157e-12
5.490172515408564193e-12
6.537062197810428355e-12
4.021852858989661070e-12
7.303001331427619712e-12
2.235775384440625000e-12
7.783836483999705744e-12
5.553979830860330311e-12
9.691480187047803145e-12
3.014599227791810152e-12
2.836449821555136864e-12
5.907879331686689045e-12
2.959109313065658159e-12
3.038112237296015106e-12
1.072593460478126424e-11
3.569996471121243802e-12
1.178753136108738386e-11
9.540796707943901322e-12
6.574036013565516314e-12
7.811938230163293814e-12
4.877173170109823453e-13
6.327302159290854612e-12
4.706223098080977215e-12
2.842792342720457190e-12
3.389114608856181072e-12
7.574398526747056823e-12
6.526001278291980312e-12
3.918135993474107410e-12
1.228119473761390051e-12
8.561149471479664138e-12
3.840530363714697162e-12
1.403076578540858246e-11
9.083563779313027027e-12
6.419801110135943664e-12
7.641520192889666174e-12
6.065534623134036189e-12
9.157174353948453602e-15
6.826809731390269026e-12
3.280873673180737851e-12
8.759464660050549966e-12
1.846992753192672768e-12
8.962437234087465523e-12
3.073613568729537081e-12
1.191106373010620861e-11
3.274659853914554718e-12
6.511187403487901524e-12
2.560124471856622350e-12
1.341492469997648174e-11
7.210404228966308488e-12
6.532038518536109043e-12
1.952472867451528588e-14
6.426230547508188771e-12
6.039314432242737071e-12
4.278315721562886685e-12
1.016499318635005669e-11
7.474179756229531345e-12
4.022499161112592533e-12
6.091976732593566275e-12
4.397664075534117543e-12
3.892826498939600986e-12
1.768873286453962861e-12
2.200392189880852922e-12
4.872931087617148787e-12
4.679861363385540257e-12
3.395661491511395965e-12
4.924074691021397855e-12
4.002586649806983682e-12
6.870519569707572272e-12
3.388779126694214049e-12
4.761868432974411354e-12
9.152885300986555357e-12
4.805088409085849552e-12
4.890337521139683514e-12
5.679952576504889646e-12
