4.354832318074499855e-12
5.083191471114317372e-12
1.418290222589887770e-11
4.961809647310289799e-12
3.068372507816103531e-12
7.247885248090992972e-12
5.661690715409490966e-12
6.784995791317195643e-12
3.205477646359345930e-12
1.228527864746632676e-11
3.042698331470469883e-12
7.628158484981581595e-12
1.303254645177126249e-11
1.126050854530971914e-11
1.199941078843959328e-11
1.093188091211855441e-11
5.645962348511843967e-12
7.106356773019851974e-13
6.542910859138622869e-12
5.208899477851543854e-12
5.859945872834922529e-12
3.476254147437435486e-12
6.881918312787669888e-12
7.919264525955656656e-12
5.662026154897470296e-12
5.509208435053459469e-12
4.372657793764969837e-12
5.456111933732090296e-12
6.408681116516623808e-12
6.895840990732728051e-12
9.367283692083409546e-12
4.213713975273682175e-12
1.582052123238521636e-12
2.207693895381785700e-12
6.406813347317231288e-12
7.813807716366150595e-12
1.374212846770179278e-12
nan
8.951528509483480995e-12
3.689957651122385962e-12
9.208826546187438202e-12
nan
4.551335265386934214e-12
1.840348270231229596e-12
7.435081922797716600e-12
nan
1.106596814635535305e-12
3.598030529289601609e-12
8.754435862540236238e-12
4.537687365468405828e-14
4.479663308661277942e-12
7.142117128042056689e-12
7.433820140880609908e-15
6.638086147069788047e-12
3.808200853148475953e-12
5.474575183736126196e-12
5.088525323429487399e-12
5.042613025312177263e-12
1.278567124839331546e-11
4.889789878753064889e-12
1.377182111275729721e-11
5.795820618409674944e-12
8.170532678262859820e-12
6.275131250027757862e-12
7.538255387183039974e-12
1.003251423376301817e-12
7.462435963053586938e-12
5.454129118485691966e-12
5.585582203105413101e-12
6.925709482078923311e-12
2.929431667254481609e-12
5.832070547850741343e-12
4.296528512449499593e-12
4.586463152439175517e-12
1.752196898287013736e-12
7.082162670033888831e-12
2.301847026720320630e-12
3.967634379524052546e-12
2.136410543140448155e-12
8.776732340816951080e-12
1.390862271477920178e-12
4.177125689507484072e-12
nan
4.815405437246482237e-12
6.942485456133014365e-12
5.694133273179119365e-12
5.542579312052901613e-12
nan
8.040187247757508838e-12
5.996552210981718866e-12
2.191082232284545528e-12
2.217045367466071177e-12
3.372177576805599254e-12
7.883842908977959589e-12
nan
5.722552421540774978e-12
5.314118740657295545e-12
7.770378765189848724e-12
4.308246421997645277e-12
2.407486561228107530e-12
5.263800464142546549e-12
4.397740983226535311e-12
nan
1.462696389949039933e-11
nan
5.523933827480818920e-12
3.357149578663846521e-12
1.505587241564061165e-11
5.123795339952070067e-12
1.257859142302971681e-12
3.388256557104255606e-12
5.567342948586328210e-12
1.899501451853584690e-12
2.354669669073969763e-12
1.720066020117237549e-12
4.969325332407726228e-12
5.975102952106469897e-12
4.441928486373475499e-12
4.296089182067730898e-12
5.519890961687738900e-12
4.234366087999124360e-12
nan
2.093473584608900377e-12
4.944804128547369360e-12
6.028905900056346087e-12
1.562904319132112412e-12
4.960883706754638416e-12
2.139145952028540407e-12
5.868565937744179417e-12
9.553192936242188362e-12
4.478214618759931620e-12
4.252311981734054760e-12
5.052374050420645700e-12
4.974987929908372224e-12
1.322397209811082010e-13
1.358588913309263699e-12
5.239409571927043759e-12
nan
3.029792373244596639e-12
2.229230353877023788e-12
2.790619915174767299e-12
4.943722870868238399e-12
5.949121027116559888e-12
4.353425865467682906e-12
1.012291505011503366e-11
5.141304064161728945e-12
3.742687873204052418e-12
7.757866472342444312e-12
2.258479823653548463e-12
6.406478992206117072e-12
8.280565169803396298e-12
5.359743716825093226e-12
nan
1.057833723111392087e-11
7.724859916401228342e-12
1.033104881410215899e-11
2.291442298141983811e-12
8.940478559905255452e-12
7.101277906322380739e-12
2.334128259343356480e-12
3.572217603680496239e-12
3.990406935725347011e-12
8.502533166399248153e-12
nan
8.084890605932647838e-12
5.303113376423316450e-12
3.981384571419691658e-12
nan
nan
4.958234410385532171e-12
2.392990162867286345e-12
6.136439235605518923e-12
1.721436776730728151e-11
4.181984381600202970e-12
4.496777384128536482e-12
1.141848223620198167e-11
8.117278891968756104e-12
9.370405066991597019e-12
3.395068758146575987e-12
5.733307239409036679e-12
nan
nan
4.975434217323853455e-14
8.278982083137202590e-12
2.648322289771958864e-12
1.850408122205570912e-11
3.243365664214300783e-12
3.138118576432896083e-12
9.650948937546392374e-12
1.561299193893925348e-12
7.476064784195983645e-12
1.165859864329060926e-11
3.783466595053889571e-12
4.224963084488385203e-12
3.167618496041949381e-12
5.840646277378596654e-12
7.262864625779868403e-12
1.034140256023712445e-11
5.094624546808098390e-12
1.647538604994669277e-12
2.056203883749472514e-12
1.156966448539920435e-12
3.009030536374395867e-12
4.196693457137082281e-12
7.941209064173987488e-12
4.504005948393358771e-12
4.392121764850673905e-12
5.111696377577919735e-12
5.874789440088538064e-12
2.447785755021063446e-12
6.422173722545351243e-12
5.146887801662148795e-12
7.053306213404512506e-12
5.663508100969618707e-14
4.521684938639801365e-12
6.238853859338467661e-12
5.152799407280162047e-12
nan
nan
6.128942070990324295e-12
nan
6.347438187024021400e-12
3.760835599664740873e-12
1.064822641996413262e-12
7.437841795637062082e-12
6.373413991827307205e-12
4.655074827876881900e-12
6.339781010839688619e-12
7.673069737077665721e-12
4.212237889022573567e-12
1.451513879102562148e-12
nan
2.003804261047186946e-12
2.204809080844368730e-12
3.762228305569817063e-12
5.880947292340020715e-12
2.203713027764462080e-12
6.761771872023521879e-12
8.763071192493500353e-12
9.376466808953955584e-12
4.313701776366270839e-12
5.940910009953900900e-12
2.586891377582310533e-12
3.272687260887158049e-12
3.817621062782696094e-12
3.468685973674629602e-12
2.927099719499447806e-12
5.119333032728346330e-12
4.946949406452447103e-12
1.703465372736525395e-11
4.344322135723870997e-12
9.833451509249875232e-13
6.802336631860709452e-12
7.049573866710073889e-12
8.937843647194261016e-12
1.512430930805331433e-12
7.720804600718767656e-12
1.954630362702788830e-12
3.094492479904957970e-12
3.897053239909796532e-12
6.887863157323899852e-12
3.580402697384936666e-12
4.339506423443947162e-12
6.504231520115064814e-12
5.321672578169062368e-12
6.073366782376766568e-12
2.867367641620536384e-12
7.676273953705916793e-12
5.349387817418704747e-12
2.821285046754750694e-12
5.313469408317160537e-12
2.771739448235727703e-12
4.812887458817981453e-12
4.050560475711092125e-12
2.161723772320374215e-12
4.693451700293162150e-12
4.398263117239495363e-12
6.183718260145613388e-12
3.005408595829382225e-12
6.737994087989110913e-12
5.732817163312494703e-12
nan
2.781336942303633495e-12
4.614642076678637240e-12
2.662102869855212633e-12
3.153206103218083388e-12
7.703087678915350698e-12
nan
6.109865661539319400e-12
3.098341117108583609e-12
3.310149327420953686e-12
1.317705907034983563e-11
4.086321914871443405e-12
4.905945981034879337e-12
nan
6.328701293556205500e-12
1.607444369415192882e-11
3.435645055292241557e-12
9.235549160680513737e-12
nan
2.451096531970156188e-12
6.570240021627835156e-12
1.100814560585805956e-13
8.101825769437922457e-12
5.790670348252594086e-12
nan
nan
4.019412064757323097e-12
4.441222287857944275e-12
3.676362018993181459e-12
5.352468997108799327e-12
5.621146263462545405e-12
4.140678003979768016e-12
5.893236304841853171e-12
9.557582834862951212e-12
7.724640709346640585e-12
5.386037578391624439e-12
4.177040459472489883e-12
4.712062862047573053e-12
3.092129864443296053e-12
6.755628672478855684e-12
1.490868841035749261e-11
6.458175208286633488e-12
5.860829053717995944e-12
2.848253228984720003e-12
4.209549897134576397e-12
1.301118901923156538e-12
2.133959872864326141e-12
5.338711966419041489e-12
1.675892040773002148e-11
2.975148688248963930e-12
1.279626889193369831e-11
4.548104511550230006e-12
3.401852000655440098e-12
1.318453112417386549e-11
6.449028926179195463e-12
7.719426291727908158e-12
5.023582642476565543e-12
nan
7.041222109412729075e-12
4.401189578865090984e-12
9.151104080276341560e-12
1.623548649904183477e-12
3.839233125210133538e-12
2.608186633496933030e-12
6.581734124847139633e-12
5.064131171948311831e-12
7.769068461987278131e-12
7.542718553589616068e-12
2.466709518376483548e-12
1.173876032644549867e-11
6.136986420327872098e-15
6.381966126233609730e-12
4.799962178602141064e-12
4.289322972686196339e-12
nan
7.863437389792035054e-12
6.596368434262500304e-12
nan
4.829200464160496746e-12
5.784296849168545856e-12
2.891774423541505628e-13
nan
5.601872035776956737e-12
3.042952376957259005e-12
5.912879877089028958e-12
3.233829726521301072e-12
2.784768298495291707e-12
5.925886828612749787e-12
4.604851312036867778e-12
3.615571769057395465e-12
2.330052356178896495e-12
8.020736044875772972e-12
2.507116025554969177e-12
5.657644029448817263e-12
nan
9.981011688678155874e-12
6.197507877723519934e-12
3.867967291853611684e-12
9.462648751437608763e-12
7.767019640106402439e-12
4.013106126880988353e-12
5.557329060851585321e-12
3.524513340974802992e-12
6.137690626954693855e-12
6.698400562707388614e-12
3.188898534267438182e-12
nan
8.895559679456145883e-12
nan
4.185420335686460170e-12
4.001071759067845322e-12
4.157403522055067031e-12
2.500848995894124664e-12
3.122883560725964718e-12
nan
4.112685808058621645e-12
nan
1.801402570933970728e-12
1.917972873382658135e-12
3.823217828516732421e-12
5.737741517151285668e-12
2.145087179709652263e-12
4.053791890878229972e-12
9.088252739460755041e-12
1.294204631872664373e-12
8.889401788372486815e-12
4.912413307721964828e-12
2.410139524665267103e-12
1.894687094748950661e-12
4.490280182347934064e-12
5.923944842958147501e-12
4.662554341914497169e-12
8.071047489466631791e-12
4.525537874332770295e-12
nan
8.216960876446017993e-13
1.057108639287460227e-11
2.826270250479539356e-12
3.881628230701233397e-12
3.900147296949080982e-12
1.191488840360978168e-12
5.060189319143944242e-12
9.164371035935092874e-12
6.466994613883666703e-12
2.893661979823777999e-12
7.763158863814078146e-12
5.566721186601778196e-12
6.055038805225947911e-12
3.691702515801507185e-12
7.189262145983047401e-12
1.887063572254994152e-12
7.441845678358310240e-12
5.064055984351409536e-12
9.192259605840329741e-12
2.677722554180033110e-12
2.501111401042245586e-12
5.898120595091436996e-12
2.579152783496110161e-12
2.702625000013609007e-12
1.028791252847622509e-11
3.317681739643360120e-12
1.172608930738827279e-11
9.387758481952603606e-12
6.344075118922595167e-12
7.729384615839226518e-12
2.470460625141247667e-13
6.205291019776441969e-12
4.804179408651389423e-12
2.467245093473013855e-12
3.025900848413135124e-12
7.240687453319444355e-12
6.069848109726246667e-12
3.951491427678710285e-12
8.556897431127055184e-13
8.067915706264356474e-12
3.497852923887707594e-12
1.353501679042649431e-11
9.056626999668265271e-12
5.968063237939423714e-12
7.141708136782763328e-12
5.902794744285566171e-12
nan
6.939173808899501691e-12
3.098436335333807623e-12
8.867327046777279146e-12
1.481090351308633155e-12
9.157780671057005883e-12
2.788062855806675590e-12
1.148503490587662427e-11
2.927859240901468431e-12
6.399616518493394234e-12
2.139841188034459021e-12
1.291839833544177977e-11
6.748953916828103074e-12
6.309635636388003965e-12
nan
6.124240913387694737e-12
6.009193446792875501e-12
4.075844548916975746e-12
9.746982692360741553e-12
7.039853755358038468e-12
3.680006430452126085e-12
5.753277091746993896e-12
4.051183388425956850e-12
3.928358653804267920e-12
1.484999819469822353e-12
1.814621928977210499e-12
4.393748244574062054e-12
4.333932992796178564e-12
3.434325308291350773e-12
4.639571616502577454e-12
3.638498113992784757e-12
6.403037157748159316e-12
3.060613930825307247e-12
4.925002022894948605e-12
8.773589299864322971e-12
4.474661144148829790e-12
4.521910073191812370e-12
5.339003731997625975e-12
