5.866416314572122204e+00
7.699999999999988631e+00
1.645999999999997954e+01
2.565999999999996817e+01
3.559999999999945430e+00
1.035999999999989996e+01
2.585999999999989996e+01
1.786999999999989086e+01
3.989999999999781721e+00
2.463000000000010914e+01
6.869999999999890861e+00
2.625000000000000000e+01
6.970000000000254659e+00
8.549999999999272404e+00
1.367000000000007276e+01
2.173999999999978172e+01
4.229999999999563443e+00
1.239999999999781721e+00
1.811000000000058208e+01
3.569000000000050932e+01
9.520000000000436557e+00
9.209999999999126885e+00
1.522999999999956344e+01
2.761999999999898137e+01
2.456000000000130967e+01
8.360000000000582077e+00
1.795000000000072760e+01
2.422999999999956344e+01
6.439999999998690328e+00
6.006999999999970896e+01
1.020000000000072760e+01
1.068999999999869033e+01
2.990000000001600711e+00
1.340000000000145519e+00
1.700999999999839929e+01
1.818999999999869033e+01
1.700000000000727596e+00
5.000000000000000000e-01
1.227000000000043656e+01
1.083000000000174623e+01
4.970000000001164153e+00
4.000000000014551915e-01
3.488000000000101863e+01
1.419999999998253770e+00
1.734000000000014552e+01
2.500000000000000000e-01
1.150000000001455192e+00
4.639999999999417923e+00
7.529999999998835847e+00
1.139999999999417923e+00
2.389999999999417923e+00
2.694999999999708962e+01
6.399999999994179234e-01
2.006999999999970896e+01
6.279999999998835847e+00
6.860000000000582077e+00
4.010000000002037268e+00
1.954000000000087311e+01
8.839999999996507540e+00
1.455000000000291038e+01
1.080000000000291038e+01
5.750000000000000000e+00
1.091000000000349246e+01
2.238999999999941792e+01
1.301000000000203727e+01
1.839999999996507540e+00
1.513999999999941792e+01
2.236000000000058208e+01
1.077999999999883585e+01
1.390000000000145519e+01
5.519999999996798579e+00
4.089999999996507540e+00
1.358000000000174623e+01
1.859999999999854481e+01
1.110000000000582077e+00
1.126000000000203727e+01
3.529999999998835847e+00
5.430000000000291038e+00
3.449999999997089617e+00
1.690000000000145519e+01
1.540000000000873115e+00
2.208999999999650754e+01
1.999999999970896170e-01
1.227999999999883585e+01
2.587000000000261934e+01
1.487000000000261934e+01
1.144999999999708962e+01
9.999999999854480848e-02
1.362999999999738066e+01
1.041999999999825377e+01
1.919999999998253770e+00
3.669999999998253770e+00
8.550000000002910383e+00
6.990000000005238689e+00
5.299999999988358468e-01
7.960000000006402843e+00
5.759999999994761311e+00
2.572999999999592546e+01
4.529999999998835847e+00
3.860000000000582077e+00
1.058999999999650754e+01
3.947000000000116415e+01
7.299999999959254637e-01
1.489999999999417923e+01
8.000000000174622983e-02
7.869999999995343387e+00
7.210000000006402843e+00
1.222999999999592546e+01
3.250000000000000000e+00
7.100000000064028427e-01
1.360000000000582077e+00
3.177000000000407454e+01
1.699999999997089617e+00
5.100000000005820766e+00
1.759999999994761311e+00
4.378999999999359716e+01
7.419999999998253770e+00
1.191999999999825377e+01
1.011999999999534339e+01
4.470000000001164153e+00
2.464999999999417923e+01
3.899999999994179234e-01
3.190000000002328306e+00
1.986000000000058208e+01
1.361000000000058208e+01
2.740000000005238689e+00
4.309999999997671694e+00
1.729999999995925464e+00
9.169999999998253770e+00
1.758000000000174623e+01
1.877999999999883585e+01
1.683000000000174623e+01
9.490000000005238689e+00
5.639999999999417923e+00
6.900000000023283064e-01
1.460000000006402843e+00
1.903999999999359716e+01
3.899999999994179234e-01
7.279999999998835847e+00
1.759999999994761311e+00
5.690000000002328306e+00
5.259999999994761311e+00
1.069000000000232831e+01
8.559999999997671694e+00
7.250000000000000000e+00
1.013000000000465661e+01
1.075999999999476131e+01
1.046000000000640284e+01
1.460000000006402843e+00
1.655000000000291038e+01
1.638000000000465661e+01
1.519000000000232831e+01
4.900000000052386895e-01
7.160000000003492460e+00
3.113999999999941792e+01
9.119999999995343387e+00
1.050000000002910383e+00
2.361000000000058208e+01
1.288999999999941792e+01
3.919999999998253770e+00
5.970000000001164153e+00
5.779999999998835847e+00
1.597999999999592546e+01
3.399999999965075403e-01
1.247000000000116415e+01
2.705999999999767169e+01
1.377999999999883585e+01
3.200000000069849193e-01
1.100000000005820766e-01
2.407000000000698492e+01
2.460000000006402843e+00
2.994000000000232831e+01
3.438000000000465661e+01
6.889999999999417923e+00
2.974000000000523869e+01
5.327000000000407454e+01
2.450999999999476131e+01
1.753999999999359716e+01
2.990000000005238689e+00
3.699999999997089617e+00
5.099999999947613105e-01
2.200000000011641532e-01
8.200000000069849193e-01
8.600000000005820766e+00
1.649999999994179234e+00
1.088999999999941792e+01
6.330000000001746230e+00
5.649999999994179234e+00
1.400000000000000000e+01
2.449999999997089617e+00
8.779999999998835847e+00
1.707000000000698492e+01
6.080000000001746230e+00
6.490000000005238689e+00
1.649999999994179234e+00
1.291000000000349246e+01
8.470000000001164153e+00
1.317000000001280569e+01
1.219000000000232831e+01
2.839999999996507540e+00
3.529999999998835847e+00
1.380000000004656613e+00
8.029999999998835847e+00
3.130000000004656613e+00
9.730000000010477379e+00
1.689000000001396984e+01
3.079999999987194315e+00
9.170000000012805685e+00
1.620999999999185093e+01
3.720000000001164153e+00
1.064999999999417923e+01
1.283999999999650754e+01
9.609999999986030161e+00
6.700000000128056854e-01
1.470000000001164153e+01
1.042999999999301508e+01
6.859999999986030161e+00
1.099999999860301614e-01
7.399999999906867743e-01
1.245999999999185093e+01
4.500000000116415322e-01
1.292999999999301508e+01
6.640000000013969839e+00
1.980000000010477379e+00
2.445999999999185093e+01
6.369999999995343387e+00
7.980000000010477379e+00
2.592999999999301508e+01
1.673999999999068677e+01
1.767999999999301508e+01
2.670000000012805685e+00
5.499999999883584678e-01
2.869999999995343387e+00
2.220000000001164153e+00
1.092999999999301508e+01
1.311999999999534339e+01
3.600000000005820766e+00
4.679999999993015081e+00
1.073999999999068677e+01
2.854999999998835847e+01
9.350000000005820766e+00
1.308999999999650754e+01
3.320000000006984919e+00
1.910000000003492460e+00
1.142999999999301508e+01
4.230000000010477379e+00
2.239999999990686774e+00
4.019999999989522621e+00
1.339999999999417923e+01
2.925000000000000000e+01
4.148000000001047738e+01
1.119999999995343387e+00
5.750000000000000000e+00
5.989999999990686774e+00
1.901000000000931323e+01
2.140000000013969839e+00
2.929000000000814907e+01
3.609999999986030161e+00
8.260000000009313226e+00
3.600000000005820766e+00
1.158999999999650754e+01
1.350000000005820766e+00
4.779999999998835847e+00
1.064999999999417923e+01
8.660000000003492460e+00
9.470000000001164153e+00
1.489999999990686774e+00
3.998999999999068677e+01
1.635000000000582077e+01
2.579999999987194315e+00
1.820999999999185093e+01
4.690000000002328306e+00
1.066000000000349246e+01
8.040000000008149073e+00
2.670000000012805685e+00
1.161999999999534339e+01
3.294000000000232831e+01
4.049999999988358468e+00
3.220000000001164153e+00
1.307000000000698492e+01
1.654000000000814907e+01
6.600000000034924597e-01
4.519999999989522621e+00
3.239999999990686774e+00
3.910000000003492460e+00
1.760000000009313226e+00
1.063000000000465661e+01
4.899999999906867743e-01
1.141000000000349246e+01
5.910000000003492460e+00
2.619999999995343387e+00
1.479000000000814907e+01
8.149999999994179234e+00
1.247000000000116415e+01
4.599999999918509275e-01
2.183999999999650754e+01
1.417000000001280569e+01
4.309999999997671694e+00
1.847000000000116415e+01
2.399999999906867743e-01
1.989999999990686774e+00
1.236999999999534339e+01
8.800000000046566129e-01
9.790000000008149073e+00
6.570000000006984919e+00
2.999999999883584678e-01
3.999999999941792339e-01
1.429999999998835847e+01
3.380000000004656613e+00
5.359999999986030161e+00
2.480999999999767169e+01
4.070999999999185093e+01
9.089999999996507540e+00
1.248000000001047738e+01
1.373999999999068677e+01
1.448000000001047738e+01
1.607999999998719431e+01
8.100000000005820766e+00
4.125000000000000000e+01
2.519999999989522621e+00
1.369000000000232831e+01
2.469000000000232831e+01
1.641000000000349246e+01
4.707999999998719431e+01
2.230000000010477379e+00
5.929999999993015081e+00
2.049999999988358468e+00
1.250000000000000000e+00
1.711999999999534339e+01
1.510999999998603016e+01
3.609999999986030161e+00
5.045999999999185093e+01
3.142999999999301508e+01
8.690000000002328306e+00
1.489999999999417923e+01
3.210000000000582077e+01
5.700000000011641532e+00
1.752999999999883585e+01
1.700000000128056854e-01
3.048999999999068677e+01
1.070999999999185093e+01
7.390000000013969839e+00
3.079999999987194315e+00
3.450000000011641532e+00
6.390000000013969839e+00
6.420000000012805685e+00
3.407999999998719431e+01
2.764000000001396984e+01
1.082999999998719431e+01
3.130000000004656613e+00
1.595999999999185093e+01
1.019999999989522621e+00
1.545000000001164153e+01
1.605999999999767169e+01
5.299999999988358468e+00
4.200000000128056854e-01
1.904000000000814907e+01
1.332999999998719431e+01
2.600000000093132257e-01
7.929999999993015081e+00
8.970000000001164153e+00
1.260000000009313226e+00
4.700000000011641532e-01
2.004999999998835847e+01
4.059999999997671694e+00
4.467000000001280569e+01
3.459999999991850927e+00
1.440000000002328306e+00
1.866000000000349246e+01
8.700000000011641532e+00
1.072000000000116415e+01
3.149999999994179234e+00
2.947000000000116415e+01
1.809999999997671694e+00
8.649999999994179234e+00
3.699999999953433871e-01
1.829999999998835847e+01
1.123999999999068677e+01
8.730000000010477379e+00
1.847000000000116415e+01
6.000000000000000000e+00
6.459999999991850927e+00
2.125000000000000000e+01
4.100000000005820766e+00
1.423000000001047738e+01
2.333999999999650754e+01
5.739999999990686774e+00
5.799999999871943146e-01
1.335999999998603016e+01
6.000000000058207661e-01
2.495000000001164153e+01
1.198999999999068677e+01
1.751000000000931323e+01
2.269999999989522621e+00
4.760000000009313226e+00
1.499999999941792339e-01
8.679999999993015081e+00
5.700000000069849193e-01
3.270000000018626451e+00
1.080000000016298145e+00
4.359999999986030161e+00
6.849999999976716936e+00
3.640000000013969839e+00
5.080000000016298145e+00
8.539999999979045242e+00
2.059999999997671694e+00
3.129999999998835847e+01
2.352000000001862645e+01
3.549999999988358468e+00
2.919999999983701855e+00
2.265000000002328306e+01
2.247999999998137355e+01
8.950000000011641532e+00
9.719000000000232831e+01
1.867999999999301508e+01
4.199999999837018549e-01
1.280000000027939677e+00
1.620000000001164153e+01
5.140000000013969839e+00
6.159999999974388629e+00
4.349999999976716936e+00
1.590000000025611371e+00
8.190000000002328306e+00
5.630000000004656613e+00
6.159999999974388629e+00
2.739999999990686774e+00
1.114000000001396984e+01
9.359999999986030161e+00
6.663000000000465661e+01
5.000000000000000000e+00
1.016999999998370185e+01
2.909999999974388629e+00
4.169999999983701855e+00
3.577000000001862645e+01
1.344000000000232831e+01
5.880000000004656613e+00
5.369999999995343387e+00
1.342999999999301508e+01
1.890000000013969839e+00
5.690000000002328306e+00
5.946000000002095476e+01
7.530000000027939677e+00
1.561999999999534339e+01
1.504999999998835847e+01
9.419999999983701855e+00
1.021000000002095476e+01
8.499999999767169356e-01
1.228000000002793968e+01
8.460000000020954758e+00
1.989999999990686774e+00
2.789999999979045242e+00
1.836999999999534339e+01
2.296000000002095476e+01
1.354999999998835847e+01
1.359999999986030161e+00
2.072999999998137355e+01
4.510000000009313226e+00
2.615000000002328306e+01
1.464000000001396984e+01
2.284000000002561137e+01
5.897999999998137355e+01
1.236999999999534339e+01
4.999999998835846782e-02
1.309999999997671694e+01
7.830000000016298145e+00
1.110999999998603016e+01
1.270000000018626451e+00
1.023999999999068677e+01
7.039999999979045242e+00
6.479999999981373549e+00
3.150000000023283064e+00
1.607000000000698492e+01
8.699999999953433871e-01
2.726000000000931323e+01
2.266999999998370185e+01
1.007000000000698492e+01
2.299999999813735485e-01
5.280000000027939677e+00
8.950000000011641532e+00
7.599999999976716936e+00
7.030000000027939677e+00
1.925000000000000000e+01
2.150000000023283064e+00
1.915000000002328306e+01
5.369999999995343387e+00
8.729999999981373549e+00
2.799999999988358468e+00
1.599999999976716936e+00
8.789999999979045242e+00
2.128999999997904524e+01
8.809999999997671694e+00
1.960999999998603016e+01
2.729999999981373549e+00
3.155999999999767169e+01
4.479999999981373549e+00
9.159999999974388629e+00
7.049999999988358468e+00
4.780000000027939677e+00
5.510000000009313226e+00
5.030000000027939677e+00
6.080000000016298145e+00
5.510000000009313226e+00
5.342999999999301508e+01
7.020000000018626451e+00
6.349999999976716936e+00
3.000000000000000000e+00
3.354999999998835847e+01
5.289999999979045242e+00
8.969999999972060323e+00
1.209999999997671694e+01
7.169999999983701855e+00
4.099999999976716936e+00
4.457000000000698492e+01
4.400000000023283064e-01
2.400000000023283064e+00
1.289999999979045242e+00
4.869999999995343387e+00
4.999999998835846782e-02
9.979999999981373549e+00
2.390000000013969839e+00
2.369999999995343387e+00
7.399999999906867743e-01
6.150000000023283064e+00
1.558000000001629815e+01
3.369999999995343387e+00
1.215000000002328306e+01
1.041999999998370185e+01
5.119999999995343387e+00
1.159999999997671694e+01
7.619999999995343387e+00
1.200000000011641532e+00
4.460000000020954758e+00
5.090000000025611371e+00
2.859999999986030161e+00
2.600000000093132257e-01
5.999999999767169356e-02
1.553000000002793968e+01
6.030000000027939677e+00
6.929999999993015081e+00
3.580000000016298145e+00
9.899999999906867743e-01
7.840000000025611371e+00
3.141999999998370185e+01
1.758000000001629815e+01
6.799999999988358468e+00
5.700000000011641532e+00
5.330000000016298145e+00
1.740000000002328306e+01
2.350000000000000000e+01
7.909999999974388629e+00
2.179999999993015081e+00
1.340000000002328306e+01
6.119999999995343387e+00
9.090000000025611371e+00
6.260000000009313226e+00
2.529999999998835847e+01
8.719999999972060323e+00
4.799999999813735485e-01
5.960000000020954758e+00
4.788000000000465661e+01
4.440000000002328306e+00
4.739999999990686774e+00
6.210000000020954758e+00
1.700000000011641532e+00
1.496999999997206032e+01
8.359999999986030161e+00
1.309000000002561137e+01
2.500000000000000000e+00
9.469999999972060323e+00
5.700000000011641532e+00
3.999999997904524207e-02
1.580000000016298145e+00
7.229999999981373549e+00
8.280000000027939677e+00
1.699999999837018549e-01
1.521999999997206032e+01
2.940000000002328306e+00
2.999999999883584678e-01
7.729999999981373549e+00
3.510000000009313226e+00
2.659999999974388629e+00
7.599999999976716936e+00
1.867999999999301508e+01
1.000000000000000000e+00
1.059999999997671694e+01
7.000000000116415322e-01
7.020000000018626451e+00
1.403999999997904524e+01
2.327000000001862645e+01
6.039999999979045242e+00
3.409999999974388629e+00
4.530000000027939677e+00
1.890000000013969839e+00
2.399999999906867743e-01
4.330000000016298145e+00
5.728999999997904524e+01
7.500000000000000000e-01
7.909999999974388629e+00
9.489999999990686774e+00
4.590000000025611371e+00
1.321000000002095476e+01
1.271999999997206032e+01
1.470000000001164153e+01
3.369999999995343387e+00
4.609999999986030161e+00
1.894000000000232831e+01
3.479999999981373549e+00
1.338000000000465661e+01
7.729999999981373549e+00
8.159999999974388629e+00
9.000000000232830644e-01
6.145000000001164153e+01
1.290000000002328306e+01
1.940000000002328306e+01
3.369999999995343387e+00
8.530000000027939677e+00
5.300000000279396772e-01
2.034999999997671694e+01
1.619999999995343387e+00
1.657000000000698492e+01
9.390000000013969839e+00
4.030000000027939677e+00
7.229999999981373549e+00
1.409999999974388629e+00
1.773999999999068677e+01
2.929999999993015081e+00
3.467999999999301508e+01
1.507000000000698492e+01
1.429999999993015081e+00
3.559999999997671694e+00
6.840000000025611371e+00
6.500000000232830644e-01
3.080000000016298145e+00
8.619999999995343387e+00
2.999999999883584678e-01
1.846999999997206032e+01
2.310999999998603016e+01
3.000000000000000000e+00
2.289000000001396984e+01
1.979999999981373549e+00
2.173999999999068677e+01
1.455999999999767169e+01
1.678000000002793968e+01
6.900000000023283064e-01
7.570000000006984919e+00
9.199999999837018549e-01
5.719999999972060323e+00
2.397999999998137355e+01
2.989999999990686774e+00
7.659999999974388629e+00
1.719999999972060323e+00
4.919999999983701855e+00
7.489999999990686774e+00
1.539999999979045242e+00
1.423999999999068677e+01
1.778000000002793968e+01
5.150000000023283064e+00
1.278000000002793968e+01
1.207000000000698492e+01
2.619999999995343387e+00
7.659999999974388629e+00
7.830000000016298145e+00
1.615999999997438863e+01
1.882000000000698492e+01
4.489999999990686774e+00
5.800000000162981451e-01
3.708000000001629815e+01
7.700000000186264515e-01
1.169999999983701855e+00
1.697999999998137355e+01
2.222999999998137355e+01
2.200000000011641532e+00
1.795000000001164153e+01
1.005999999999767169e+01
1.913000000000465661e+01
1.855999999999767169e+01
1.638000000000465661e+01
1.571000000002095476e+01
8.159999999974388629e+00
2.520000000018626451e+00
1.016999999998370185e+01
2.122999999998137355e+01
2.664000000001396984e+01
1.038000000000465661e+01
4.450000000011641532e+00
4.153000000002793968e+01
3.450000000011641532e+00
2.430999999999767169e+01
1.219999999972060323e+00
2.766999999998370185e+01
1.246000000002095476e+01
1.596000000002095476e+01
1.246999999997206032e+01
1.553999999997904524e+01
1.653000000002793968e+01
7.650000000023283064e+00
1.599999999743886292e-01
2.334000000002561137e+01
1.841999999998370185e+01
5.349999999976716936e+00
5.719999999972060323e+00
2.999999999883584678e-01
5.479999999981373549e+00
2.392999999999301508e+01
4.519000000000232831e+01
1.948999999999068677e+01
1.690000000002328306e+00
3.346999999997206032e+01
3.130000000004656613e+00
9.999999997671693563e-02
5.700000000069849193e-01
7.800000000279396772e-01
3.599999999976716936e+00
1.921999999997206032e+01
4.340000000025611371e+00
4.200000000011641532e+00
9.280000000027939677e+00
4.330000000016298145e+00
8.250000000000000000e+00
4.080000000016298145e+00
5.549999999988358468e+00
5.969999999972060323e+00
2.659999999974388629e+00
1.896999999997206032e+01
1.719999999972060323e+00
1.820000000006984919e+00
7.989999999990686774e+00
4.669999999983701855e+00
2.528000000002793968e+01
4.549999999988358468e+00
4.099999999743886292e-01
4.064000000001396984e+01
1.270000000018626451e+00
4.780000000027939677e+00
2.130000000004656613e+00
7.090000000025611371e+00
3.157000000000698492e+01
1.121999999997206032e+01
2.345000000001164153e+01
2.020000000001164153e+01
1.880000000004656613e+00
6.610999999998603016e+01
5.229999999981373549e+00
7.234999999997671694e+01
6.270000000018626451e+00
4.117999999999301508e+01
7.719999999972060323e+00
4.940000000002328306e+00
2.549999999988358468e+00
8.270000000018626451e+00
2.325000000000000000e+01
1.669999999983701855e+00
1.332000000000698492e+01
2.740999999997438863e+01
1.265000000002328306e+01
9.989999999990686774e+00
1.000000000000000000e+00
2.539999999979045242e+00
5.609999999986030161e+00
4.799999999813735485e-01
8.760000000009313226e+00
7.479999999981373549e+00
5.849999999976716936e+00
1.203999999997904524e+01
2.223999999999068677e+01
2.140000000002328306e+01
6.500000000232830644e-01
1.546999999997206032e+01
2.465000000002328306e+01
7.070000000006984919e+00
1.213000000000465661e+01
1.030000000027939677e+00
4.320000000006984919e+00
1.671000000002095476e+01
1.408000000001629815e+01
1.479999999981373549e+00
3.065999999997438863e+01
8.140000000013969839e+00
2.369999999995343387e+00
2.572999999998137355e+01
2.750000000000000000e+00
2.789999999979045242e+00
3.890000000013969839e+00
3.400000000023283064e+00
2.455999999999767169e+01
2.196000000002095476e+01
1.450000000011641532e+00
3.400000000023283064e+00
1.291999999998370185e+01
1.434000000002561137e+01
1.659999999974388629e+00
9.260000000009313226e+00
1.460000000020954758e+00
4.090000000025611371e+00
1.423999999999068677e+01
2.250000000000000000e+00
3.410000000032596290e+00
3.735999999998603016e+01
5.060000000055879354e+00
2.570999999996274710e+01
2.057999999995809048e+01
2.688000000000465661e+01
8.260000000009313226e+00
2.099999999976716936e+00
6.239999999990686774e+00
2.133999999996740371e+01
5.209999999962747097e+00
1.330000000004656613e+01
1.031000000005587935e+01
9.209999999962747097e+00
2.420000000041909516e+00
9.810000000055879354e+00
8.020000000018626451e+00
1.020000000018626451e+00
1.130000000004656613e+00
2.339999999967403710e+00
1.094999999995343387e+01
3.270000000018626451e+00
1.097999999998137355e+01
6.239999999990686774e+00
2.900000000023283064e+00
9.969999999972060323e+00
1.347999999998137355e+01
7.369999999995343387e+00
2.949999999953433871e+00
3.569999999948777258e+00
1.079000000003725290e+01
1.689999999944120646e+00
4.790000000037252903e+00
2.290000000037252903e+00
7.920000000041909516e+00
1.390000000002328306e+01
8.040000000037252903e+00
3.056999999994877726e+01
2.664000000001396984e+01
2.969999999995343387e+01
9.599999999627470970e-01
2.809999999997671694e+01
3.030000000027939677e+00
2.119999999995343387e+01
9.569999999948777258e+00
3.239999999990686774e+00
1.304000000003725290e+01
1.910000000032596290e+00
1.220999999996274710e+01
1.398999999999068677e+01
1.063000000000465661e+01
1.670000000041909516e+00
1.089000000001396984e+01
1.548999999999068677e+01
1.042000000004190952e+01
3.520000000018626451e+00
6.780000000027939677e+00
9.280000000027939677e+00
1.323999999999068677e+01
1.608999999996740371e+01
1.670000000041909516e+00
2.569999999948777258e+00
2.232999999995809048e+01
5.869999999995343387e+00
4.161999999999534339e+01
4.776000000000931323e+01
1.084999999997671694e+01
1.119999999995343387e+01
3.930000000051222742e+00
1.611999999999534339e+01
1.045999999996274710e+01
7.839999999967403710e+00
7.999999995809048414e-02
5.219999999972060323e+00
7.130000000004656613e+00
7.790000000037252903e+00
7.400000000023283064e+00
2.030000000027939677e+00
1.045999999996274710e+01
4.310000000055879354e+00
1.469999999972060323e+00
3.089999999967403710e+00
2.614000000001396984e+01
1.248999999999068677e+01
2.032999999995809048e+01
8.770000000018626451e+00
1.143000000005122274e+01
1.680000000051222742e+00
8.489999999990686774e+00
5.500000000000000000e+00
1.219999999972060323e+00
4.030000000027939677e+00
1.160000000032596290e+00
1.450000000000000000e+01
1.947999999998137355e+01
6.319999999948777258e+00
1.969999999972060323e+00
9.099999999976716936e+00
1.800000000512227416e-01
3.989999999990686774e+00
5.160000000032596290e+00
9.709999999962747097e+00
1.764000000001396984e+01
3.786999999999534339e+01
3.579999999958090484e+00
6.880000000004656613e+00
4.199999999953433871e+00
6.910000000032596290e+00
2.160000000032596290e+00
8.630000000004656613e+00
3.296999999997206032e+01
7.600000000093132257e-01
1.270999999996274710e+01
5.579999999958090484e+00
1.444999999995343387e+01
1.031000000005587935e+01
2.168000000005122274e+01
1.300000000000000000e+01
1.113000000000465661e+01
1.063000000000465661e+01
1.206999999994877726e+01
3.723999999999068677e+01
9.869999999995343387e+00
4.959999999962747097e+00
2.631000000005587935e+01
2.000000000000000000e+00
6.219999999972060323e+00
7.299999999813735485e-01
4.329999999958090484e+00
1.854000000003725290e+01
3.082999999995809048e+01
1.142000000004190952e+01
6.069999999948777258e+00
1.329999999958090484e+00
3.569999999948777258e+00
1.842000000004190952e+01
6.650000000023283064e+00
1.131000000005587935e+01
2.479999999981373549e+00
5.930000000051222742e+00
2.795999999996274710e+01
3.599999999860301614e-01
2.234999999997671694e+01
6.819999999948777258e+00
1.609999999986030161e+00
8.599999999860301614e-01
1.614000000001396984e+01
1.847999999998137355e+01
6.099999999976716936e+00
7.479999999981373549e+00
8.339999999967403710e+00
7.699999999953433871e+00
2.272999999998137355e+01
1.404000000003725290e+01
4.209999999962747097e+00
8.500000000000000000e+00
1.780000000027939677e+00
5.030000000027939677e+00
1.660000000032596290e+00
1.268999999994412065e+01
1.579999999958090484e+00
7.229999999981373549e+00
2.030000000027939677e+00
1.693999999994412065e+01
1.319999999948777258e+00
4.339999999967403710e+00
3.644999999995343387e+01
2.711999999999534339e+01
5.870999999996274710e+01
7.999999995809048414e-02
2.760000000009313226e+00
2.891000000003259629e+01
1.326000000000931323e+01
2.807999999995809048e+01
1.080000000004656613e+01
2.390000000013969839e+00
9.670000000041909516e+00
3.209999999962747097e+00
2.370999999996274710e+01
8.550000000046566129e+00
3.657999999995809048e+01
6.500000000000000000e+00
6.420000000041909516e+00
4.380000000004656613e+00
4.890000000013969839e+00
1.800000000512227416e-01
7.030000000027939677e+00
1.378000000002793968e+01
1.088000000000465661e+01
1.386999999999534339e+01
2.727000000001862645e+01
1.600000000325962901e-01
2.239999999990686774e+00
5.729999999981373549e+00
1.800000000046566129e+00
8.056999999994877726e+01
2.599999999976716936e+00
2.901000000000931323e+01
1.484999999997671694e+01
1.800000000046566129e+00
3.189999999944120646e+00
5.880000000004656613e+00
5.939999999944120646e+00
3.099999999976716936e+00
3.130000000004656613e+00
1.006999999994877726e+01
2.977000000001862645e+01
1.411999999999534339e+01
1.720999999996274710e+01
2.800000000279396772e-01
1.783999999996740371e+01
4.630000000004656613e+00
2.199999999953433871e+00
2.700000000186264515e-01
3.959999999962747097e+00
6.489999999990686774e+00
6.239999999990686774e+00
1.800000000046566129e+00
2.006000000005587935e+01
1.329000000003725290e+01
5.172999999998137355e+01
5.380000000004656613e+00
2.415000000002328306e+01
1.689999999944120646e+00
5.600000000558793545e-01
8.900000000023283064e+00
9.100000000325962901e-01
4.979999999981373549e+00
6.004000000003725290e+01
2.589999999967403710e+00
1.190000000002328306e+01
1.543000000005122274e+01
2.290000000037252903e+00
1.579999999958090484e+00
3.699999999953433871e+00
3.996999999997206032e+01
1.747999999998137355e+01
1.099999999976716936e+00
6.319999999948777258e+00
3.420000000041909516e+00
1.343000000005122274e+01
3.979999999981373549e+00
2.144999999995343387e+01
1.127000000001862645e+01
2.000000000000000000e+00
6.930000000051222742e+00
1.342000000004190952e+01
2.438000000000465661e+01
6.699999999953433871e+00
1.935999999998603016e+01
1.060000000055879354e+00
1.480000000004656613e+01
1.879000000003725290e+01
8.140000000013969839e+00
1.118999999994412065e+01
2.401000000000931323e+01
1.900000000023283064e+00
2.491000000003259629e+01
7.810000000055879354e+00
6.563000000000465661e+01
6.199999999953433871e-01
7.439999999944120646e+00
7.199999999720603228e-01
8.520000000018626451e+00
2.116000000003259629e+01
3.380000000004656613e+00
1.048999999999068677e+01
8.550000000046566129e+00
4.020000000018626451e+00
8.079999999958090484e+00
8.500000000000000000e+00
4.319999999948777258e+00
7.880000000004656613e+00
2.800000000279396772e-01
8.869999999995343387e+00
1.599999999976716936e+00
6.099999999860301614e-01
1.183999999996740371e+01
9.050000000046566129e+00
1.439000000001396984e+01
1.086999999999534339e+01
3.540000000037252903e+00
5.729999999981373549e+00
3.329999999958090484e+00
6.300000000046566129e+00
5.520000000018626451e+00
5.560000000055879354e+00
6.760000000009313226e+00
6.020000000018626451e+00
2.085999999998603016e+01
6.969999999972060323e+00
2.300000000046566129e+00
1.920000000041909516e+00
1.164000000001396984e+01
2.969999999995343387e+01
2.180000000051222742e+00
5.999999999767169356e-01
1.436999999999534339e+01
1.475000000000000000e+01
4.900000000023283064e+00
7.199999999953433871e+00
2.381999999994877726e+01
2.719999999972060323e+00
2.779000000003725290e+01
1.690000000002328306e+01
6.339999999967403710e+00
5.430000000051222742e+00
4.520000000018626451e+00
9.560000000055879354e+00
7.069999999948777258e+00
3.020000000018626451e+00
6.500000000232830644e-01
4.109999999997671694e+01
1.794999999995343387e+01
2.085999999998603016e+01
1.269999999995343387e+01
1.838000000000465661e+01
3.579999999958090484e+00
1.791000000003259629e+01
1.834999999997671694e+01
1.003000000002793968e+01
6.319999999948777258e+00
2.557999999995809048e+01
2.900000000372529030e-01
3.261999999999534339e+01
1.519999999995343387e+01
2.192000000004190952e+01
1.103000000002793968e+01
1.520000000018626451e+00
4.790000000037252903e+00
2.522999999998137355e+01
1.694999999995343387e+01
3.300000000046566129e+00
2.222999999998137355e+01
2.008999999996740371e+01
2.073999999999068677e+01
3.321999999997206032e+01
3.739999999990686774e+00
1.393000000005122274e+01
1.779000000003725290e+01
3.859999999986030161e+00
2.153000000002793968e+01
3.272999999998137355e+01
1.863000000000465661e+01
4.528000000002793968e+01
1.788000000000465661e+01
7.310000000055879354e+00
5.400000000372529030e-01
7.290000000037252903e+00
7.910000000032596290e+00
5.190000000002328306e+01
5.010000000009313226e+00
1.681000000005587935e+01
9.349999999976716936e+00
4.560000000055879354e+00
8.930000000051222742e+00
9.770000000018626451e+00
8.999999996740370989e-02
6.060000000055879354e+00
9.150000000023283064e+00
1.423999999999068677e+01
1.219999999972060323e+00
5.390000000013969839e+00
2.020000000018626451e+00
1.193000000005122274e+01
7.859999999986030161e+00
1.793999999994412065e+01
1.217000000004190952e+01
1.953000000002793968e+01
6.579999999958090484e+00
4.300000000046566129e+00
5.180000000051222742e+00
2.093999999994412065e+01
1.690000000002328306e+01
5.670000000041909516e+00
8.829999999958090484e+00
1.047999999998137355e+01
2.701000000000931323e+01
5.479999999981373549e+00
1.790000000037252903e+00
1.038000000000465661e+01
8.079999999958090484e+00
1.558999999996740371e+01
6.319999999948777258e+00
9.569999999948777258e+00
1.179000000003725290e+01
3.739999999990686774e+00
1.283999999996740371e+01
2.329999999958090484e+00
2.239999999990686774e+00
8.229999999981373549e+00
8.199999999953433871e+00
1.755000000004656613e+01
3.839999999967403710e+00
5.900000000023283064e+00
2.130000000004656613e+00
3.640000000013969839e+00
1.444999999995343387e+01
7.160000000032596290e+00
8.319999999948777258e+00
8.699999999953433871e-01
6.699999999953433871e+00
7.599999999976716936e+00
7.069999999948777258e+00
4.010000000009313226e+00
5.000000000000000000e-01
7.600000000093132257e-01
1.219999999972060323e+00
3.146999999997206032e+01
4.228000000002793968e+01
8.969999999972060323e+00
1.456000000005587935e+01
3.215000000002328306e+01
7.689999999944120646e+00
1.739999999990686774e+00
2.150000000023283064e+00
2.399999999906867743e-01
3.060000000055879354e+00
2.393000000005122274e+01
1.180000000051222742e+00
7.959999999962747097e+00
2.911999999999534339e+01
4.499999999534338713e-01
3.219999999972060323e+00
2.670000000041909516e+00
4.469999999972060323e+00
1.468000000005122274e+01
1.747999999998137355e+01
1.459999999962747097e+00
4.771999999997206032e+01
6.300000000046566129e+00
4.170000000041909516e+00
4.680000000051222742e+00
4.770000000018626451e+00
5.060000000055879354e+00
3.598999999999068677e+01
1.359999999986030161e+00
1.660000000032596290e+00
8.949999999953433871e+00
1.183999999996740371e+01
2.299999999813735485e-01
1.880000000004656613e+00
1.959999999962747097e+00
2.596999999997206032e+01
1.568999999994412065e+01
1.432999999995809048e+01
4.543999999994412065e+01
7.579999999958090484e+00
2.569999999948777258e+00
8.819999999948777258e+00
1.393999999994412065e+01
6.489999999990686774e+00
1.500000000232830644e-01
3.506999999994877726e+01
2.540000000037252903e+00
8.680000000051222742e+00
9.709999999962747097e+00
2.793999999994412065e+01
1.168000000005122274e+01
1.850000000000000000e+01
7.750000000000000000e+00
4.010000000009313226e+00
1.354000000003725290e+01
4.290000000037252903e+00
8.760000000009313226e+00
1.999999999534338713e-01
6.680000000051222742e+00
2.552000000001862645e+01
7.770000000018626451e+00
3.300000000046566129e+00
5.520000000018626451e+00
1.528000000002793968e+01
9.939999999944120646e+00
3.750000000000000000e+00
1.030000000027939677e+00
3.270000000018626451e+00
1.054000000003725290e+01
1.483999999996740371e+01
6.750000000000000000e+00
9.300000000512227416e-01
2.040000000037252903e+00
3.109999999986030161e+00
1.193000000005122274e+01
3.599999999976716936e+00
8.359999999986030161e+00
1.831999999994877726e+01
1.776000000000931323e+01
2.050000000046566129e+00
3.750000000000000000e+00
2.000000001862645149e-02
2.228000000002793968e+01
6.329999999958090484e+00
2.151000000000931323e+01
6.609999999986030161e+00
1.281999999994877726e+01
1.278000000002793968e+01
1.589999999967403710e+00
5.910000000032596290e+00
1.883999999996740371e+01
7.600000000093132257e-01
4.439999999944120646e+00
6.280000000027939677e+00
1.218999999994412065e+01
4.699999999720603228e-01
8.859999999986030161e+00
1.419999999995343387e+01
9.119999999995343387e+00
1.209999999997671694e+01
1.431999999994877726e+01
2.800000000046566129e+00
2.100000000000000000e+01
3.153000000002793968e+01
8.920000000041909516e+00
3.143000000005122274e+01
1.619999999995343387e+00
5.630000000004656613e+00
3.650000000023283064e+00
1.578000000002793968e+01
4.613000000000465661e+01
2.239999999990686774e+00
9.199999999953433871e+00
7.569999999948777258e+00
1.055000000004656613e+01
3.270000000018626451e+00
5.829999999958090484e+00
1.739999999990686774e+00
9.100000000325962901e-01
3.349999999976716936e+00
1.839000000001396984e+01
6.619999999995343387e+00
1.156000000005587935e+01
3.010000000009313226e+00
1.579999999958090484e+00
3.731000000005587935e+01
5.930000000004656613e+01
1.258999999996740371e+01
5.560000000055879354e+00
1.978000000002793968e+01
5.949999999953433871e+00
5.579999999958090484e+00
1.969999999972060323e+00
2.780000000027939677e+00
1.670999999996274710e+01
2.148999999999068677e+01
2.660000000032596290e+00
3.100000000558793545e-01
3.400000000023283064e+00
2.134999999997671694e+01
3.441000000003259629e+01
1.009999999997671694e+01
3.140000000013969839e+00
9.260000000009313226e+00
1.583999999996740371e+01
2.185999999998603016e+01
7.040000000037252903e+00
1.863000000000465661e+01
1.359999999997671694e+01
7.420000000041909516e+00
6.043000000005122274e+01
3.153000000002793968e+01
4.100000000325962901e-01
1.456999999994877726e+01
3.719999999972060323e+00
1.180000000051222742e+00
2.218999999994412065e+01
1.859999999986030161e+00
6.671999999997206032e+01
3.520000000018626451e+00
4.369999999995343387e+00
1.219999999972060323e+00
8.760000000009313226e+00
4.489999999990686774e+00
1.369999999995343387e+00
1.183999999996740371e+01
2.213000000000465661e+01
1.766000000003259629e+01
1.788000000000465661e+01
1.772999999998137355e+01
3.088000000000465661e+01
2.550000000046566129e+00
2.469999999995343387e+01
1.089000000001396984e+01
5.699999999953433871e+00
1.020000000018626451e+00
1.511999999999534339e+01
2.890000000013969839e+00
3.910999999998603016e+01
7.939999999944120646e+00
1.664000000001396984e+01
1.150000000023283064e+00
2.143999999994412065e+01
2.560000000055879354e+00
2.535999999998603016e+01
5.303000000002793968e+01
1.667000000004190952e+01
7.199999999720603228e-01
1.346999999997206032e+01
6.959999999962747097e+00
1.048999999999068677e+01
6.410000000032596290e+00
1.127000000001862645e+01
1.189000000001396984e+01
6.040000000037252903e+00
1.510000000009313226e+00
2.107999999995809048e+01
3.920000000041909516e+00
4.201000000000931323e+01
2.700000000186264515e-01
5.979999999981373549e+00
2.800000000279396772e-01
5.300000000279396772e-01
1.048999999999068677e+01
1.108999999996740371e+01
5.170000000041909516e+00
1.140000000002328306e+01
1.171999999997206032e+01
1.472999999998137355e+01
1.068999999994412065e+01
1.931999999994877726e+01
5.709999999962747097e+00
1.229999999981373549e+00
7.089999999967403710e+00
7.939999999944120646e+00
8.399999999674037099e-01
2.225000000000000000e+01
1.819999999948777258e+00
7.260000000009313226e+00
1.797999999998137355e+01
8.640000000013969839e+00
1.455000000004656613e+01
9.750000000000000000e+00
8.180000000051222742e+00
3.543000000005122274e+01
2.133999999996740371e+01
3.709999999962747097e+00
1.461999999999534339e+01
3.880000000004656613e+00
3.020000000018626451e+00
4.869999999995343387e+00
9.459999999962747097e+00
1.223999999999068677e+01
1.094999999995343387e+01
9.949999999953433871e+00
4.499999999534338713e-01
1.500000000232830644e-01
8.810000000055879354e+00
2.108999999996740371e+01
1.041000000003259629e+01
1.400000000139698386e-01
6.270000000018626451e+00
8.030000000027939677e+00
2.141000000003259629e+01
7.650000000023283064e+00
5.089999999967403710e+00
6.430000000051222742e+00
1.935999999998603016e+01
7.969999999972060323e+00
8.800000000046566129e+00
3.489999999990686774e+00
6.600000000325962901e-01
4.931000000005587935e+01
2.345999999996274710e+01
2.500000000000000000e-01
6.140000000013969839e+00
1.880000000004656613e+00
2.167000000004190952e+01
9.989999999990686774e+00
5.699999999487772584e-01
9.130000000004656613e+00
4.319999999948777258e+00
1.510000000009313226e+00
8.270000000018626451e+00
1.099999999976716936e+00
4.430000000051222742e+00
3.109999999986030161e+00
4.699999999953433871e+00
2.384999999997671694e+01
1.147999999998137355e+01
2.892000000004190952e+01
1.332999999995809048e+01
8.299999999580904841e-01
6.540000000037252903e+00
4.540000000037252903e+00
1.640000000013969839e+00
8.989999999990686774e+00
4.040000000037252903e+00
2.250000000000000000e+00
1.192000000004190952e+01
1.381999999994877726e+01
1.579999999958090484e+00
1.366000000003259629e+01
8.719999999972060323e+00
7.739999999990686774e+00
3.599999999976716936e+00
2.300000000046566129e+00
2.489999999990686774e+00
1.264000000001396984e+01
4.699999999953433871e+00
1.532999999995809048e+01
9.020000000018626451e+00
1.650000000000000000e+01
1.880000000004656613e+00
2.829999999958090484e+00
1.068999999994412065e+01
2.388000000000465661e+01
5.180000000051222742e+00
1.178000000002793968e+01
1.036999999999534339e+01
2.093999999994412065e+01
6.140000000013969839e+00
2.459999999962747097e+00
1.215000000002328306e+01
6.880000000004656613e+00
4.867000000004190952e+01
8.299999999580904841e-01
1.418000000005122274e+01
1.568999999994412065e+01
6.530000000027939677e+00
5.600000000558793545e-01
3.709999999962747097e+00
1.185999999998603016e+01
4.910000000032596290e+00
1.680000000051222742e+00
2.357999999995809048e+01
1.560000000055879354e+00
9.439999999944120646e+00
6.540000000037252903e+00
1.104000000003725290e+01
4.660000000032596290e+00
3.069999999948777258e+00
1.133999999996740371e+01
5.060000000055879354e+00
1.689999999944120646e+00
4.176000000000931323e+01
2.630000000004656613e+00
2.558999999996740371e+01
6.800000000512227416e-01
4.339999999967403710e+00
6.800000000512227416e-01
5.300000000279396772e-01
2.790000000037252903e+00
1.569999999995343387e+01
9.999999997671693563e-02
1.066000000003259629e+01
4.206000000005587935e+01
1.219999999995343387e+01
1.042000000004190952e+01
3.060000000055879354e+00
7.500000000000000000e-01
2.250000000000000000e+01
8.109999999986030161e+00
3.399999999674037099e-01
1.157999999995809048e+01
1.501000000000931323e+01
1.428000000002793968e+01
3.804000000003725290e+01
3.180000000051222742e+00
3.310000000055879354e+00
9.609999999986030161e+00
1.228000000002793968e+01
1.560000000055879354e+00
2.683999999996740371e+01
