4.069350253440520149e+00
4.964449349934154654e+00
2.254680479240428781e+01
5.608901353907227438e+00
2.195862338944888137e+00
8.693058679693614010e+00
6.753997402869995170e+00
8.515167091159892010e+00
2.433835356966373986e+00
1.844614178488100720e+01
2.402656576055117288e+00
1.023327230935989185e+01
2.025442974623006265e+01
1.751378094161647070e+01
1.723279013074411381e+01
1.575301688601206251e+01
5.529847541021469581e+00
4.725655275991669235e-01
8.174075511490592305e+00
6.003259424810230449e+00
6.197679186328320711e+00
2.449781886816993826e+00
8.098999817325456263e+00
1.079665410708341788e+01
6.752660050537907743e+00
5.334944163054094801e+00
4.162614454733640557e+00
6.419612836668013856e+00
7.120530969180707714e+00
8.876627312848615503e+00
1.211875625387842170e+01
3.475817223917316401e+00
7.639178843055216550e-01
1.385782530576777027e+00
7.809281259856771129e+00
1.040756670884980473e+01
8.005239282467164763e-01
4.950286942603686000e-03
1.288270208046962395e+01
2.687335786147189154e+00
1.165659223980544823e+01
4.824631649747933640e-03
4.985234062245915254e+00
1.112195725242489663e+00
9.804409229088950184e+00
3.162347516713274304e-04
6.182663365412846002e-01
2.934728141255123823e+00
1.165848380201983225e+01
1.409447636902003143e-01
3.656901136686025566e+00
9.318316430767922043e+00
9.591439108160317029e-02
8.314757891434284787e+00
3.394663419121132897e+00
5.701436329741422782e+00
4.694859866761213141e+00
5.549376541642965677e+00
1.979879385019000182e+01
4.628114582772195895e+00
2.093376611437422952e+01
6.097390916560470941e+00
1.039307396546818296e+01
7.898838294283641481e+00
9.059681072397975043e+00
5.623750038055864708e-01
9.218156468076896815e+00
6.416827409656376879e+00
5.674854483140594041e+00
8.104010067390225558e+00
2.261653562825047370e+00
5.740000856259904083e+00
4.598327825593092832e+00
4.624089581767362844e+00
1.042727586374657678e+00
8.269853189225951695e+00
1.535427439809285755e+00
3.449533670143065223e+00
1.406842293845571579e+00
1.210812682759156900e+01
8.604051586260673679e-01
4.250045376481213388e+00
2.808858039310153237e-03
4.441776739057752721e+00
8.960011503273577205e+00
5.928515536550490239e+00
5.614068096769012861e+00
4.952272207337672735e-06
9.981813458459427579e+00
6.843306438438061967e+00
1.385952341892355388e+00
1.462985016109202174e+00
2.499188111194179829e+00
9.720128735280354704e+00
7.752458378397009131e-02
5.766310043081234404e+00
5.276615621612114282e+00
1.049729437941863530e+01
3.789064493408266454e+00
1.675775904846651621e+00
5.148481344319481678e+00
4.753271915557740535e+00
4.138070659232248594e-02
2.361931905700620504e+01
4.952272207337672735e-06
5.569911890223096407e+00
2.734358675947048400e+00
2.410934946979970306e+01
4.624205192447355728e+00
7.586803619340117821e-01
2.464634893211859357e+00
6.586237604608089491e+00
1.114309533528770046e+00
1.722169115797882677e+00
1.002873934235576581e+00
5.609649272304269019e+00
6.477162910207913349e+00
3.946240444291684746e+00
3.540801242704393115e+00
5.422233562167136256e+00
4.520474399581065228e+00
2.843841365788514659e-04
1.316785894955233127e+00
5.406105937873076250e+00
6.461883945620698455e+00
8.397588148461545554e-01
4.595296407385777826e+00
1.313480487141799768e+00
6.185941036384813074e+00
1.395294128993039529e+01
4.425532396281078640e+00
3.871687538590939948e+00
4.588321515573976939e+00
4.860861229737294842e+00
3.607972052830183962e-01
7.325556894734885915e-01
6.079523413025063050e+00
3.724873443496982376e-04
2.331674282639979889e+00
1.357302869175598836e+00
2.114289861771544210e+00
4.768138791406446586e+00
6.337085013234708519e+00
3.693246846821392371e+00
1.424964225374404947e+01
4.964627127160879283e+00
2.813851480168491737e+00
9.385512410318625598e+00
1.441793868698879155e+00
7.704621753458838818e+00
1.129064831004511049e+01
5.528425668373044388e+00
1.663522567627611845e-02
1.512869407956597456e+01
1.041041548348831469e+01
1.438477426045678698e+01
1.460826523964890100e+00
1.283390135032896850e+01
8.325912088363846664e+00
1.589530982877746412e+00
3.038384202764906838e+00
3.582822496684819669e+00
1.165789062273418963e+01
2.434514404674774303e-04
1.140547234304388979e+01
6.165904042894009507e+00
3.384860931207671619e+00
5.841535237812884316e-04
4.952272207337672735e-06
5.607128241918569955e+00
1.519286500240721427e+00
7.640947852421048125e+00
3.014350048218945233e+01
3.882617818683339106e+00
4.911744619596794870e+00
1.662582237464464541e+01
1.115636982085332463e+01
1.349280862390201108e+01
2.597502887734869148e+00
5.520921787865504804e+00
1.012293049729277167e-02
8.064557257134790324e-05
1.398557303755903203e-01
1.045345200420124243e+01
1.686151626833837014e+00
3.287825445523274936e+01
2.639736496802958410e+00
2.502067407575983005e+00
1.341504791733478896e+01
8.706298665045204555e-01
9.074801327687641361e+00
1.693321041593825882e+01
3.332400805210411487e+00
3.903342840990133844e+00
2.190173276691049331e+00
6.099847052330538588e+00
8.691220819663911357e+00
1.432895628726440229e+01
4.890773711965688442e+00
7.947989927135145072e-01
1.323368869932144420e+00
6.250994170241638281e-01
2.175685246478719304e+00
3.416503495206804075e+00
1.068616593421163863e+01
4.376837151426021144e+00
3.662986156598592835e+00
4.678535735427155728e+00
6.557318823795291074e+00
1.704302976207652476e+00
7.084420141482018707e+00
4.958864254732478827e+00
8.407866110421089445e+00
1.913042294248177289e-01
4.510472597742541723e+00
7.867366450291619628e+00
5.224289687540160543e+00
4.952272207337672735e-06
1.041916272635450419e-01
6.801266193551892769e+00
5.569952346050788695e-04
7.216759071428500150e+00
3.353521871821941502e+00
5.875996325559553757e-01
9.867763462473973846e+00
7.058831279747799670e+00
4.296794033283902081e+00
7.993154382449669804e+00
1.016998477919430854e+01
3.904377683547552103e+00
8.151719988859094101e-01
1.603339831145604230e-03
1.208072859968644774e+00
1.377428325963726108e+00
2.856879920506449455e+00
6.207366256587251385e+00
1.477177806666798210e+00
7.215178987087565332e+00
1.114927251311948808e+01
1.374463449908096813e+01
3.484312015505957483e+00
6.370074553810161966e+00
1.799115828900179181e+00
4.064703006203075120e+00
2.993099026044676592e+00
2.685303376725145519e+00
1.985817270631205611e+00
4.743360933620758502e+00
5.174434615352602407e+00
2.968156569768949637e+01
4.674709869907496262e+00
5.469290744549079042e-01
7.658133097674668655e+00
8.057386393463357166e+00
1.282790145765954826e+01
8.774127061183679688e-01
1.040051839019425195e+01
1.230479193352425060e+00
2.210800198772307823e+00
3.119506378071970509e+00
7.804115608891137867e+00
2.684238838222303691e+00
3.854226331473925349e+00
7.383365735327812374e+00
4.966639192273672343e+00
7.465763403187901659e+00
1.933912219787619957e+00
1.031981038609963619e+01
5.666620214444312076e+00
1.875770722980679484e+00
5.933083394726425652e+00
2.079775480358283524e+00
4.428722594954435543e+00
3.446776501978242369e+00
1.341525743065889786e+00
4.236819494961713062e+00
4.754633496988351915e+00
6.224854243160724998e+00
2.171975344460510549e+00
7.633120151923312946e+00
6.320894899314076554e+00
8.903884415722354909e-03
2.093993935274833351e+00
3.952234817665945421e+00
1.928261098116329952e+00
2.274277715693757251e+00
1.051669177909699116e+01
2.362656748367581924e-02
6.665342870398791142e+00
2.457289231138900298e+00
2.411698177362833206e+00
2.001412022256187129e+01
3.496267791342065667e+00
4.636855588989387655e+00
6.486016151580728702e-04
7.994849045355536532e+00
2.713643267162426653e+01
2.690537475301812975e+00
1.325316133346021452e+01
1.059381295492499637e-04
1.525386810661769843e+00
7.254737766060418203e+00
2.870649378674133279e-01
1.019802178619141664e+01
6.189363202873614966e+00
1.265824961219357177e-04
4.348741135150005922e-04
3.463954630237767063e+00
3.732324443725375751e+00
3.115689978851334807e+00
6.244137348209831018e+00
6.672248257607267696e+00
3.269948688734503062e+00
6.422500333618029522e+00
1.306629318490952940e+01
9.672099602529913298e+00
5.711698466861427903e+00
3.611227517910309714e+00
5.215073152293132175e+00
2.137482250404682205e+00
7.673623051420704222e+00
2.443339982961948209e+01
7.756391840613382271e+00
7.109465578658481277e+00
1.895623443929392860e+00
3.890860138141383207e+00
6.831951552166009023e-01
1.321894169891052906e+00
5.807749841985603290e+00
2.883936657565306305e+01
2.135779632940303596e+00
1.957947217065291312e+01
4.983423899405751811e+00
2.467131122354163875e+00
2.006104776224087871e+01
8.158924820748705287e+00
9.208200560891373954e+00
5.239494074517491384e+00
6.233011663759923163e-05
9.127175570690450712e+00
3.801304471123841289e+00
1.215536534110357536e+01
7.727446204493869653e-01
3.094829725878901705e+00
1.960397411149389146e+00
7.444537172690717242e+00
5.761649988024334590e+00
1.049155779456554249e+01
9.134051651373949809e+00
1.663736096554504940e+00
1.684679232980041519e+01
7.742790558593716510e-02
7.500429426847923686e+00
4.696862553807477525e+00
3.925311707366819114e+00
4.683870176139047058e-04
1.060177333060900295e+01
7.524012220526477890e+00
1.381682246029306102e-04
4.528926844627283899e+00
5.777911179859303914e+00
3.349575181013569880e-01
5.780859842088384437e-04
6.604559546166716366e+00
2.291560506540325282e+00
7.193324373063454402e+00
2.403054696053696482e+00
1.832072262787456829e+00
7.285715595267403089e+00
3.958409099481894788e+00
2.597844712471401252e+00
1.549409419570544566e+00
1.099530544594635195e+01
1.624511305621463730e+00
5.510396327370385983e+00
1.295273880632240955e-03
1.457775950694248834e+01
6.830314912439167330e+00
3.032304013993828207e+00
1.368984591430319497e+01
9.315205253646752226e+00
3.636495857726813608e+00
6.585614006181719660e+00
2.742117134395441358e+00
7.724718437901876733e+00
8.501848919260144299e+00
2.561035523141586889e+00
5.122410026333150054e-03
1.147314045264065463e+01
3.265561170978732719e-02
4.413844896027717013e+00
3.317920369452373563e+00
3.840618686154260608e+00
1.634525762915315816e+00
2.430572396684066661e+00
1.046159275684299699e-04
3.337576515121488896e+00
2.557113921115425868e-03
1.039378919501463994e+00
1.178645218719426735e+00
3.153737501228575546e+00
6.102570277369299134e+00
1.382673099035450326e+00
3.552372172170644049e+00
1.232190676626765935e+01
7.061343887151715348e-01
1.273662866475288702e+01
5.526186373755859194e+00
1.653347492875766322e+00
1.073694197633162650e+00
4.859883292192456850e+00
7.283558051634184238e+00
3.992219350177324433e+00
1.107221052993643617e+01
4.534744158119226043e+00
3.772905275561880939e-04
5.000888622939750894e-01
1.513192459586750971e+01
2.154904945626538559e+00
3.473694541042843031e+00
3.237637790549865002e+00
6.708054031268286810e-01
4.734141459265819307e+00
1.195938114714996203e+01
7.112023369698507125e+00
2.015626795530518489e+00
9.603843186692577305e+00
5.506980026011323304e+00
7.467617031863656329e+00
3.126432280763391525e+00
8.724224959784116606e+00
1.067806947845837851e+00
8.224290058064866571e+00
5.762546411419147141e+00
1.323531036468139632e+01
2.028012197320573584e+00
1.836624582676928963e+00
6.166806937862872928e+00
1.673107541340129067e+00
2.045264741272708520e+00
1.472656353403644047e+01
2.653041024956972915e+00
1.682130115101342938e+01
1.328246371496398126e+01
7.095573989930519687e+00
9.533541477934457831e+00
4.517882374390444489e-01
6.943162546877282182e+00
4.298329244310993502e+00
1.556253706257306302e+00
2.119813113234231494e+00
9.492206122032746052e+00
7.548914771474600549e+00
3.339144091461740960e+00
5.105222573038959988e-01
1.105009664340324882e+01
2.807998386279597192e+00
2.124199164841773069e+01
1.233384696726403362e+01
7.368939265412693729e+00
9.318776611895549067e+00
6.394424364299614361e+00
4.952272207337672735e-06
8.021880065433387941e+00
2.352356487243125738e+00
1.141389692693126712e+01
8.712041757891417770e-01
1.194739753885918176e+01
2.107364818030189380e+00
1.701129360816279856e+01
2.078328253565597361e+00
7.598541048677599719e+00
1.313260629586141759e+00
1.984873193380359879e+01
8.580257731842740654e+00
6.981018383276310857e+00
1.949561799841328306e-04
6.446170549151702289e+00
6.366211283350335037e+00
3.624045118617896577e+00
1.333949179688155162e+01
9.126213620810073479e+00
2.797339805693738413e+00
6.759246124511166798e+00
3.575494763649412100e+00
3.099516876907730811e+00
7.022470657457419163e-01
1.045542381006425270e+00
4.637821010316061532e+00
4.461620433739788005e+00
2.494909416902598487e+00
4.807625459617703712e+00
2.797303951187654736e+00
8.084426061270463038e+00
2.343663100281944356e+00
4.370921082148809589e+00
1.150936697958158916e+01
4.041206374650135658e+00
4.240764335872040824e+00
5.259341652068421524e+00
4.509454978767562849e+00
4.422039429029450019e+00
2.840027667370782538e+01
1.973435988442296507e+00
1.878859042315121242e+00
1.590408307811511657e+00
1.884725967268786917e+01
5.942041472555298576e+00
5.522730426004166304e+00
9.432533022887655605e+00
3.995617616231100122e+00
3.659690133793342959e+00
6.164508085646287938e+00
9.621344308989384850e-03
2.939799824565082709e+00
7.229959213829664222e-01
6.672374289805277137e+00
4.952272207337672735e-06
4.813797996829043413e+00
2.157205778262759388e+00
1.081304452548865980e+00
4.583130043574242807e-01
2.164308229325944666e+01
4.342890709308820263e+00
1.033707334802599798e+00
1.852803765135921310e+01
1.141379300724763546e+01
2.261195066141592935e+00
6.007963350811128755e+00
9.009205508974140741e+00
8.648403804246354021e-01
3.259185756038180504e+00
5.258765626721433328e+00
1.401704681414660314e+00
2.051301483290304101e-04
4.952272207337672735e-06
2.176862941638982107e+01
4.323957609033491245e+00
4.260624968690932768e+00
2.713596212022928000e+00
1.373424182260747362e+00
7.257757443344907244e+00
6.672139279355135066e+00
6.116898943489975871e+00
6.517631684113712076e+00
2.595403982347603389e+00
3.616290448420046211e+00
1.207307854641627110e+01
4.908013749762860201e+00
3.214948705569614873e+00
6.310607626748337973e-01
8.385846058448608531e+00
3.296017041112268675e+00
5.853677996126680050e+00
5.548638011481370924e+00
6.328781985293400858e+00
2.775975023902864081e+01
5.302685323613110391e-04
4.450579926255674224e+00
5.057646467619967723e+00
1.684695067540789237e+00
2.077038919532060213e+00
4.000317242577477117e+00
7.817081428839287582e-01
6.268135116913534866e+00
1.172817548445461533e+01
1.147254621540776753e+01
1.280657707024834835e+00
3.954265044633737514e+00
2.465950008282912442e+00
4.952272207337672735e-06
2.137430038663563181e+00
2.744118819654735031e+00
1.261414287096926401e+01
1.948289946819771099e-04
4.005822561571778628e+00
4.491938810860516718e+00
2.115829303708344179e-04
8.230618909853269827e+00
1.328548955463367820e+00
1.003312061227361163e+00
4.443057812452821942e+00
6.084373986923333533e+00
6.876815762385193320e-01
7.521962266959524968e+00
1.614876258886822208e-02
4.063695796647950331e+00
1.882605300494617495e+01
1.344528769000602431e+01
2.669810073282812724e+00
1.609995977399099942e+00
4.523978998232451865e+00
7.801997463704117841e-01
5.538339234987866601e-04
3.465903058914821422e+00
1.229824743910825013e+01
1.687421098080570669e-01
2.204167528098333051e+00
2.741188264901711591e+01
2.112657524189835545e+00
1.071245710034830623e+01
1.240062124355365647e+01
1.690683186202132049e+01
2.068844724437905569e+00
1.928592050753555664e+00
9.320977518442655096e+00
9.251730331677419095e-01
1.222788614925920037e+01
5.613722238054872804e+00
1.389697914297871506e+01
6.680731593599978368e-02
1.162494445714581914e+01
1.699185861861029068e+01
8.562756504698544546e+00
1.809155394864655264e+00
7.142143478424964442e+00
3.081942121451250807e-03
1.665225394104414391e+01
9.532243694648492305e-01
2.353313922624525034e+01
4.788756723875771115e+00
4.853935692770257049e+00
8.686697327307470573e+00
5.195131367020502378e-01
1.130916337808440097e+01
3.053368325169562691e+00
7.905780953174879500e+00
6.988494328884729434e+00
7.014000926226728883e-01
2.537478259843243933e+00
3.073151127726164056e+00
6.596720435528058424e-03
2.142923828306089185e+00
3.998227605622674208e+00
1.134718477797237539e-04
9.315591330175857721e+00
6.590132411838616200e+00
6.001638586392554764e+00
7.460311305345128652e+00
5.846811302438271740e-01
1.806494442289089619e+01
5.629600219221510216e+00
1.009960846110450028e+01
2.154939509442330148e-02
6.123026835888730091e+00
1.668690243670081230e-01
5.436834049923472634e+00
6.001319165305130099e+00
1.144804765334512586e+00
6.142057791016625856e+00
1.014926165791687707e+00
1.644096650607181465e+00
2.335001404905808187e+01
1.981990578777256484e+00
7.186855898534215470e+00
9.797563537297930836e+00
1.332623984029590680e+01
3.895995184189872340e+00
1.098190830704153242e+01
8.068794506484366913e-01
3.333603010820899382e+00
5.037921329693126005e+00
5.383974750893378847e+00
7.041899054619136678e+00
6.473772784197601382e+00
8.438272325819882180e-01
5.295245351705281323e+00
5.937088524018978575e-01
1.099946691338477667e+00
8.437220352176897364e+00
6.318618936651139606e+00
3.314060875798120698e+00
7.753067378167662227e+00
1.135917901222219051e+01
4.138528334964958866e+00
9.827704783305044600e+00
7.087928128466498556e+00
1.778642146006954405e+01
1.341746961453748455e+01
6.387028458599288694e-01
3.553469899852963909e+00
4.719872466685125723e+00
1.162341815308555759e+01
2.948949296373191142e+00
2.161476733030807118e+00
6.329354159531584756e+00
1.401470614586180830e+00
4.596650365914443093e+00
4.657740918318963308e-01
1.335852409888444114e+01
3.598483294479547290e+00
5.774123354802018326e+00
4.759507417843918731e+00
3.518639689350135935e+00
1.733122718639182480e+01
5.229235414173635021e+00
2.793889864604700676e-05
1.116912545335504525e+01
4.301902460119391591e+00
2.486672659026433418e+00
5.369458616175048604e+00
2.343549646629902890e-04
3.475714711900766751e+00
1.303264271554968268e+01
9.407539611220292031e+00
8.881038302085695335e+00
2.194708321843764409e+00
1.745193806189171681e+01
5.047266438569941727e+00
4.952272207337672735e-06
1.085447963963541819e-03
1.366310032405446129e-01
3.387944732951013727e+00
5.187927521785574925e+00
2.177660704791113844e+00
1.482482885888707358e+00
1.216281687013393231e+01
6.804562462778927845e+00
3.652184101428188612e+00
2.767478088303944705e+00
3.496328028393408616e+00
2.373710670064507422e+00
1.166409393625850610e+00
4.199047797665916626e+00
2.771939921733292511e+00
1.204020676187571803e+00
6.869266607812551939e+00
6.883156361179366911e+00
1.214823295496731248e+01
6.057428379999786117e+00
3.319496184550982257e-04
9.777238283465223390e+00
5.619693710858736369e-01
5.212489531706497203e+00
7.526589339069883478e-01
1.332509751148883481e+01
7.194182630831294389e+00
1.234457764911633149e+01
6.243405834234290630e+00
5.825943956907082999e+00
1.897625467990133874e+00
4.673855402102660150e+00
2.540564216584431101e+00
5.374099014446764855e+00
4.317913596632289241e+00
5.917988762929280000e+00
3.351489714462500213e+00
7.707786553475821201e+00
7.898537922604333961e-01
1.287154699315848916e+01
6.927216853578223699e+00
5.931632924385668026e-01
9.349501480218503247e+00
1.284338195785349157e+01
8.677657624552967519e+00
7.955987936700710250e+00
5.808640800237835355e-01
1.515969166471883289e+00
5.016689180033242934e+00
4.846073408789897119e-04
3.699662043144998247e+00
2.808899060394924874e+00
5.561230279277861399e+00
5.658661937654736462e+00
1.909389345990000919e+01
9.867662712468387554e+00
2.566525155852639444e-03
1.793381534002640620e+01
6.847136323923489698e+00
3.957823316199094776e+00
5.091354725778035828e+00
6.106956982380580268e-01
4.332243592807259347e+00
3.838041846684662062e+01
6.247539131221253150e+00
4.845485955365111952e-01
4.447159119594013887e+00
1.254698815619349972e+01
1.485758973425963747e+00
5.840072084714650558e+00
1.000715280620503300e+00
1.794163191259362522e+00
2.336094462144822970e+00
1.676143014684833732e+00
7.909067522653748128e+00
2.333273768486742483e+01
5.808833452639059480e-01
1.351505783783562009e+00
7.414340646249954148e+00
6.086468708260809102e+00
9.554754710754636005e-01
1.852413507438548379e+01
1.899026896162895550e+00
1.804275637478628624e+00
4.499811033364435886e+00
2.568428038804047020e+00
4.207357164711666542e+00
6.753930684777309068e+00
3.573588336583555236e+00
5.917355048607046974e+00
1.022799824053182327e+01
2.317078842341074107e+01
5.513113306933762559e+00
1.862992280043625382e+00
2.124640571107622833e+00
4.295550984150846574e+00
2.340919951007070399e+00
1.095229075317334022e+01
5.053204778608495928e+00
4.005557427653736902e+00
2.321343486876910944e+00
2.668778689865766829e+00
4.362863943777967712e+00
1.726552280006143025e+00
8.748347448952746852e-01
2.170981363253169594e+00
1.173613138291658053e+01
1.236286474028071014e+00
1.231849946402521034e+01
9.624869775779202996e+00
1.406451544785389141e+00
6.638550612654714911e+00
2.022143426664070631e+01
5.684581344977188699e+00
3.264703406854589485e+00
2.351786823799110415e+00
3.360778612988093439e+00
9.825728449568443823e-01
1.744528914364658290e+00
3.334875979619406294e+00
2.623669633866247519e+00
1.683285926997026394e+01
6.142478542093020799e+00
1.754103547380558226e+01
7.109168795764518656e+00
7.732324942990726591e+00
5.312974217065922211e-01
1.912151473883547936e+01
2.647268171784630031e+00
5.207953595474934083e+00
6.420780705087167917e+00
2.298695783117435720e+00
1.377434553030889219e+01
6.174221038438998388e-01
9.253761878686511011e+00
3.651186549918363777e+00
7.892728067639404266e+00
1.428527021552821186e+00
7.474402639125623971e+00
4.419954734508748651e+00
4.011533768713022141e+00
1.444654437852363582e+00
4.927890668349953707e+00
1.027487912362559364e+01
8.314964214336892923e+00
5.186887433474652198e+00
5.188080312608239764e-01
2.067321127502384392e+00
8.080183895034977581e+00
2.187319114388739383e+00
1.472431977787926982e+01
4.983809042533262179e+00
6.745375647916574735e+00
4.256577848918633222e+00
6.951081893145056867e+00
5.442742066354657737e+00
4.020324342033624099e+00
4.280329568882075719e+00
4.952272207337672735e-06
4.458027400318921529e+00
8.065757937375801490e+00
5.657412587390150627e+00
4.877712509945821395e+00
1.262904759528625798e+00
7.155214991867365981e+00
2.037510981253600306e+00
5.590678358997286379e-01
1.992156878361865946e+00
2.399003511556659163e+01
4.327860285951972585e+00
7.902125202585360775e+00
1.032035076669363605e+01
9.322016966923129644e+00
1.850332273385415505e+00
8.926323439397030768e+00
1.740077838072939143e+00
1.382946832907749890e+00
2.038077552600472409e+00
3.139659529805883809e-01
1.115707347887501655e+01
1.420677424830337543e+01
2.257338856012895523e+00
1.391705319910078176e+00
4.417216006369208969e+00
3.738519672785162856e-05
2.545618834710844158e+00
4.018477080772163035e+00
9.147576407044345714e+00
4.812297016483677581e+00
5.137761248230616751e+00
6.770028699807674855e+00
7.951505371743579076e+00
3.967217518556702238e+00
3.384333938593599100e+00
5.953484169220856215e-01
6.064075688250031959e+00
4.447318297653014341e+00
5.580038568419518619e-01
2.201012562068461165e+01
1.201222422670078238e+01
8.336580217196800646e+00
4.703506557354478979e+00
8.379301859438538003e+00
1.432277235329946485e+01
6.164857750210121168e+00
2.579354636247655819e+00
8.343303139602086915e+00
1.995271186431090626e+01
1.004317837146617620e+01
4.846366695357890109e+00
2.261983031974706648e+01
2.240128681429178314e+00
5.021389361499538850e+00
7.351390197468354870e-01
3.607584710158570296e+00
2.318606669637392415e+01
1.520610449954629750e+01
4.155392893342436444e+00
1.845016059238294481e+00
5.832120537792886417e-01
2.420070631669922534e+00
8.853586381522635662e+00
2.816688688395529994e+00
5.738761895965667215e+00
1.289703477631083839e+00
7.548751656448768443e+00
5.296404744523078634e+00
1.019299049362401739e-02
9.766807159014041062e+00
7.519223912246101094e+00
1.292922239041052412e+00
5.638478480985781305e-02
6.078921456294652970e+00
1.113401311787900383e+01
6.565697841538963075e+00
4.985063562834342044e+00
2.734978186104593867e+00
2.380002340621810042e+00
9.127966575541734073e+00
8.878213184063842078e+00
1.860849436734618445e+00
6.125843413901085555e+00
6.789675846939606796e-01
5.857449365550259301e+00
6.672340605057699436e-01
4.512228558876458351e+00
2.419173834677702750e+00
8.334787663252216205e+00
6.557575836911725409e-01
6.503016954333083355e+00
4.947091869021479349e-01
5.772016806805469358e+00
1.800323848858004183e+01
5.057908149801246367e+00
1.079480145476519404e+01
4.952272207337672735e-06
3.236702528156393477e+00
7.196350055975303306e+00
2.325998957156458147e+01
8.959044571991697126e+00
5.775342348296867989e+00
2.121164962499783257e+00
5.180145745245878786e+00
1.740524542370875283e+00
8.689259423128561366e+00
3.495018027921259485e+00
1.405819229127493486e+01
4.017062810052173916e+00
4.186472108699518913e+00
4.444116247925069096e+00
2.257950058841283969e+00
2.090859445052414009e-04
3.539637728630090407e+00
4.081321338402998045e+00
3.614482716463392364e+00
4.448374063519787036e+00
8.790678670830802233e+00
1.127822036501364327e-04
3.321223487321143697e+00
2.082854634178861630e+00
9.491780803722106308e-01
1.586704647006733104e+01
1.855291066136619094e+00
4.672688322462491328e+00
1.004931568552119892e+01
5.377596307254187691e-01
1.980696868593327942e+00
2.278356904258802107e+00
3.843867482215080678e+00
1.815236000989089327e+00
1.092511617701274584e+00
