3.168708374324300882e-12
4.031383259768930325e-12
1.000394621185428924e-11
3.678365499292967002e-12
1.885075606010839759e-12
5.731130931506962333e-12
4.232972215859161839e-12
5.084360522498391214e-12
2.010868237668466243e-12
8.647756752325823109e-12
2.371082354204036587e-12
5.707897809532274571e-12
9.437395649233579265e-12
8.258643833960592943e-12
8.531971434152352872e-12
7.728893071665341273e-12
3.649347470523702979e-12
3.874299666610827704e-13
4.927502391937814213e-12
3.872995968435181493e-12
4.424242132497393570e-12
2.514760341619632356e-12
5.154708042644878862e-12
5.927738527235844861e-12
4.234131789273600113e-12
4.110840748184555760e-12
3.220812236716572279e-12
4.068385894715679291e-12
4.848184440693820060e-12
5.156105786207806882e-12
7.135019796550482272e-12
3.116153328392398662e-12
8.740086999518676057e-13
1.295885759958575640e-12
4.852078426537063097e-12
5.850051878946153535e-12
7.555305827797829428e-13
nan
6.797109646514904411e-12
2.697399793246956936e-12
6.142580107671684089e-12
nan
3.345101574721203434e-12
9.650115483774228576e-13
5.565082002991026424e-12
nan
5.209765314942666615e-13
2.302925335662529237e-12
6.354549404034942878e-12
9.149674769178673685e-14
2.734955935430265636e-12
5.340202560928073775e-12
8.306119564179157966e-14
4.966473829845998166e-12
2.861517194518271766e-12
4.303703957531492187e-12
3.257791074298115248e-12
3.755462334462116163e-12
9.171282553346919304e-12
3.708221019816833686e-12
1.012355951626395679e-11
4.158615132746391661e-12
6.414905221143791266e-12
4.737626296296227886e-12
5.774899116022338060e-12
4.716388712923157333e-13
5.595964219892403200e-12
4.069066749657011144e-12
4.275227462772990099e-12
5.272655912324866654e-12
1.983160723611844941e-12
3.732409519709931561e-12
3.140571199690179766e-12
3.384834198902881665e-12
1.012059859819799462e-12
5.525269488416621182e-12
1.384693443132055287e-12
2.687503118669902817e-12
1.296016044721409027e-12
6.571311125377039707e-12
7.144114456982967131e-13
3.056360471497739487e-12
nan
3.613552578271598639e-12
5.193539372820759299e-12
4.314777504682305222e-12
4.231945667142995754e-12
nan
6.079334764505020403e-12
4.648195537984948138e-12
1.283231321507507879e-12
1.341199809069024731e-12
2.546888851997070481e-12
5.776229066418494895e-12
8.430689819018026504e-14
4.351700499969316781e-12
3.773650963440420276e-12
5.820045808446324699e-12
2.736390861631280127e-12
1.461107496121511658e-12
3.989199704109631025e-12
3.220716016597404180e-12
1.873915977224536223e-14
1.033141117275404567e-11
nan
4.167396415168231153e-12
2.678791776328092145e-12
1.070160078487338774e-11
3.223733271989303201e-12
7.440800748174146613e-13
2.100411669889384635e-12
4.158477166969611719e-12
1.068284893895475913e-12
1.468421740001849072e-12
8.481429446521876196e-13
3.676702925199356532e-12
4.684773403239344679e-12
3.318384738274416093e-12
3.136573896184529725e-12
3.572755629134105433e-12
3.097568393238216912e-12
nan
1.221472990084292929e-12
3.676701124453165072e-12
4.610713800506606951e-12
8.527369933154656673e-13
3.184286887325862907e-12
1.252599816314251809e-12
4.361284497481624335e-12
7.166486600280956002e-12
3.299893506891874982e-12
3.139828418736311996e-12
3.676875227847925950e-12
3.511874824607413556e-12
3.683639818616052822e-13
6.749579789029647069e-13
3.914409125431932853e-12
nan
2.373315608258426755e-12
1.333009459385872076e-12
1.927142439279629004e-12
3.279764529932861229e-12
4.608200261450411446e-12
3.194859057453852774e-12
7.372560063583288611e-12
3.855864516834816847e-12
2.753953805325984699e-12
6.038819637076842291e-12
1.336527202774639394e-12
4.849601024730645719e-12
6.196055590637870912e-12
4.068874877583168121e-12
nan
7.648542588894687825e-12
5.786619463751373136e-12
7.891257429495217083e-12
1.371425696236179059e-12
6.695518221169927899e-12
5.461894484864136502e-12
1.418913113289926828e-12
2.573125423673674197e-12
2.879741484583740880e-12
6.389564256275835987e-12
nan
6.218876871308619342e-12
3.953086935114596422e-12
2.994257253899569963e-12
nan
nan
3.677839905630137743e-12
1.421140200948174614e-12
4.627183335320057572e-12
1.215540959792995101e-11
3.346981168797177174e-12
3.298888666200814469e-12
8.021853894768025296e-12
6.081439602600296131e-12
7.028045431555792391e-12
2.099763732280827253e-12
3.731161918422472953e-12
nan
nan
9.490086627247995314e-14
6.106300473662030324e-12
1.594947510728505035e-12
1.330267712207054186e-11
2.411266035874312032e-12
2.148270472836790993e-12
7.254683773320047976e-12
8.260161742810529833e-13
5.532964817247135650e-12
8.204529279486491493e-12
2.766499574827267212e-12
3.242050072052503392e-12
1.925636918914209791e-12
4.480383522934500480e-12
5.288526026016266519e-12
7.678888138518617534e-12
3.847096750897550113e-12
9.372829578411753203e-13
1.230467588562134568e-12
5.484434325968891393e-13
2.320212285928819675e-12
2.599887353103760813e-12
6.168122682356454950e-12
3.345570555554573718e-12
2.719893911917146520e-12
3.702514153213515613e-12
4.435403653654360303e-12
1.479531399031764553e-12
5.024776089353090241e-12
3.895370578198035869e-12
5.480248083174142569e-12
2.681076809842477607e-13
3.422865791515761467e-12
4.704523517888510419e-12
4.051964765743565373e-12
nan
8.212292098186680691e-14
4.799838468875233446e-12
nan
4.939441176140610248e-12
2.934740814139529871e-12
4.939642214407190320e-13
5.567644658345351440e-12
4.793073889452258241e-12
3.530858186519197575e-12
4.778266157298127499e-12
5.741256973986870544e-12
3.097450769523596973e-12
7.824793417479304346e-13
nan
1.139791291269666493e-12
1.282266806693873601e-12
2.781480850179223608e-12
4.491774172255114573e-12
1.347697515067972499e-12
4.463098736289549526e-12
6.827412611175926359e-12
7.033624193061017388e-12
3.102387278744618475e-12
4.597076047348845927e-12
1.557230467068543448e-12
2.762858162373459090e-12
2.861392784046699245e-12
2.211724024096443002e-12
1.765366370779483294e-12
3.280388514978590028e-12
3.761735781683654557e-12
1.202566608395016789e-11
3.179484906868741502e-12
4.541066131481127051e-13
4.805246485141243127e-12
5.128755392989192569e-12
6.693547521233982455e-12
8.592937201021595860e-13
5.783041237459120669e-12
1.152922147882148766e-12
2.382580407477190459e-12
2.462500809532881860e-12
5.301096882618870941e-12
2.193041879186373990e-12
2.792679604674178671e-12
5.081359237626096609e-12
3.947022018501247274e-12
4.432119654445659686e-12
1.767613898760415334e-12
5.745095624972981451e-12
4.033765032071676960e-12
1.693397469272067881e-12
3.994768186901194458e-12
1.720610068681190645e-12
3.574443015663757822e-12
3.102328364632119051e-12
1.261122058545374054e-12
3.532388313758405751e-12
3.220703098205808064e-12
3.972358885008503331e-12
1.819822713213616313e-12
5.161803240321941128e-12
4.314766830695928121e-12
nan
1.719265760914726916e-12
2.879781129551581835e-12
1.621973556456808520e-12
1.814771235620690742e-12
5.868075282443839804e-12
2.632409603433094838e-14
4.789864305078045228e-12
2.194550222278821660e-12
2.006402242275430092e-12
9.306657291009838308e-12
3.114006194435630946e-12
3.718151145809934502e-12
nan
4.778682127183333135e-12
1.137103313401958836e-11
2.195849086409953725e-12
6.924170754838424970e-12
nan
1.512607860602669749e-12
5.070210322816410645e-12
1.959481934066125643e-13
6.292574837607467726e-12
4.482572906022210105e-12
nan
nan
3.011550054358691776e-12
2.795995606575453050e-12
2.442564692526835879e-12
3.994972588732543309e-12
4.192469120936123959e-12
3.005719548568812733e-12
4.621195185351314942e-12
7.188214721857549763e-12
5.815541246824630931e-12
4.070142132603058749e-12
3.191455560979638073e-12
3.471518890396636153e-12
1.850680121065265422e-12
5.153104054944156102e-12
1.050856154640123068e-11
4.890542930931807848e-12
4.392742695593326618e-12
1.710922585873281898e-12
3.054725900459686144e-12
7.092866955823913640e-13
1.254330471585833468e-12
4.032470596511597629e-12
1.185218932148972924e-11
1.850545364029600108e-12
9.004844631091363355e-12
3.344393911535442668e-12
2.522557915541094902e-12
9.305417917613726424e-12
4.850341785308674492e-12
5.418601060175298313e-12
3.755731638050135216e-12
nan
5.268011981795792205e-12
3.280451866018516624e-12
6.632985826389003063e-12
8.997783396390659193e-13
2.439573168832266389e-12
1.971771775458056114e-12
4.995983930674825465e-12
3.755934899647990355e-12
5.821800743533940179e-12
5.927070721044632864e-12
1.483251267783512046e-12
8.263664351311169762e-12
2.951373250168085945e-14
4.849610879970044102e-12
3.598958984491140686e-12
2.895549934586850506e-12
nan
5.888642128579301643e-12
5.075606317476686828e-12
nan
3.818973539182226322e-12
4.280155165300400420e-12
2.494614624194141254e-13
nan
4.191674914817567881e-12
1.893656236099505352e-12
4.434280389270036239e-12
1.999622034215514467e-12
1.709349414933647601e-12
4.476658528155671002e-12
3.327899763223017501e-12
2.643009377069736055e-12
1.401524601383181390e-12
6.004179933456791182e-12
1.556574633756644172e-12
4.156173911328272295e-12
nan
7.333112420268888614e-12
4.828782863998204213e-12
2.850857967443493739e-12
7.096962395350515778e-12
5.650304541012630206e-12
3.065251919985508736e-12
4.157782527761074282e-12
2.191005830034661844e-12
4.618431863812729176e-12
5.007148156531780682e-12
2.201616615453713461e-12
nan
6.729032056967626670e-12
2.726307845771982589e-14
3.056552202361476243e-12
3.030827369059841962e-12
3.056372256630192608e-12
1.511832947081698436e-12
1.995494469798474011e-12
nan
3.007384811416095328e-12
nan
1.028553174371426250e-12
1.095095487276710580e-12
2.447262156406611026e-12
4.512424336341754839e-12
1.284658236446042343e-12
2.658371226760542066e-12
6.870258836672931656e-12
6.813677188954610532e-13
6.661280610257599810e-12
3.635442419458200788e-12
1.458845343811346597e-12
1.062468273260334996e-12
3.299409016918742498e-12
4.477523078042549065e-12
3.358860179908525488e-12
6.050847776727660554e-12
3.343523543198296078e-12
nan
4.143976098336401099e-13
7.682784068986262888e-12
1.782095912598794075e-12
2.869904781840938408e-12
2.490838125626038040e-12
5.621934617325955359e-13
3.923374266607278201e-12
6.431600277684505966e-12
4.746003584484528650e-12
1.740222040025713197e-12
6.098077990013581608e-12
4.156167936549675369e-12
4.556063320371773998e-12
2.324499483560014088e-12
5.679065838141119879e-12
1.060506997430923608e-12
4.851067358415180126e-12
3.752717728427296133e-12
6.919920759238747032e-12
1.890703008167816160e-12
1.598498360827021121e-12
4.507717115667460409e-12
1.589014024327001141e-12
1.863967448044637045e-12
7.372023173998904805e-12
2.655481207543385745e-12
8.264539009294562114e-12
7.058454515764330416e-12
4.797785008459676128e-12
6.055970669299676336e-12
3.545554954352059940e-13
4.868886836215995221e-12
3.506257970520554943e-12
1.515191827825401356e-12
1.842105503525805602e-12
5.415065803693453389e-12
4.591774614065449173e-12
2.981062580040901756e-12
4.246430720309126425e-13
6.045634846321340339e-12
2.252271523677758785e-12
9.529556821162815992e-12
6.804813042902680186e-12
4.518009028018902571e-12
5.340190925004605854e-12
4.652917236508704764e-12
nan
5.323559399472428854e-12
2.426362938287502855e-12
6.956564905245706812e-12
8.191465912095738997e-13
7.045037300781369524e-12
2.190997080320259074e-12
8.496664395760563633e-12
1.766014088750145567e-12
4.852627110518852797e-12
1.293571321984342095e-12
9.098772984339200022e-12
5.044977637964324615e-12
4.931565006444571927e-12
nan
4.067267913910911128e-12
4.440526692399475151e-12
3.224755350828326291e-12
7.123902131691672226e-12
5.265582254712676507e-12
2.246986594472725789e-12
4.315581345910952646e-12
2.722989009492021243e-12
2.901913219150233986e-12
8.185627549259273623e-13
1.016510926933700892e-12
3.208188279186578476e-12
3.178744257587551129e-12
2.541750296285517510e-12
3.429084771135991059e-12
2.232399115640584614e-12
4.815698257368545867e-12
1.929644780290862652e-12
3.543592159682396132e-12
6.388852317487323446e-12
2.917210481583701059e-12
3.121501627088697393e-12
3.525440851448892123e-12
