3.175871323348297864e-12
3.631470239848157965e-12
1.037304591916739943e-11
4.078223570879899003e-12
2.148803031618088734e-12
5.167457419928721266e-12
4.632389955536030030e-12
5.450700292652262823e-12
2.253700562364696093e-12
9.045435114206426633e-12
2.232254010112746856e-12
6.107224661223782865e-12
9.567492377693031702e-12
8.643689441639708958e-12
8.663245368625498230e-12
8.121953172303789401e-12
3.849005950102151615e-12
7.442173665116774637e-13
5.270905180896406591e-12
4.272961459941759816e-12
4.152608262817403317e-12
2.268611009217396891e-12
5.159746519060029466e-12
6.326014262251149557e-12
4.633614454129639661e-12
3.807844253794724673e-12
3.421324607239134983e-12
4.467602314522084396e-12
4.554498299383871874e-12
5.556101629030679724e-12
6.388932036518682969e-12
2.829664001773436225e-12
1.162177153861333800e-12
1.597409108276648890e-12
5.153134737426579828e-12
6.206686396374104295e-12
9.753083612862797402e-13
1.014087494706523247e-13
7.165996925348218604e-12
2.388678788020302646e-12
6.350579043458185624e-12
1.115877827177147923e-13
3.745074919339613904e-12
1.277512050808804367e-12
5.928938338780806610e-12
1.062467446658019718e-14
8.845045979970026922e-13
2.581854743591807829e-12
6.410880127589205689e-12
3.757217046632550485e-13
2.972675239121409194e-12
5.739936232705627368e-12
4.177206635947216804e-13
5.364421031172723909e-12
2.816933219804321898e-12
3.979803922240585566e-12
3.513271987763447301e-12
4.118918794741036583e-12
9.559599998896691897e-12
3.430692808551046424e-12
9.486766058793120669e-12
4.141579804270900407e-12
5.726580164464149768e-12
5.137426423079956488e-12
5.411125687411666684e-12
8.262927502889404668e-13
5.728151332741165663e-12
4.468249131610543889e-12
3.958385669538493544e-12
5.083387254030152221e-12
2.114249087246397331e-12
4.002805577171902301e-12
3.540542458101032081e-12
3.660037014933432192e-12
1.329424961908217542e-12
4.965085522786737758e-12
1.669687728622794433e-12
2.856889459622595744e-12
1.556314455659565918e-12
6.967140404821158350e-12
9.530618308155385567e-13
3.455971954859952852e-12
7.408084404841163433e-14
3.344854774260849661e-12
5.593215148645540112e-12
4.113326804353161135e-12
3.916347760490187683e-12
nan
5.948359000011465558e-12
4.408271678565204899e-12
1.548381567672983386e-12
1.599232245835544190e-12
2.286551272983275218e-12
5.619987541645474972e-12
3.682226160152604864e-13
4.001894226035452857e-12
3.762873609439623347e-12
6.219287338034377988e-12
3.033060488710617481e-12
1.764242096305170565e-12
3.715888028471589691e-12
3.620416826482274761e-12
2.516978335958428056e-13
1.070437422650695018e-11
nan
3.932168622785828351e-12
2.461240234403921388e-12
1.067025738266620764e-11
3.447790033925441386e-12
9.302864915909542573e-13
2.359519255351508787e-12
4.558443500836982897e-12
1.378513702415794171e-12
1.767318254123542797e-12
1.161452040403832110e-12
4.076607139287657158e-12
4.312139229203356045e-12
3.070904467736284632e-12
2.865794331387026352e-12
3.816373106302766086e-12
3.497413627361663062e-12
1.122448189734310796e-14
1.496908393730953047e-12
4.047828158339196174e-12
4.286054544196915321e-12
1.135798287084755421e-12
3.414553667548854307e-12
1.539491100202620441e-12
4.171932383060657908e-12
7.555801166996309896e-12
3.578423660612956773e-12
3.159554809563509788e-12
3.428518681145140178e-12
3.559087896373893774e-12
6.792772727537360678e-13
9.438715102699965575e-13
4.310610825357260052e-12
1.608175839598971034e-14
2.174261534769102937e-12
1.596559586689443960e-12
2.019184939712446321e-12
3.519113823470697461e-12
4.291982074298523416e-12
2.949277767351904675e-12
7.369026764921683833e-12
3.604769758948928233e-12
2.470855284377682318e-12
5.383800439923652514e-12
1.615036988440721078e-12
5.101957075788675648e-12
6.518028680560006657e-12
3.896746509410890304e-12
2.352938936221600301e-13
7.652410341202497477e-12
6.186605712246785776e-12
7.373495904544331256e-12
1.686125197497252230e-12
7.093709072766279074e-12
5.037967105648282988e-12
1.715159160583690764e-12
2.624880330641610284e-12
2.923018692936671484e-12
6.713741660780863199e-12
9.487262549256582016e-15
6.495062861520054749e-12
4.352811272533054020e-12
2.723076136824461967e-12
3.241611332522636274e-14
nan
4.077719423755073577e-12
1.680804460980043930e-12
5.026823598145676181e-12
1.255383237131485967e-11
3.088849109323484279e-12
3.698762550881029486e-12
8.421852282119901189e-12
6.479832253437941908e-12
7.419057312309456197e-12
2.341998703701104110e-12
3.915011678251134497e-12
1.537662646905995086e-13
nan
4.110414346011580189e-13
5.987661195117752874e-12
1.876648803311385947e-12
1.304516427263933050e-11
2.394550049621753650e-12
2.285958844131639268e-12
7.302476778035359409e-12
1.119954000244549178e-12
5.374953379212285359e-12
8.591610189421608911e-12
2.784242092865535167e-12
3.091881840313845694e-12
2.199437661248235849e-12
4.084436875732362738e-12
5.258305244924970396e-12
7.570315333163724684e-12
3.540330191196014460e-12
1.237873043832052031e-12
1.499696287126388850e-12
9.022628749424421619e-13
2.056005293222076763e-12
2.839933443649902427e-12
5.859749839551736948e-12
3.402992250565480850e-12
2.953336705571383461e-12
3.472807759683603033e-12
4.510042330309173302e-12
1.784502883909459347e-12
4.680339078153175840e-12
3.565936763491073647e-12
5.156086023337033171e-12
6.022232320401526479e-13
3.385589719498330626e-12
4.973861390335157476e-12
3.754765007478771862e-12
nan
3.780478096905419764e-13
4.447458956032503720e-12
5.247293356196014405e-15
4.647479898597381831e-12
2.796629047113616893e-12
8.504578783478329655e-13
5.966019878312410418e-12
4.511665066534637533e-12
3.287181150262488068e-12
5.177578873830661452e-12
6.106574848168176901e-12
3.241759573334073866e-12
9.799340868171226029e-13
4.087031761445138895e-14
1.431798767594762418e-12
1.542402954478402747e-12
2.504529140912497609e-12
4.231689248427723210e-12
1.612663974598085329e-12
4.624079170943235818e-12
6.065478059109323472e-12
7.432616346115980100e-12
2.844624348548078847e-12
4.319990398726391749e-12
1.860270052671675983e-12
3.121245077393150479e-12
2.574447361356040205e-12
2.466295073784539765e-12
2.033033869173565228e-12
3.532617803372133325e-12
3.736376263953440894e-12
1.242388429127768157e-11
3.579445181326026607e-12
8.185282733067940630e-13
4.789293897883504026e-12
4.968602803510105845e-12
7.092606877796094048e-12
1.134557055547805531e-12
6.183021757468979118e-12
1.441888291037671392e-12
2.084541804145197687e-12
2.712733816834533516e-12
4.819080054226151909e-12
2.464138746407645199e-12
3.068967089303481466e-12
4.695467538442061153e-12
3.631858828080746914e-12
4.753185355255811107e-12
2.060209650937549814e-12
6.145094831087366702e-12
4.074225177789446633e-12
1.975011953801749962e-12
4.244524546309862443e-12
1.986950268962230881e-12
3.336821402004518646e-12
2.822575481664010249e-12
1.530781495944852589e-12
3.274472391158880409e-12
3.620572426314816485e-12
4.231398180815172280e-12
2.091275990485684649e-12
4.806828352539207275e-12
4.433738517681938780e-12
1.570728095223556197e-13
1.990883623860408221e-12
3.106900004112373267e-12
1.914040351974791114e-12
2.189178382808390343e-12
6.200890731625259354e-12
2.559188116288355883e-13
4.496275188148901734e-12
2.264258233417220754e-12
2.256125217007232501e-12
9.653323930798714366e-12
2.845888145193712132e-12
3.441609467071693158e-12
2.465326269152168319e-14
5.177789176766922636e-12
1.172487441125366664e-11
2.440225044935556371e-12
7.320042926142192689e-12
nan
1.771124844339317516e-12
4.627651620936848548e-12
5.727830906464539630e-13
5.702657017238880318e-12
4.187105497897835326e-12
nan
nan
2.787321209521762231e-12
3.027427997943167961e-12
2.665811797620658747e-12
4.394050083923821434e-12
4.591314613403418947e-12
2.718664190670461759e-12
4.317931773348142303e-12
7.171274774248901754e-12
5.844409317589306813e-12
4.063766450491778797e-12
2.898190035161193886e-12
3.871502001395191722e-12
2.116955775842665089e-12
4.871596472143304236e-12
1.090683012906752410e-11
5.116565042271103295e-12
4.792706373716604652e-12
1.983173641742674389e-12
3.078468577878341643e-12
9.463080882735139788e-13
1.567640111399444916e-12
4.178905667289695565e-12
1.222172192690748218e-11
2.107029145767940093e-12
9.404474376064098301e-12
3.744336285534267530e-12
2.265283480946972810e-12
9.662262300060165457e-12
5.250283683904256205e-12
5.394208825623048777e-12
3.930722920758304363e-12
nan
5.667991088521708397e-12
3.019961328730702042e-12
6.592668450737821612e-12
1.194074272905530246e-12
2.683187504681239826e-12
1.917887264753202885e-12
4.676597971447828084e-12
4.155855587603114750e-12
6.220907848615518936e-12
5.266247942779216235e-12
1.781663890310677050e-12
8.634188961136080340e-12
2.869122547342547133e-13
4.886443472371304745e-12
3.538126680351002392e-12
3.107964741772393443e-12
nan
6.286803871958322032e-12
4.724038481037012165e-12
nan
3.393195568041459006e-12
4.012937032903918318e-12
5.244616163331312202e-13
nan
4.590166093114940552e-12
2.147460914372512685e-12
4.834197984191206251e-12
2.244684499932297060e-12
1.990793460893355768e-12
4.876248480007057004e-12
3.085415045645302378e-12
2.331950269183423181e-12
1.686972164564647723e-12
6.403675774500374042e-12
1.809230844370102569e-12
3.915168166876620615e-12
5.133402112873019985e-14
7.722270170500274461e-12
4.441383170289686260e-12
2.591509620448184140e-12
7.493921690581482653e-12
5.450539700596179264e-12
2.935687912969906838e-12
4.556394703525810128e-12
2.500535589631798771e-12
5.015250222669833618e-12
5.406863564181862438e-12
2.331842893491161678e-12
1.264671464695319159e-13
6.538858165047900886e-12
2.014410734111911850e-13
3.456364744140152720e-12
2.682465096738333118e-12
3.175042569591187590e-12
1.774640975913178676e-12
2.239945352733117132e-12
nan
2.756261394365972895e-12
7.583297657555463086e-14
1.335201130906907709e-12
1.433549770609295983e-12
2.715613319472018486e-12
4.160263905798596391e-12
1.545503652560498928e-12
2.911216549996109481e-12
6.658608009715410470e-12
9.391520453306180132e-13
7.061201361472642710e-12
4.035233724953566907e-12
1.758495786962781554e-12
1.359786388109600345e-12
3.699188037287191824e-12
4.877376709136332324e-12
3.102679415358655748e-12
6.450847716003770281e-12
3.583184374455390612e-12
nan
7.717054603585068982e-13
8.073233902417958944e-12
2.036573927413671344e-12
2.859818655401450075e-12
2.762607702856977594e-12
9.085402459263316023e-13
3.494703554257384383e-12
6.414623627379316831e-12
4.563824618277739117e-12
2.015681063504661298e-12
5.385262126742917646e-12
3.874135301387029621e-12
4.956025265723101915e-12
2.679362761904362089e-12
5.164922045140034546e-12
1.355947484980449513e-12
5.077006015273043954e-12
4.152618012576614569e-12
7.315589035793552833e-12
1.953852403197827713e-12
1.845063676731048216e-12
4.146978205942688812e-12
1.856177319413572668e-12
1.966913626583892767e-12
7.771985111096091426e-12
2.393679592863495354e-12
8.637506305748698767e-12
7.286347471847708898e-12
4.607841580761878002e-12
5.416414158539539926e-12
7.206557648267407802e-13
4.548607061582440074e-12
3.250762481320866712e-12
1.769219636389680473e-12
2.110346651560483773e-12
5.769838738094875397e-12
4.991517723842284012e-12
2.689504167215226942e-12
7.825733739925027947e-13
6.443039785199285032e-12
2.511742258091544613e-12
9.927953818519045259e-12
6.924211548308227556e-12
4.917758268464693219e-12
5.740188443044342347e-12
4.313588105849784248e-12
nan
4.966452106069447951e-12
2.171251276578396309e-12
6.161754903807565345e-12
1.119848756701957884e-12
6.308876864466323305e-12
2.005908202676619999e-12
8.312900621621214188e-12
2.047645720413967321e-12
5.015809549277847448e-12
1.591656311889894519e-12
9.496845521027329511e-12
5.444480916236470916e-12
4.625733436516719628e-12
nan
4.261145065989512962e-12
4.260110681369196301e-12
2.911343885776176015e-12
7.104357075124836983e-12
5.663450003629894776e-12
2.492839221560137985e-12
4.641204402500238391e-12
2.920917223828738558e-12
2.630117629398162077e-12
1.035827323279064984e-12
1.329641972505110692e-12
3.592086173571834815e-12
3.578011187463290121e-12
2.287059667101598031e-12
3.750963312112738005e-12
2.471732014291457487e-12
5.215527165237767565e-12
2.180853943865414310e-12
3.306697592455616287e-12
6.357242444136477602e-12
3.153010770730949691e-12
3.250765698430482376e-12
3.737938228161941017e-12
