2.289184824058263956e+00
2.671432734554224364e+00
1.242302902830397215e+01
3.080323339506505498e+00
1.449516427313343847e+00
4.640862458700368620e+00
3.727634802744610898e+00
4.549508306442787919e+00
1.534625421762669140e+00
1.019452126497604283e+01
1.386903496392875468e+00
5.660707989153522135e+00
1.100688098409268534e+01
9.054112585446020489e+00
9.038950912072031940e+00
8.698741166950721748e+00
3.268088882195756550e+00
2.732415511758906068e-01
4.373652083765806609e+00
3.309467964929041273e+00
3.218230846613883145e+00
1.342467781638071234e+00
4.166610999640599999e+00
5.975868396683773121e+00
3.726730457588078860e+00
2.864131088237925837e+00
2.180606425884357602e+00
3.534854907766012744e+00
3.861413064889811508e+00
4.901371693901035442e+00
6.417713996664521581e+00
1.801825497511344576e+00
5.813954637823682825e-01
1.057802120805762414e+00
4.097142180298208203e+00
5.737757111469590221e+00
5.651211165478923215e-01
6.469515946879971467e-03
6.928457220807764827e+00
1.371684331081055808e+00
6.423189436528919494e+00
9.818931684468828330e-03
2.738234793222972030e+00
8.271190006224681257e-01
5.193255414456969810e+00
4.700038146427806753e-04
4.811747072014965210e-01
1.767745219384818878e+00
6.124221736899881918e+00
3.689253221597566662e-02
2.483774716268785099e+00
5.157094682161845078e+00
2.029336492473274647e-02
4.629506546597846217e+00
1.872984767130770223e+00
3.130647814926747152e+00
2.865298396524750046e+00
2.979657067768149314e+00
1.070091538348011539e+01
2.506645456723663123e+00
1.074564260032699536e+01
3.391398648061379362e+00
5.464070741871716486e+00
4.363165992696272255e+00
4.734390108819328979e+00
3.624613057223632362e-01
4.743619351841616982e+00
3.520851117790025242e+00
2.948438370891270033e+00
4.159547590472890910e+00
1.310951542825312677e+00
3.426357331291588260e+00
2.525490075097748921e+00
2.491370081672700021e+00
7.684086047063299896e-01
4.367391354818982663e+00
1.010594655277436082e+00
1.982864947456138616e+00
8.724357224789054399e-01
6.689477717397044998e+00
6.275285826617085227e-01
2.350947401111455726e+00
4.958099473163763912e-03
2.314557627526865780e+00
4.952694201722587231e+00
3.094896943189181293e+00
2.886615954365617132e+00
4.952272207337672735e-06
5.158143621189321237e+00
3.510028431612631117e+00
9.695113891131446060e-01
9.481187571455527152e-01
1.390670043385575427e+00
5.160693144838891300e+00
2.476931681390091844e-02
3.100183254199063931e+00
2.858087739963447227e+00
5.818804118318601226e+00
2.270682084557842373e+00
1.049874299772856734e+00
2.694931797071705493e+00
2.613661836531337546e+00
2.816850279489026970e-02
1.299488882484103769e+01
4.952272207337672735e-06
2.975777847765143314e+00
1.508257130495078036e+00
1.262982303569094888e+01
2.930845590579167492e+00
5.588529187424361444e-01
1.806141871330191773e+00
3.637799180467391924e+00
8.241728569259068049e-01
9.707815914651087841e-01
7.392586472285820332e-01
3.080825484650701274e+00
3.528523618698677478e+00
1.943469765390686499e+00
1.871146825806848435e+00
3.171874520108464601e+00
2.455406524111902744e+00
3.544401642511050415e-04
8.568903792859430268e-01
2.898246840008243286e+00
3.345096462989244568e+00
5.993935541222265018e-01
2.723337534888299771e+00
9.685895287840715628e-01
3.237761530531496845e+00
7.742010823955368437e+00
2.411955417139057367e+00
1.987320980768122247e+00
2.387169574118454207e+00
2.746773507489095323e+00
6.020460872853027751e-02
6.138993274102375608e-01
3.232202896193016706e+00
4.091632173481577405e-04
1.339453277811080589e+00
1.049975143178005776e+00
1.212041655425828424e+00
2.741519932564045803e+00
3.286692683100737700e+00
1.976990593501324778e+00
7.440797709247764402e+00
2.573709873222950861e+00
1.505624025328954119e+00
5.014121337327997807e+00
1.063862482431949807e+00
4.009162488909658428e+00
6.003649908112167921e+00
2.816882944968894353e+00
1.413060956113888419e-02
7.797682920672333928e+00
5.769340629543764365e+00
7.667540479557645838e+00
1.117581355002022381e+00
7.114281725886185015e+00
4.259096839964183090e+00
1.006223723339080944e+00
1.700013742409481443e+00
2.032945243280327663e+00
6.223884190597313903e+00
4.072919721174905641e-04
6.013264033791816843e+00
3.398749982189054553e+00
1.718043642829289119e+00
8.887291711917154205e-04
4.952272207337672735e-06
3.080704161915763795e+00
1.072995805439017403e+00
4.212603660743218015e+00
1.662873545616319149e+01
2.152546375486960706e+00
2.690196314689601742e+00
9.186535022693011143e+00
6.205826946184148873e+00
7.521416901733876337e+00
1.712874306999113916e+00
3.407026355593172795e+00
1.643344634184321085e-02
8.237586324301912340e-05
1.690858938833320058e-02
5.525642408601397548e+00
1.295564958422858126e+00
1.715535964732279695e+01
1.463137577115330545e+00
1.399256854718901044e+00
7.016529645564510531e+00
5.798809906282453852e-01
4.702233943668291616e+00
9.239598978628560388e+00
1.845458335980692643e+00
2.179390825277131682e+00
1.641293325918105506e+00
3.201475163792999457e+00
4.450748761470117998e+00
7.463388559453716375e+00
2.558215216649083246e+00
5.865830201134748512e-01
8.134349140484392615e-01
4.989026716851266419e-01
1.171632928495926818e+00
2.215150277060243145e+00
5.535532000862547264e+00
2.319358445481708664e+00
2.356238853130699695e+00
2.482683304999704799e+00
3.415685203366618516e+00
1.072653368050777489e+00
3.758222147158654991e+00
2.599634713730520907e+00
4.557804425982111773e+00
2.932893621928478467e-02
2.421813342979297179e+00
3.956703183537269908e+00
2.870373057803131900e+00
4.952272207337672735e-06
1.670671123360294164e-02
3.549923157965740650e+00
3.520008363788852484e-04
3.750658259326959509e+00
1.844060909995628661e+00
3.802660212364349923e-01
5.461242135476016557e+00
3.830110238544617296e+00
2.312155055789256508e+00
4.408181385912135042e+00
5.385307990457061322e+00
2.014594411332771617e+00
5.474595054071251798e-01
2.336283242178628910e-03
8.036279526140449603e-01
9.746844608618261407e-01
1.528076146620403808e+00
3.280586919602439089e+00
9.251888701810997429e-01
4.189035856442865580e+00
5.892161128758253597e+00
7.625537776488807040e+00
1.857155288708630003e+00
3.376303485362939227e+00
1.167474249490775495e+00
1.820310765593438962e+00
1.550494417623232035e+00
1.695701173249585247e+00
1.417274856231580671e+00
2.894121724638954340e+00
2.784274295053227988e+00
1.637625778367363694e+01
2.567504121143127094e+00
3.658237714415989994e-01
4.189808307950003474e+00
4.408500784202820988e+00
7.114909321641409434e+00
5.590411008115724334e-01
5.767240583524813502e+00
7.365181474849953336e-01
1.186745458106689188e+00
1.999454901310031341e+00
4.051712991819493404e+00
1.947012279935029788e+00
2.276911304855000928e+00
3.875917368219603087e+00
2.622756224794735580e+00
3.840339124676059424e+00
1.473038859628233332e+00
5.722452629725367501e+00
2.939869972349742788e+00
1.323984178351063523e+00
3.152908579757693008e+00
1.210890751431315415e+00
2.251857295817328630e+00
1.860255752093637582e+00
9.016371489461985078e-01
2.224181892261237081e+00
2.613606288310585057e+00
3.709028398230351797e+00
1.414802374006483010e+00
4.002232650332754993e+00
3.330929988090229443e+00
5.566802127178720715e-03
1.220014897023202760e+00
2.508842698963722917e+00
1.173749967664491134e+00
1.566183942608723179e+00
5.416154350811448026e+00
1.661298965473445924e-02
3.480002070446378770e+00
1.369844434602948358e+00
1.643052841043131762e+00
1.097699180188904222e+01
1.877374932704102717e+00
2.432678078211172767e+00
5.163839819122401347e-04
4.406305710332462766e+00
1.488244682997016177e+01
1.665556300402859513e+00
7.435248626028062802e+00
1.345217315680760509e-04
1.179297321515239805e+00
3.878937943219948448e+00
1.473746922389000125e-01
5.408574985132466040e+00
3.397586773000100813e+00
2.334360113736825464e-04
3.146622691209368023e-04
1.744079375014539357e+00
2.378311829665470611e+00
1.744716781650374582e+00
3.445694139356452634e+00
3.681307242448422556e+00
1.753996832362309632e+00
3.298602668128746362e+00
6.791901804971489653e+00
4.931164913638903968e+00
2.944522281628910498e+00
1.942874007113843726e+00
2.863872104326510293e+00
1.496011110823194379e+00
3.974949768866249844e+00
1.348257419893191766e+01
4.047782077268333722e+00
3.923895935061248785e+00
1.362546381276184437e+00
2.191885433403952366e+00
5.261933874883711892e-01
1.003869456318153386e+00
3.071093656510538672e+00
1.585798834865609841e+01
1.411353372722032429e+00
1.081809064819183952e+01
2.737346563051150650e+00
1.378341109095654105e+00
1.103164952978192304e+01
4.505056130519294655e+00
4.995065257412164783e+00
2.769493666278719513e+00
8.155253316313645093e-05
5.057769647689560166e+00
1.960101456292836053e+00
6.413569456816897940e+00
5.880598954135581868e-01
1.988215649915532346e+00
1.099582637093865056e+00
4.027617495959967542e+00
3.172736854894859349e+00
5.815503806990417246e+00
4.829524449581585444e+00
1.113594132482061294e+00
9.262389894815976632e+00
2.703918268804983080e-02
3.797286729332943978e+00
2.450409018269008588e+00
2.255437241169762075e+00
3.701472815525150045e-04
5.891184748621858702e+00
3.875645521004694061e+00
1.923920923482529024e-04
2.456625805248707550e+00
3.037860263125079729e+00
1.330241646587924931e-01
4.093895617182916925e-04
3.597894164161135500e+00
1.422642934721395136e+00
3.969900731140530326e+00
1.567839322663110435e+00
1.412180243526530043e+00
4.028413513874991025e+00
2.099217368330081435e+00
1.337607967604336423e+00
1.012459873431242441e+00
6.088626881893724807e+00
1.210263374289017424e+00
2.904363977994794954e+00
1.287431324691420140e-03
8.073632135579495994e+00
3.511838725967487029e+00
1.651524057389933908e+00
7.709193951075460127e+00
4.993292613016716786e+00
2.003431075369119796e+00
3.616525361944984862e+00
1.722930331967561290e+00
4.265076504188463957e+00
4.712398086281702980e+00
1.429364474063194779e+00
5.016983432754889248e-03
5.923597121110184993e+00
1.118831570047627323e-02
2.428558785545369414e+00
1.675157604855578075e+00
1.984827001026275184e+00
1.132518518270517749e+00
1.400498536244495273e+00
1.400864289156890851e-04
1.788911559085597291e+00
3.492505589028284830e-03
6.303100515366205636e-01
8.657540360659841117e-01
1.931246417311679231e+00
3.343045617829813132e+00
8.923334906680100431e-01
2.074303502693334078e+00
6.493662510197133031e+00
5.449406132777560030e-01
7.051553662505652298e+00
3.032125728296464651e+00
1.052083980653574891e+00
7.358379618372696829e-01
2.558471904185687595e+00
4.024467715812578561e+00
2.112129508856055882e+00
6.150597677673907526e+00
2.448233765361924164e+00
3.169931202884723851e-04
3.070108220050433157e-01
8.389342651410034435e+00
1.237883175850717166e+00
1.913395092058770119e+00
1.991877822863966419e+00
5.072475468485557748e-01
2.539704204582694302e+00
6.413337210872255056e+00
3.854990876496422025e+00
1.359322567270413673e+00
5.040364633124204907e+00
2.865084674683636035e+00
4.115091172452540746e+00
1.753808200420609698e+00
4.585476563500382241e+00
7.330538454759907285e-01
4.880624562846717751e+00
3.171765644720822674e+00
7.378930952148778033e+00
1.175388617331149188e+00
1.048834259592612561e+00
3.263648207953495195e+00
1.265293445400531791e+00
1.186727855095076611e+00
8.153260397620579525e+00
1.489628340269426587e+00
9.247269519046261266e+00
6.982639817177767938e+00
3.765764950484787654e+00
5.053523894546041006e+00
1.964698583786225750e-01
3.587564183232827997e+00
2.307751328719913175e+00
1.190234361221780279e+00
1.467119903655439650e+00
5.113928827139988087e+00
4.163245879722156317e+00
1.688997312892011049e+00
3.200337900188648388e-01
6.144749776559155663e+00
1.706948207590987643e+00
1.171368162650168543e+01
6.465833686347692399e+00
4.068688906394028137e+00
5.162150388702632320e+00
3.305261197653211358e+00
4.952272207337672735e-06
4.165553376609117286e+00
1.318952260372022955e+00
5.978999318779609773e+00
6.388767662401141356e-01
6.137190379280387020e+00
1.205701086531467014e+00
8.898940994319087139e+00
1.369428265171329873e+00
3.922623713160881209e+00
1.031757988305328499e+00
1.096015730153138890e+01
4.762602516150793441e+00
3.749070402060325602e+00
2.835368266484504605e-04
3.592213535460484941e+00
3.336298445586435513e+00
1.961972096527008214e+00
7.047852972305765462e+00
4.971969977912339189e+00
1.831791873711531515e+00
3.684202682444490673e+00
2.053357282611774082e+00
1.679108022607967099e+00
5.557888790786471578e-01
7.844746637639323783e-01
2.568150347705771885e+00
2.458108521090243137e+00
1.390951433609644017e+00
2.625666129716668795e+00
1.869838201318949622e+00
4.453013890423592969e+00
1.373686792658774358e+00
2.294585711495972014e+00
5.920654111356998150e+00
2.394179906419523718e+00
2.393061358501245905e+00
3.015779228540490742e+00
2.512726078372377714e+00
2.508760778540860770e+00
1.567064887664895956e+01
1.059104622454972278e+00
1.026133828629107070e+00
1.081085223882177981e+00
1.041104488905592618e+01
3.308455787118953495e+00
2.926368658177318949e+00
4.914678604843571108e+00
2.195013559050627450e+00
2.227153630207426183e+00
3.400753830302136294e+00
1.247044500969731254e-02
1.904697086408862816e+00
5.614595867880244340e-01
3.775492077390014245e+00
4.952272207337672735e-06
2.517294358674076804e+00
1.521565308230329983e+00
7.557664061162501223e-01
1.066453802105463006e-01
1.141917809539294559e+01
2.347014850918776929e+00
6.527015796632582578e-01
9.658061500401968758e+00
6.013675322114284683e+00
1.285925299368690933e+00
3.129521554493970736e+00
4.708578094228268007e+00
6.328282507419107361e-01
1.978398074934169859e+00
2.996339734720791181e+00
9.286018432757204843e-01
2.834899135705351353e-04
4.952272207337672735e-06
1.188531704337625250e+01
2.414036038833312858e+00
2.346579164397406103e+00
1.762356172104500684e+00
1.082512596098852420e+00
3.879535300029153255e+00
3.682990296652201234e+00
3.235180376054209272e+00
3.403559521362828022e+00
1.451860980641856314e+00
2.073708290730525761e+00
6.623966876556605321e+00
2.644676621016280205e+00
1.775408486809974207e+00
4.895066217018468890e-01
4.207573133617929173e+00
1.814904161077856681e+00
3.071357117672483650e+00
2.952074681623181540e+00
3.489413791655778585e+00
1.516360834564460447e+01
3.877940398606485894e-04
2.490357209702288355e+00
2.783594698581591143e+00
1.033924416298555471e+00
1.207074044881550456e+00
2.234640606332365387e+00
5.478786335153816855e-01
3.244079361482751445e+00
6.152456254557635340e+00
6.415547155387704592e+00
8.952599217363785833e-01
2.078741747785925131e+00
1.377324776141306328e+00
4.952272207337672735e-06
1.615891357723633792e+00
1.508989507874430425e+00
6.608134991050073737e+00
2.868914969170039114e-04
2.056891340896591647e+00
2.938012009117647594e+00
2.267708143868195630e-04
4.280529762155603990e+00
8.538403028776120340e-01
6.386888633747880295e-01
2.417736800369908678e+00
3.276548687808364946e+00
5.381275227571937769e-01
4.010610156705551432e+00
6.882374905599876469e-03
2.242986529510936577e+00
1.001339367917028156e+01
7.451278729122750910e+00
1.485135638946689429e+00
1.035311750592217805e+00
2.673163577439408467e+00
5.828676795125539156e-01
7.806584602887120311e-04
2.128042128327971128e+00
6.832663645796130503e+00
2.383398312118344825e-02
1.195599121548674093e+00
1.436657010159305337e+01
1.236507005029986228e+00
5.540346103169458303e+00
6.077327228503462742e+00
9.062190734489018240e+00
1.383867899245704081e+00
1.163577809860349532e+00
5.061261207575765475e+00
6.205793886596020492e-01
6.071666153754871509e+00
3.011503348659341661e+00
7.298444876456112951e+00
3.131264624686705411e-02
6.464216320293490803e+00
9.418640835973583592e+00
4.716510358301454708e+00
1.141985620252789824e+00
3.749471642359940127e+00
4.098869548047043287e-03
9.212562830296594285e+00
7.009125872546875247e-01
1.297355199372878332e+01
2.500586628079596530e+00
2.949963609374202100e+00
4.617364456983140464e+00
3.238119399390341768e-01
6.234892363185107200e+00
2.012073737746751689e+00
4.361091727481046121e+00
3.532781633084400852e+00
5.193036603516284488e-01
1.638474276577222666e+00
1.704047791756143848e+00
5.227518863075903723e-03
1.421118979211359878e+00
2.126998211957237039e+00
2.624550297275072739e-04
5.014719846970979944e+00
3.623030317139130041e+00
3.872466953276816781e+00
4.113946033030994265e+00
3.780840484894305575e-01
9.973450964054455525e+00
2.934321048994398051e+00
5.315171782626118890e+00
7.361934948583212512e-03
3.326927353635196205e+00
7.022776567635125033e-02
3.035412249728876688e+00
3.300886183224802206e+00
7.575158483633323003e-01
3.215402436142898779e+00
7.553719549707148539e-01
9.082270989145380113e-01
1.265479971074185350e+01
1.516153242804291423e+00
3.617315550149630354e+00
5.254069235050675246e+00
7.184575379804186923e+00
1.993565913038182202e+00
5.668735169609615099e+00
5.670508476160354139e-01
1.808674139168183537e+00
2.703510083921258911e+00
2.857987070784755890e+00
3.799974979570920119e+00
3.775988954159208433e+00
6.282613462610808774e-01
2.903080289622088639e+00
4.785401810870343886e-01
8.364920018597499229e-01
4.652009327788695359e+00
3.462976701966376858e+00
2.201669801300773166e+00
4.141243697353164777e+00
6.089090136303940248e+00
2.214419173139833497e+00
5.357497730230997846e+00
3.694326870096245496e+00
9.835234451918880794e+00
7.119580583023910947e+00
5.160395579448359138e-01
1.868723971491164537e+00
2.588477810487848529e+00
6.458555162849115128e+00
1.560497362165433444e+00
1.272857879940170855e+00
3.492360284641373713e+00
8.822086711627716848e-01
2.500188078013234172e+00
2.635749485898610245e-01
7.403293336342416708e+00
1.777850906129941899e+00
2.969460560158495799e+00
2.514680371718493568e+00
1.835909639391931414e+00
9.495761261446194368e+00
2.847434948788257536e+00
2.787677873215284031e-05
6.207136138551712534e+00
2.289577619363406313e+00
1.398774073143965069e+00
3.002896247882390846e+00
2.434753289739613762e-04
1.989226503270011825e+00
7.234515319187867277e+00
5.215665466761469915e+00
4.825193663734979488e+00
1.652382074027050729e+00
9.640391410102843395e+00
3.249791890642428793e+00
4.952272207337672735e-06
1.285476935727528471e-03
1.772146303930168323e-02
2.140803897610776829e+00
2.766517837603581054e+00
1.293059583837347759e+00
9.047038763977557352e-01
6.543385945975026097e+00
4.041477715108108271e+00
1.965388941775917830e+00
1.728521477341500301e+00
1.998176332108774211e+00
1.372911038237321524e+00
7.895733842326384533e-01
2.242221809391145904e+00
1.956814377792378545e+00
8.690913688608533638e-01
3.610837344500476664e+00
3.996198841485803399e+00
6.769060836185701646e+00
3.547421614412814339e+00
3.290210759641059701e-04
5.412415899809070119e+00
3.596505967436422480e-01
2.972678105656018754e+00
5.410684497479780752e-01
6.873678151171926487e+00
3.971908565582233930e+00
6.278719139972771757e+00
3.448870948204391773e+00
3.127584049091840068e+00
1.405931689903040738e+00
2.566783796994431821e+00
1.481850155571319272e+00
2.941852483842982924e+00
2.388324810593868364e+00
3.260753068614023586e+00
1.822453934181784252e+00
4.378329064730832165e+00
5.649646760198088202e-01
6.782111087266002869e+00
3.825191452782798596e+00
4.623345827432856492e-01
4.812753308105710559e+00
7.110528409124738047e+00
4.451688389118506173e+00
4.339511378213683379e+00
5.497066453309351619e-01
1.074236601389966239e+00
2.853367837810174557e+00
7.312459719628201750e-04
1.959497640629997317e+00
1.536308094149963832e+00
3.115296740134701814e+00
2.951630093039518510e+00
1.055033855335160986e+01
5.460952794162441393e+00
2.564694875470876091e-03
9.843013418747453613e+00
3.777896298134156616e+00
2.176638753572195384e+00
2.660327311975622333e+00
5.760354364398080351e-01
2.579253474361410170e+00
2.114291136311193142e+01
3.238652819609982636e+00
2.893398125733945281e-01
2.448818387506821015e+00
6.677135548160588741e+00
1.065913219613591423e+00
3.213315401955384232e+00
6.998381240008173521e-01
1.220001418267911752e+00
1.485339263325434978e+00
1.079850648677635139e+00
4.362022593916779378e+00
1.286591598975397233e+01
4.175923246459417593e-01
8.633068998297329655e-01
3.900107710597862543e+00
3.354666592088789034e+00
6.979038330099743836e-01
1.012499774963780297e+01
1.463045472915000644e+00
1.106000284983271964e+00
2.355075929425691328e+00
1.713194477085497436e+00
2.638605882444458040e+00
3.730685718527933847e+00
2.136639896348247802e+00
3.259954511881778760e+00
5.658374774840788213e+00
1.277876229758870608e+01
2.935811797155495118e+00
1.343394484003011424e+00
1.218675502140984745e+00
2.346889624692479082e+00
1.320968463025981920e+00
5.654263149131061539e+00
2.605175988359390793e+00
2.120759967964209736e+00
1.635551871665828827e+00
1.439549083035351451e+00
2.355565385062312611e+00
1.405730716624963961e+00
6.675742515356863915e-01
1.529056521367604393e+00
6.194064043781710716e+00
8.026601494059827369e-01
6.352739308573299937e+00
5.136852661003858955e+00
9.288758670546212182e-01
3.585099710290620578e+00
1.084963337623888258e+01
3.089454419493510517e+00
2.131566822431276709e+00
1.514008129557550042e+00
1.763655671337033937e+00
7.298170586201399024e-01
1.050519007315522835e+00
2.294193839217950615e+00
1.474051038754742748e+00
8.814894332876598071e+00
3.298013497411384165e+00
9.692886272396590286e+00
3.924993051065538197e+00
4.262611950110598791e+00
3.454767153127258905e-01
1.055991692730034615e+01
1.754602337949164204e+00
2.777116678915700021e+00
3.412661434106834868e+00
1.501190340102424470e+00
6.979946578806766055e+00
4.307015488883380594e-01
4.791413053307659098e+00
1.865671752508441417e+00
4.185679991841448455e+00
1.116846443265205213e+00
3.945141069074240114e+00
2.390003119970848022e+00
2.094875016356545938e+00
9.223906730493783845e-01
2.720160608425187476e+00
5.553585713187317197e+00
4.182451161924129579e+00
2.774321684124012588e+00
3.192724375404378812e-01
1.447488422061986135e+00
4.453944023708188205e+00
1.265829722679275848e+00
8.154688970397288017e+00
2.736450746575890047e+00
3.536733923249629541e+00
2.209589519560156035e+00
4.226697430379183551e+00
2.799984153934145681e+00
2.083711525693221045e+00
2.333317730337031382e+00
4.952272207337672735e-06
2.568648026780551152e+00
4.239387407303272681e+00
3.055512382670952043e+00
2.667910219384220127e+00
9.087937226291344928e-01
3.801416721177503177e+00
1.218357706410534425e+00
3.634842421261949008e-01
1.315414545725481110e+00
1.323232671803368454e+01
2.286388637702968296e+00
4.334487592383440280e+00
5.418133325726268268e+00
4.865098530788211306e+00
1.366868130465106690e+00
4.640952563453216051e+00
9.744740670401812466e-01
9.751022249378700213e-01
1.236526253772820105e+00
1.134830537936801081e-01
5.718980155053914771e+00
7.870669751259476321e+00
1.302155727832877918e+00
9.989551124244444580e-01
2.322482508673027635e+00
3.685557419467296785e-05
1.638104953398660468e+00
2.301260132644826761e+00
4.927091870721906020e+00
2.522782522043974573e+00
2.822334112856536681e+00
4.210819974433254842e+00
4.203113321782307565e+00
2.360205707724353896e+00
1.851175584011676145e+00
4.229390231691551039e-01
3.222920538685758451e+00
2.448439682229501368e+00
2.046511763780967108e-01
1.175261152683295762e+01
6.395135329686583603e+00
4.603329768873630101e+00
2.435033419791207354e+00
4.655185182564407498e+00
7.417895021804791433e+00
3.239524154085753338e+00
1.307805860228599792e+00
4.309543199145724479e+00
1.101961776584648867e+01
5.246594815378918142e+00
2.783297126098718266e+00
1.247501556786435728e+01
1.552157360662909102e+00
2.824464718020624154e+00
5.383472930513570898e-01
2.171320001029586333e+00
1.278572150391243056e+01
8.400843834825259648e+00
2.147545318180128948e+00
1.012894607112797329e+00
4.043667965126579444e-01
1.560898111049716874e+00
4.736899417263233936e+00
1.558266979509338901e+00
2.999943823481795668e+00
9.021915220546502523e-01
4.128097538003488332e+00
2.888716576997026664e+00
1.254523585958446791e-02
5.408729803993077567e+00
4.036686450648842239e+00
9.923066476106006117e-01
2.897798318138569695e-02
3.150477175084485104e+00
6.208186803496411166e+00
3.613810111703689820e+00
2.720164060676911966e+00
1.515145185901906499e+00
1.342816858997634810e+00
5.056083010295177260e+00
4.492385984157480472e+00
1.135229620433490627e+00
3.225844341276193905e+00
5.214883199252052792e-01
3.028520276221301266e+00
5.260985249621067394e-01
2.425336939377622514e+00
1.737797072044689806e+00
4.335587840304359730e+00
4.896172045298670117e-01
3.467873515365683890e+00
2.940502538788741793e-01
3.425800555600456043e+00
9.950168755419637634e+00
2.740699165339860688e+00
5.981612577024760569e+00
4.952272207337672735e-06
2.068508372786914684e+00
3.969415299279199782e+00
1.239859745652402268e+01
4.956553484803825071e+00
3.083708008789618482e+00
1.504172322085690183e+00
2.711032149930424406e+00
1.151178794543546102e+00
4.809634907083508715e+00
1.872508112843827011e+00
7.783157680935552492e+00
2.220341865359806377e+00
2.334267092572110958e+00
2.634207356556275137e+00
1.295604630853134154e+00
3.151130981350315713e-04
1.935395478108083100e+00
2.124188986143243252e+00
1.840054067252550052e+00
2.294646737285055860e+00
4.856085266056098249e+00
1.549839164594653132e-04
2.275851297536064077e+00
1.211195268089698240e+00
6.870945878860093003e-01
8.768146151626664775e+00
1.271495679651376332e+00
2.565575007653396078e+00
5.165994800343332471e+00
3.328880372986006697e-01
1.304719345127228314e+00
1.312185053383706279e+00
2.164215763321022390e+00
1.258119497430264522e+00
6.808387425477605559e-01
