3.501711618724106536e-12
4.532021123436536304e-12
1.126159199848973443e-11
4.120169774030806525e-12
2.018667798057000666e-12
6.226744972108908264e-12
4.729212213266733284e-12
5.686982545478426325e-12
2.210049143330123817e-12
9.726319160035112463e-12
2.698594954500064627e-12
6.398899761431937357e-12
1.064310104307883437e-11
9.249292235790023138e-12
9.575150289950590231e-12
8.701731293588533436e-12
4.103494247038987390e-12
4.564770142556959814e-13
5.520849428977202241e-12
4.334166752323919544e-12
4.973665006592955116e-12
2.903863486644866198e-12
5.773578196322119821e-12
6.649675088726781132e-12
4.728527950818973708e-12
4.720190563365476314e-12
3.637359187433500109e-12
4.555160694918457992e-12
5.544267295476965727e-12
5.774156012986319420e-12
7.916212003648691455e-12
3.513095235255735933e-12
8.540073051045738375e-13
1.385633388021167771e-12
5.427032513084970159e-12
6.556384236444990099e-12
8.143130905416941251e-13
nan
7.545601560162829625e-12
3.093090325698975985e-12
7.102469176605727666e-12
nan
3.770900919135510940e-12
1.162816829319924972e-12
6.232747980547978437e-12
nan
6.325787816488484976e-13
2.582538394433532401e-12
7.469690770777581736e-12
2.330158481297794490e-13
2.976301181425074943e-12
5.980873447938013330e-12
1.651950750863887280e-13
5.560552375253208879e-12
3.227885870528296680e-12
4.907160174650644190e-12
3.627518171874445178e-12
4.203193120135582425e-12
1.019581619962767451e-11
4.151389190666618718e-12
1.128499509474630136e-11
4.643274038893151252e-12
7.019671455304261494e-12
5.305300707795076677e-12
6.467322077084321406e-12
5.655838378239343011e-13
6.272231338046976196e-12
4.554047888906811230e-12
4.752833211182661450e-12
5.931346768157707700e-12
2.166417258110824580e-12
4.218457416513555761e-12
3.546872225156512309e-12
3.813140091117098954e-12
1.086102805985067935e-12
6.072592141038664624e-12
1.526111197599452728e-12
2.976246270718003670e-12
1.428098482272603724e-12
7.386435498883566692e-12
8.699690258249137624e-13
3.457865943175854228e-12
nan
4.080404655842009645e-12
5.813392190828000627e-12
4.818815161771249734e-12
4.709207908312007471e-12
nan
6.732325241557438770e-12
5.164466919822424461e-12
1.390881309592773346e-12
1.472635262637292358e-12
2.987594034278949914e-12
6.647095954754197856e-12
1.283938643671165613e-13
4.939441025575311376e-12
4.188596951635281950e-12
6.516509982030183442e-12
3.111178704817753266e-12
1.629570545685978261e-12
4.411192468359938620e-12
3.637340729717498218e-12
4.158314008848291858e-14
1.161995168186374089e-11
nan
4.826433442181902073e-12
3.040887799095535680e-12
1.203390468836170261e-11
3.576403517447859994e-12
7.651644445894385604e-13
2.216335968597182139e-12
4.642221080266638562e-12
1.171733655196087674e-12
1.680917385777710381e-12
1.047058961764002712e-12
4.120415011104767920e-12
5.315026653579541612e-12
3.703703880025063935e-12
3.601211668214117537e-12
4.069486930092954770e-12
3.501484022088136877e-12
nan
1.352987825373875570e-12
4.120280068326886341e-12
5.096573461184997236e-12
8.827938970552885639e-13
3.587514610262634937e-12
1.338691839961884660e-12
4.981783640350665817e-12
8.053949158067504573e-12
3.728816442086205387e-12
3.546265523918793994e-12
4.177074959127925258e-12
3.878681919420770659e-12
5.101049575781465672e-13
7.995397081665558466e-13
4.375018950921826424e-12
nan
2.734772877591947944e-12
1.377507915471741126e-12
2.132882009261331474e-12
3.706082628204096015e-12
5.093126886007662322e-12
3.733546244366504044e-12
8.532922464594151673e-12
4.304282844310833845e-12
3.125066673426365050e-12
6.566625369446975006e-12
1.436076971167151545e-12
5.421336013926289719e-12
6.958017112076217581e-12
4.553498380070706624e-12
nan
8.854229946000007698e-12
6.477513838723289182e-12
8.973911745907953947e-12
1.459769857062791251e-12
7.529339487287341085e-12
6.119946928933279993e-12
1.571071621777238719e-12
2.890748947220590521e-12
3.170349195666250581e-12
7.158376751809531281e-12
nan
6.919956993317682627e-12
4.421074086605032784e-12
3.333124339389660099e-12
nan
nan
4.119364983185150447e-12
1.502459767002322371e-12
5.177688317586330920e-12
1.367448924176652832e-11
3.748937203175823825e-12
3.728811589713893020e-12
9.033243591511228647e-12
6.809693179052624445e-12
7.893299488318357899e-12
2.292883384202457571e-12
4.068629910764527164e-12
nan
nan
2.441314272690435160e-13
7.096335271860014449e-12
1.646443488585084657e-12
1.490174158469919632e-11
2.719861842211253965e-12
2.389030815061791316e-12
8.090552074351675465e-12
9.000639564196008694e-13
6.416783969749481079e-12
9.230571026964283448e-12
3.120622417289117116e-12
3.624390684509484058e-12
2.021356362459065568e-12
4.974629911492926313e-12
6.155820206490255815e-12
8.552946716456558293e-12
4.343439013294169881e-12
8.708676847237363778e-13
1.358675688921861229e-12
6.707212929680441478e-13
2.681643825049138546e-12
2.848724238498312513e-12
6.897642797914405935e-12
3.770598061645859480e-12
3.017385081306863535e-12
4.239091275338544056e-12
4.954779026789635002e-12
1.649371054688558938e-12
5.485763549524501881e-12
4.383380511427926005e-12
6.125122186351748614e-12
3.467924952595183408e-13
3.851046142776202259e-12
5.230691597787026415e-12
4.620007656357112903e-12
nan
1.878055289347924298e-13
5.335862858167546506e-12
nan
5.513981181809131657e-12
3.314566104912316932e-12
6.007122476660379660e-13
6.233371874584632141e-12
5.483192556326341587e-12
4.066578638069743110e-12
5.350864144664577667e-12
6.435049055476410624e-12
3.501285644395009862e-12
8.528296438858992603e-13
nan
1.253212967128349331e-12
1.378713484412941035e-12
3.150279369777009375e-12
5.040196630828859797e-12
1.484033863886051478e-12
5.017770345594539187e-12
7.516392356814591957e-12
7.899677903821501445e-12
3.577823035668292476e-12
5.148635363768711600e-12
1.716362129059373896e-12
3.232912952348904447e-12
3.208244256039555541e-12
2.409789945013813777e-12
1.857140114591284210e-12
3.658062822677823595e-12
4.184193026857084185e-12
1.353054963983424566e-11
3.591656487622637662e-12
5.403517184582640380e-13
5.441865797663058576e-12
5.780484960975933514e-12
7.522726328929264313e-12
9.012809744880497502e-13
6.473186597985006469e-12
1.281994283777267518e-12
2.713093484187567857e-12
2.691084006762493693e-12
5.898179955395593100e-12
2.380169630756609720e-12
3.165929341545041273e-12
5.608041382336067740e-12
4.485325669951405076e-12
5.036113969107221364e-12
1.833067926334031087e-12
6.436957431397040644e-12
4.509046680337490093e-12
1.795985285838985393e-12
4.463476836688510851e-12
1.945679570073182219e-12
4.032801689665756053e-12
3.577013751065238655e-12
1.369870757179087538e-12
3.933515243720122004e-12
3.638137008030705969e-12
4.452138867985323630e-12
1.988587960161308121e-12
5.782638496393673100e-12
4.822551706925950610e-12
nan
1.943080011674158551e-12
3.193410399100011388e-12
1.807685496312445765e-12
2.062396439128436848e-12
6.360497026104143652e-12
3.419929777661332447e-14
5.252371128373752263e-12
2.453204649203243666e-12
2.177019842987299548e-12
1.047558132307915579e-11
3.599972187616506156e-12
4.206285130842937533e-12
nan
5.352495798039869585e-12
1.278430897736625383e-11
2.410323595942400640e-12
7.780033095466324130e-12
nan
1.509450204415699439e-12
5.637290886091935651e-12
4.516463229479444304e-13
7.010539040275420352e-12
5.097705667314929100e-12
nan
nan
3.357101605167955086e-12
3.064158354274484894e-12
2.741284971693727035e-12
4.462612680920675324e-12
4.686861340474396129e-12
3.472007796233121078e-12
5.124575152443515347e-12
8.010680862478789002e-12
6.451741465637570550e-12
4.554890964556178285e-12
3.659699326014295754e-12
3.901132071573057713e-12
1.989233014057664820e-12
5.775132899439050283e-12
1.182920005278730599e-11
5.463109821953135985e-12
4.911064845289815337e-12
1.803401528606313844e-12
3.417909435347130788e-12
7.539728859048812626e-13
1.339571248446120248e-12
4.506873525556435447e-12
1.333287094928190591e-11
1.974843299510705281e-12
1.013124250111052853e-11
3.769838287060148568e-12
2.926194954817966494e-12
1.047731253418237785e-11
5.431302016862543322e-12
6.144631527417181605e-12
4.203487592814530943e-12
nan
5.891715643173423176e-12
3.709091407714279831e-12
7.683077236688541509e-12
8.609983685676290246e-13
2.661468470937521632e-12
2.175444507047707703e-12
5.673887658416740474e-12
4.203518806309323716e-12
6.514229344110205679e-12
6.467709217452929774e-12
1.622460087885168277e-12
9.294847326017618140e-12
1.332537429783561070e-13
5.399127375081297088e-12
4.033405926113433114e-12
3.230896181337462953e-12
nan
6.595429078315440637e-12
5.611358573536318868e-12
nan
4.250858760313087150e-12
4.869664653296349810e-12
5.095575788560035161e-13
nan
4.687151613323315722e-12
2.109103216406917221e-12
4.953528117886014820e-12
2.176425150705347848e-12
1.753189236028217982e-12
5.000569283707710469e-12
3.880228169163346221e-12
3.032488209291991550e-12
1.546789761096940102e-12
6.737102219940224356e-12
1.595443177868442372e-12
4.771583420351758420e-12
nan
8.246676856303815771e-12
5.336633680080191682e-12
3.345417882703357432e-12
7.976578696791512193e-12
6.407303230210061929e-12
3.434155881610914315e-12
4.643447756385506651e-12
2.429341135366346252e-12
5.218126398048223767e-12
5.601222507320363504e-12
2.464558506171108354e-12
nan
7.492719730414711616e-12
nan
3.457867090610860304e-12
3.339070173020194426e-12
3.455470198168122636e-12
1.600505105471986364e-12
2.222517513699454179e-12
nan
3.523207576416683824e-12
nan
1.127039026557447055e-12
1.215692023998176842e-12
2.731552869700144008e-12
5.146703760129534243e-12
1.405899699220691785e-12
2.994817516133004447e-12
7.889055292899559598e-12
7.703806648555946772e-13
7.482438660147719480e-12
4.075095724330584530e-12
1.605479438836265063e-12
1.170335747378430186e-12
3.728742633998949607e-12
5.000193642368434909e-12
3.877602451667283658e-12
6.770147372663150838e-12
3.769691376647783212e-12
nan
4.947982056368163701e-13
8.654136863401360623e-12
2.014248726150528963e-12
3.236139636036291965e-12
2.783407773402232468e-12
7.286993293001867961e-13
4.356113893726906122e-12
7.344687763305212060e-12
5.385565848623958868e-12
1.913728015865389804e-12
6.709252934101097891e-12
4.648758262821349047e-12
5.091281318330778812e-12
2.700213582963923591e-12
6.179694783492680136e-12
1.163709853149201811e-12
5.465344823066419449e-12
4.204007962203465860e-12
7.689069816329135746e-12
2.099958559932766056e-12
1.808591830143551740e-12
5.061947747646594990e-12
1.626527513983726865e-12
2.053690390986790978e-12
8.292724656311078374e-12
3.046530575202576728e-12
9.294302525460095721e-12
7.905864158115986354e-12
5.464180967361483437e-12
6.591389871007695347e-12
5.828341585740771509e-13
5.406167706449663006e-12
4.077376646349186491e-12
1.541259958362347273e-12
1.969243225238044689e-12
6.068541510424458414e-12
5.133029618948738596e-12
3.320160526578542692e-12
5.056087709231489725e-13
6.771000545454217272e-12
2.498985489666617717e-12
1.072695502417981702e-11
7.641537913379525008e-12
5.042474157879003975e-12
5.980822413316693972e-12
5.133313820942868373e-12
nan
5.962971665691258498e-12
2.845261409989480934e-12
7.642295029519834235e-12
8.891884589875511960e-13
7.801636187627063996e-12
2.507640938600787707e-12
9.526393268670195480e-12
1.933693201816034890e-12
5.410733793237382560e-12
1.319190095117441038e-12
1.023038753382433993e-11
5.642902987878516945e-12
5.442401053447592781e-12
nan
4.643512717166914467e-12
5.120764452351964708e-12
3.696348119167160371e-12
8.093803195716352639e-12
5.892421779431197518e-12
2.430666803103810216e-12
4.819837999593890918e-12
3.037944269996847262e-12
3.406384256688095638e-12
8.036398101253954797e-13
1.099353438020322173e-12
3.550188132382483943e-12
3.590555837042346595e-12
2.962812870172130081e-12
3.857536583356721165e-12
2.427082647402964391e-12
5.395164363470477031e-12
2.152115865073893601e-12
4.076768768581098142e-12
7.354440222828643664e-12
3.281530911084386379e-12
3.466732102755671545e-12
3.992884414774268843e-12
