3.209019349163957509e-12
3.547489342366609984e-12
9.201496530215323612e-12
2.995876337716898086e-12
2.324186662896358562e-12
5.128136270591150224e-12
3.536675584119993513e-12
4.375693266868847476e-12
2.345080335918121418e-12
7.876180088632736728e-12
2.139025036335670574e-12
4.994882904857792505e-12
9.276349464915223442e-12
7.239876460426076473e-12
7.768682387481798934e-12
6.989752868274935411e-12
4.334602122814613200e-12
2.266622862871310265e-13
4.221923808033196043e-12
3.190622660166395368e-12
3.953394503532015729e-12
2.183765618426556415e-12
4.444788069985524686e-12
5.215691964337141367e-12
3.535991725618635322e-12
3.619055819417533885e-12
2.580009578343244908e-12
3.382008281778845952e-12
4.699522514109708809e-12
4.444794628562543236e-12
6.554744451512264421e-12
2.720931309358608907e-12
1.080642082964715236e-12
1.607059318051719240e-12
4.149783099642045553e-12
5.138437543238908263e-12
9.530660321125456414e-13
nan
6.098379735092258143e-12
2.287827142637505209e-12
6.834957975452893332e-12
nan
2.693381202874523175e-12
1.288688825016032242e-12
4.848708712569769443e-12
nan
7.413781922683298780e-13
2.572883158286167119e-12
6.238855749127517016e-12
nan
3.803037224247599598e-12
4.633750572502545083e-12
nan
4.260571745715230771e-12
2.753025037073623934e-12
3.977203833991863055e-12
3.984194591971977127e-12
3.074089206619119278e-12
8.196897741684307110e-12
3.018467819000046758e-12
9.325950085498963170e-12
4.350220438698642734e-12
5.813377400575094219e-12
4.040380487511262333e-12
5.068966411108236214e-12
5.408420938414894298e-13
4.886732419529174756e-12
3.383439702297129633e-12
3.796528919757499283e-12
4.596136825489354101e-12
1.920028527239589696e-12
4.545002530641368914e-12
2.500739637660635302e-12
2.732152448524252864e-12
1.173564156599254068e-12
4.916262137758174376e-12
1.634624700501131140e-12
2.810728997336323642e-12
1.422696834418611438e-12
5.871846894896742829e-12
1.043449354947215772e-12
2.428025751601511811e-12
nan
3.091890437419273469e-12
4.482740794632600295e-12
3.613132416810156407e-12
3.720661464724202695e-12
nan
5.375485310728467782e-12
4.142866258089415984e-12
1.600431093905054665e-12
1.542247917118699491e-12
2.193858743539212717e-12
5.487837340787410683e-12
nan
3.882241520438558049e-12
3.981437135759264650e-12
5.106433666699610284e-12
3.155318604018694163e-12
1.676319619231464406e-12
3.550382522609298090e-12
2.580489442493569524e-12
nan
9.521487269841874260e-12
nan
3.795305021273928446e-12
2.387067020505151185e-12
9.896736024951955490e-12
4.188523656508817361e-12
8.805351909566653496e-13
2.833837477014194612e-12
3.463501393701489301e-12
1.340424591882866842e-12
1.479715378443810814e-12
1.212456510035835288e-12
2.995341477191262109e-12
4.317206600391838036e-12
2.834213164006274191e-12
2.753740400538388522e-12
4.245461748676716772e-12
2.460899375075209002e-12
nan
1.450623748224820399e-12
2.994967097477251454e-12
3.921502379958447707e-12
1.101368286564050390e-12
3.786114814003760899e-12
1.552626859559694248e-12
3.940693077484317418e-12
6.440152305202770459e-12
2.650818231630836495e-12
2.500001601680219066e-12
3.312802521134967916e-12
3.697233412051279095e-12
1.543919103267565895e-14
1.001654534415841609e-12
3.228840885498764856e-12
nan
2.170412726414897886e-12
1.657609889964808573e-12
1.902095752401192746e-12
3.613062334248350277e-12
4.078080845308591047e-12
2.841485133264787869e-12
7.185758795879925635e-12
3.460467860917528438e-12
2.397267973688846820e-12
5.465866478001263292e-12
1.596800738597069132e-12
4.150677045263233177e-12
5.499573689420754852e-12
3.381104546444128264e-12
nan
7.415300402334571822e-12
5.069977930747909434e-12
7.406206507371836247e-12
1.699363905669735399e-12
5.981664826256390959e-12
4.777581113268587469e-12
1.589722178884985881e-12
2.527066356678513658e-12
2.859108538342621067e-12
5.709956935932622275e-12
nan
5.541664767496323128e-12
3.266142409991496673e-12
2.408640608869995505e-12
nan
nan
2.996602772779924341e-12
1.769285113371047471e-12
3.922239386084981654e-12
1.129319780342949398e-11
3.066235841918342923e-12
2.650100004211952977e-12
7.276892095039992913e-12
5.374369110216423871e-12
6.310128660671297464e-12
2.734817285562185529e-12
4.608625409856506963e-12
nan
nan
nan
5.821077181606463408e-12
2.039194345140024716e-12
1.240944543517726633e-11
2.291719868951746017e-12
2.150376805590260399e-12
6.535438187385328486e-12
1.121301173916457567e-12
5.184249332853559558e-12
7.453461498049959356e-12
2.690388757836337432e-12
3.068906113383213490e-12
2.613803435061385923e-12
3.844839254780890657e-12
4.978527334097923543e-12
6.947193440952582378e-12
3.313267877650120340e-12
1.191826077650448582e-12
1.348120010987249150e-12
8.323891703977768747e-13
1.971014430489493086e-12
3.405769481777304861e-12
5.649656158440861749e-12
2.692717244944067612e-12
3.587020198876559796e-12
3.337681770647471124e-12
3.734140340107577701e-12
1.722666281200876905e-12
4.442948133516364309e-12
3.327257286702036625e-12
4.936744718085411595e-12
nan
2.720679597349518888e-12
4.176910376757512056e-12
3.793765954471613975e-12
nan
nan
4.191378766808599181e-12
nan
4.303394440986187467e-12
2.742968474534507243e-12
5.968535170532497449e-13
4.853660947781871449e-12
4.665960343100725054e-12
3.131266122797705159e-12
4.073224037601242175e-12
5.034909645943153876e-12
2.460773726591413057e-12
1.021550916037819921e-12
nan
1.373206586144380638e-12
1.605320271379040928e-12
2.415501322916239862e-12
3.884765568504440734e-12
1.461210903415974116e-12
5.195229326596720592e-12
6.191424278426143253e-12
6.313080395776014949e-12
2.760567338847091393e-12
3.961414893404797879e-12
1.908486310873999166e-12
1.816416535991784857e-12
2.455495898420956482e-12
2.535524651759953923e-12
2.330224753972250201e-12
4.008378154757579450e-12
3.094287391140322357e-12
1.116845560743057852e-11
2.538200436445688919e-12
5.126802915710341666e-13
4.989473566756921627e-12
4.997014452527498904e-12
5.981576795297614548e-12
1.116720583905507295e-12
5.069424994721186251e-12
1.257374411117617260e-12
2.001342108173453253e-12
3.014652740208097084e-12
4.725490648443609456e-12
3.041887495310264628e-12
3.176948997719093826e-12
4.551654935452100248e-12
3.454756071349201076e-12
3.985582001660979892e-12
2.310197752392105665e-12
5.037027650003309784e-12
3.341575746889230953e-12
2.209206014916266215e-12
3.303480483448805255e-12
1.868087880873563107e-12
3.166901728307513539e-12
2.714460954067870961e-12
1.516532700496823886e-12
2.998790157681580925e-12
2.580452315172392456e-12
4.924388047230296253e-12
2.329140569418996895e-12
4.484479748862741919e-12
3.613699781557655769e-12
nan
1.905520326611061802e-12
3.736753465898734267e-12
1.887684098777308949e-12
2.414435094632825628e-12
5.270630916109462633e-12
nan
4.182245820293860402e-12
2.124539748899680966e-12
2.700740925667101565e-12
8.529643386579364064e-12
2.726141628576367948e-12
3.220150394971556530e-12
nan
4.073350491758651420e-12
1.053941001235506227e-11
2.489498636998997408e-12
6.200730646699028678e-12
nan
1.907473398032866451e-12
4.448424661999867141e-12
nan
5.786845394104005122e-12
4.257508063833063548e-12
nan
nan
2.416370117459429416e-12
3.565771318683717928e-12
2.583012820801478327e-12
3.305429367609909868e-12
3.498915665136056711e-12
2.653175937378819946e-12
3.993238068363399645e-12
6.469453789013776700e-12
5.100913223025335868e-12
3.384758207393123402e-12
2.780283635364625194e-12
2.805502038236661362e-12
2.486044768941528161e-12
4.447360923272774859e-12
9.693004990962057065e-12
4.190822106466555635e-12
3.694466138717770512e-12
2.258724623040844667e-12
3.110663681725524546e-12
9.420727563708594676e-13
1.548268837348260988e-12
3.340890925930120618e-12
1.100364430102382121e-11
2.241112044834290095e-12
8.229914638517952240e-12
2.692570266321479369e-12
2.184710880599545426e-12
8.529112546411672784e-12
4.147236127615519037e-12
5.668934298194243939e-12
3.074398372256712627e-12
nan
4.560021677423775256e-12
2.859909063937179000e-12
6.510238098346046356e-12
1.128556587277625173e-12
3.037449798508845824e-12
1.804074254125679058e-12
4.856052832422626172e-12
3.074465175012872965e-12
5.103581831484163195e-12
5.339876864957472688e-12
1.830821279099627070e-12
7.513014705021238753e-12
nan
4.150792551642993333e-12
2.917851897974179364e-12
3.119320970855342311e-12
nan
5.181151843291258522e-12
4.377066022895565053e-12
nan
3.289055442297248012e-12
3.800615712848879947e-12
nan
nan
3.497796909795238278e-12
2.195912370574396959e-12
3.731147551977231173e-12
2.490147574240996014e-12
2.227346126695563524e-12
3.777810114056158669e-12
2.981011447554919204e-12
2.247131740468493261e-12
1.694133471359450047e-12
5.292932042719228664e-12
1.916981830295065041e-12
3.696415048412668764e-12
nan
6.603042178970635918e-12
4.284003923915061109e-12
2.503518921476825326e-12
6.373702216768654099e-12
5.551749095498559375e-12
2.897431964078179048e-12
3.461741740319329546e-12
2.513044354324630348e-12
3.963179828413199624e-12
4.303986540340482628e-12
2.252217292759583818e-12
nan
6.014598977924275774e-12
nan
2.427470974023733928e-12
2.518709581537528303e-12
2.426900410656093169e-12
1.862410023066866743e-12
2.155292596094677657e-12
nan
2.701544886978951149e-12
nan
1.187490520621855522e-12
1.255027257742656287e-12
2.823923394615924904e-12
4.211005850257265161e-12
1.484537217015133324e-12
2.898035832039672592e-12
6.593394288101129368e-12
9.283598352538885892e-13
5.938954820226297278e-12
2.958244645748583248e-12
1.715636265426312785e-12
1.274190781470583677e-12
2.650777129942765341e-12
3.775293939768725404e-12
3.001266532722495400e-12
5.334507049199041143e-12
2.692170455059815426e-12
nan
3.245896962263221363e-13
6.951488999008671016e-12
1.865801123058597641e-12
2.774756305937079625e-12
2.879882579230401092e-12
8.640728868168146729e-13
3.326629962609818234e-12
6.694343909621954068e-12
4.713248665964675047e-12
2.213306351775777748e-12
5.489523715120926962e-12
3.676938301073923288e-12
3.845727160889699057e-12
2.431350593846602290e-12
5.087377013723210668e-12
1.273090624373640239e-12
5.956208650839535159e-12
3.073643288446166279e-12
6.199305297225130425e-12
1.781032243710131569e-12
1.602015052662716448e-12
3.845894665392248875e-12
2.026517282025409504e-12
1.798058993320178838e-12
6.644012774320868224e-12
2.262873987846330899e-12
7.512252643073595001e-12
6.337599983966262985e-12
4.353619948761808117e-12
5.466753392559359989e-12
5.841455788069512563e-14
4.258710256502925095e-12
3.134035449677773207e-12
1.921358663759967163e-12
2.432360990113986976e-12
4.703794403462051574e-12
3.883590294515684482e-12
2.411050866612262988e-12
3.651932422286735768e-13
5.332717542337157254e-12
2.529478309189021056e-12
8.739524108489172316e-12
6.098327493046896776e-12
3.809961783349810579e-12
4.636243632195229060e-12
4.035976158061328376e-12
nan
4.635836355770854703e-12
2.201404167147023002e-12
6.288848691572901482e-12
1.049041352261946502e-12
6.472564739484881218e-12
1.954368490959249750e-12
8.072349443396547817e-12
2.276900925147799011e-12
4.146185530131132170e-12
1.557692767190049227e-12
8.315927208602183686e-12
4.342902925955565744e-12
4.402325096044387053e-12
nan
4.523657877804207827e-12
4.024828822604093221e-12
2.876085692832262350e-12
7.043202811594984566e-12
4.561748993744403656e-12
3.100737598133817733e-12
3.615024655962429267e-12
2.886197278900222022e-12
2.543307356085041165e-12
1.047661469060437532e-12
1.268717298589657991e-12
2.554076879661147981e-12
2.537525002546842188e-12
2.206582547071525300e-12
2.768376805808796420e-12
3.048034503220547805e-12
4.107509449573571652e-12
2.144657477829944443e-12
3.207453683382505076e-12
6.235980319716829372e-12
3.292733709231945481e-12
3.324934831170010476e-12
3.992982197845511032e-12
