3.096026175270144242e-12
3.448291658005101149e-12
1.002279543844104059e-11
3.895325668470264972e-12
2.279012562251875164e-12
5.133966534374260771e-12
4.436652923926869425e-12
5.114637989301862467e-12
2.356421084079878770e-12
8.772853200451131658e-12
2.195551000473564174e-12
5.894033579458558151e-12
9.238913797478247846e-12
8.097182495760189104e-12
8.086065543604819451e-12
7.882390473364722667e-12
3.943013811614028936e-12
7.531803464549883669e-13
4.986375759088844460e-12
4.090613908899210811e-12
3.905044000593178544e-12
2.156101174038739734e-12
4.744232775147431471e-12
6.115525268808948119e-12
4.435872322389223197e-12
3.591857854056326486e-12
3.121630782804987818e-12
4.281169815491194870e-12
4.402737663414094094e-12
5.344790071569139497e-12
6.394443040443305419e-12
2.632924387418877898e-12
1.226205704637039839e-12
1.866064557874693625e-12
4.720871682718967571e-12
5.986549490170290761e-12
1.198251409167895638e-12
1.012702754453118183e-13
6.753490410721808837e-12
2.174174274726060095e-12
6.248493071982037516e-12
1.007276077381308117e-13
3.593361700286883160e-12
1.569582071295302645e-12
5.569655694607477775e-12
nan
1.062471755964983994e-12
2.565147137016626219e-12
6.177785561598485351e-12
2.487382790285707461e-13
3.255651554412803240e-12
5.533494015441526532e-12
3.049744347814000319e-13
5.160158514791081529e-12
2.659138769158645209e-12
3.855604632217011999e-12
3.617399223716857756e-12
3.884925770452876366e-12
9.064947547575511270e-12
3.314437720641220695e-12
9.088427012589974239e-12
4.038393566891663590e-12
5.741715769525300551e-12
4.939970719711071400e-12
5.217139269984161455e-12
8.903931931606156700e-13
5.198442136883330222e-12
4.280351142684091838e-12
3.754517858834135876e-12
4.771853877704147049e-12
2.131593798331995929e-12
4.070181325466496633e-12
3.399269341475284556e-12
3.424853906257686081e-12
1.488131717757106418e-12
4.918546255511925418e-12
1.816844877546055209e-12
2.771318513802257640e-12
1.634875411436557717e-12
6.608464842225706932e-12
1.289966164205664206e-12
3.305946742677761479e-12
6.580235452117371775e-14
3.133603420448493462e-12
5.382727339997120646e-12
3.895171780548964704e-12
3.673592186194099060e-12
nan
5.511993837136408901e-12
4.243649131782676143e-12
1.757284011464853190e-12
1.737855109740463311e-12
2.200369790044267535e-12
5.425174714251282205e-12
3.196275369295937024e-13
3.804667691221121323e-12
3.616424446766360949e-12
6.004768998926037946e-12
3.080330290901585416e-12
1.861191050662203589e-12
3.467012346889623919e-12
3.480468536088293475e-12
1.961493012401916825e-13
1.033081581413224404e-11
nan
3.714761230073591164e-12
2.310760039802777689e-12
1.013645130222728723e-11
3.677371661140832254e-12
1.183473649008562332e-12
2.665658479636455680e-12
4.363409685372762181e-12
1.567943834769365600e-12
1.764639428618329441e-12
1.451161383189701416e-12
3.895320240659019866e-12
4.126997030918975271e-12
2.791864152502825333e-12
2.665076777795739149e-12
3.865494208117482337e-12
3.356860358301678025e-12
nan
1.617562136436105023e-12
3.798262315416020611e-12
4.109493669972969157e-12
1.252813016767121769e-12
3.511091858802465909e-12
1.757624021150148189e-12
3.918492408114365513e-12
7.302068928636403497e-12
3.355184387147726835e-12
2.878755245412912149e-12
3.188589594252882813e-12
3.509050394803242351e-12
4.321009924085062249e-13
1.269753444235572070e-12
4.023536400856415046e-12
nan
2.153917921801188152e-12
1.859325791790394700e-12
2.043652595912007545e-12
3.512769450599789420e-12
4.033518301999643489e-12
2.777717501643049059e-12
7.016588716161196870e-12
3.352594727214433845e-12
2.323690861691093556e-12
5.394416776352017529e-12
1.873548037933857753e-12
4.626732047804474427e-12
6.123799933921235172e-12
3.646510509372074546e-12
2.177249215726282459e-13
7.264758152926978171e-12
5.969976931910453655e-12
7.210026501903845970e-12
1.936667085821023691e-12
6.880570952069510347e-12
4.827014872625340595e-12
1.810854609191330400e-12
2.493583989010216363e-12
2.822363062828731443e-12
6.278868693597402682e-12
nan
6.128714877670792958e-12
4.165948847391603248e-12
2.553014027465505262e-12
1.759048744154000604e-14
nan
3.895942656925508662e-12
1.889380956119310027e-12
4.822006395925090108e-12
1.219318957840254023e-11
2.943556569755702454e-12
3.550071439275777909e-12
8.176888046947472099e-12
6.272606360631218644e-12
7.163638497939791473e-12
2.522796109101104252e-12
4.078754386405912146e-12
1.628352252049530162e-13
nan
2.748517073776731659e-13
5.776294620739170109e-12
2.141943774811960417e-12
1.245321872759270614e-11
2.275917990323580525e-12
2.219966185416468656e-12
6.799209446580015447e-12
1.227032042582201559e-12
5.155573613623522185e-12
8.213579888045299998e-12
2.631304628101717019e-12
2.981840354562678524e-12
2.485251757389119127e-12
3.922796550733566864e-12
4.896740735828011120e-12
7.102850869004010352e-12
3.347766329476499810e-12
1.231717632390729292e-12
1.555887302964413977e-12
1.090309902436796909e-12
1.998886698139495401e-12
2.999885105434413907e-12
5.779401648491534709e-12
3.204156245341657464e-12
3.136492426308645252e-12
3.243721619662219224e-12
4.122990998842804773e-12
1.888825367989775470e-12
4.403446500430135314e-12
3.386118245922152167e-12
4.995966814265084625e-12
3.616946555084229970e-13
3.281298343825414614e-12
4.589072236070072941e-12
3.608063694846562589e-12
nan
2.707234687041409177e-13
4.216746435521921707e-12
nan
4.431222100056250478e-12
2.635324007406525939e-12
9.336206894462657177e-13
5.752342923028960044e-12
4.364887160145007881e-12
3.092166044665874810e-12
4.973170319848114459e-12
5.683678156565517924e-12
2.943088250997935180e-12
1.174268252155327536e-12
4.931037149440129593e-14
1.544476940845976625e-12
1.767874519414735550e-12
2.342440473929436976e-12
3.996279659867108161e-12
1.705973085512983745e-12
4.684131350820594395e-12
6.052943794385814543e-12
7.211537088972466431e-12
2.649396449793910424e-12
4.079013660335740995e-12
2.004015930551279215e-12
2.328735053596220221e-12
2.400428993936761596e-12
2.507882227768565922e-12
2.261393414741368524e-12
3.638844815612081084e-12
3.615281424186817576e-12
1.206844643094174244e-11
3.438189137524255437e-12
8.863381404126613380e-13
4.659179050859585455e-12
4.795338873648191998e-12
6.880392783351357954e-12
1.188110130407966637e-12
5.969401098001678475e-12
1.448573523982456544e-12
2.018320891123876178e-12
2.797320105298327797e-12
4.686600426189119877e-12
2.790463451845992658e-12
3.081989228190046503e-12
4.509589526359341788e-12
3.396632993477636393e-12
4.514200390686661724e-12
2.327944971680802000e-12
5.937026833372095698e-12
3.711319744198286288e-12
2.166673046124886870e-12
3.994116874453092012e-12
2.049902961396444605e-12
3.070839436782571419e-12
2.664167710495361954e-12
1.675810075205106408e-12
3.034699009877419243e-12
3.480425852918130402e-12
4.267737957895140645e-12
2.245396510121919666e-12
4.651005437972769043e-12
4.056746402083238215e-12
1.260821444812845145e-13
2.060241529053917050e-12
3.278997150600792056e-12
2.009938594237613694e-12
2.399445731378267520e-12
5.683038786127963528e-12
2.413996356353846033e-13
4.161645519054118305e-12
2.188841766046425400e-12
2.457048091001724955e-12
9.220276413309784693e-12
2.679542892618407597e-12
3.227389604367091779e-12
1.020956476926362291e-14
4.972439689234285114e-12
1.131754027507382791e-11
2.481219874082106323e-12
7.096138180215760139e-12
nan
2.016123858768331686e-12
4.490441093992356674e-12
3.555059342247409984e-13
5.697291647936574530e-12
4.023333653539932022e-12
nan
nan
2.574614377699038815e-12
3.151541554067351484e-12
2.542156612531806274e-12
4.204941757413569338e-12
4.398903340366067403e-12
2.542965618971897372e-12
3.997299842266199997e-12
6.662679699308112156e-12
5.332363587137491894e-12
3.713710084528277702e-12
2.742177925426973374e-12
3.705493454111053483e-12
2.326474957541531571e-12
4.629135014610369329e-12
1.059117309210705811e-11
4.654518596393900305e-12
4.594448913895436987e-12
2.214181158891775591e-12
2.998349952032452249e-12
1.137192792573034798e-12
1.797756603211748712e-12
3.864189755352870904e-12
1.181044083724639522e-11
2.237118023315278797e-12
9.129905269764771801e-12
3.592555263605187094e-12
2.190589248776474898e-12
9.251811728846866569e-12
5.047204816757544347e-12
5.248679144738730357e-12
3.632663436250843333e-12
nan
5.460012543255723971e-12
2.767005737698026457e-12
6.390521715281330485e-12
1.237673129638839480e-12
2.787386403520373091e-12
1.924100072798236145e-12
4.517662444452314261e-12
3.974395589226130438e-12
6.003362550855846213e-12
5.255903006612419582e-12
1.939429466692225701e-12
8.222608177012744490e-12
2.219697179422702250e-13
4.436628839546054655e-12
3.313231392900513588e-12
3.060953070217982804e-12
nan
6.079577211433522900e-12
4.542137505251353737e-12
nan
3.230327260359164551e-12
3.761223477419540035e-12
4.778566276122357847e-13
nan
4.385140828551687474e-12
2.247119633260021232e-12
4.631094698046387303e-12
2.388188720810056170e-12
2.267937720273676203e-12
4.677258431688654432e-12
2.898528245130350948e-12
2.142888180851234655e-12
1.817635718733304391e-12
6.192911616672717684e-12
2.050713077026266971e-12
3.659547621053566468e-12
3.366991794280449737e-14
7.494196768412889234e-12
4.235937535509590204e-12
2.437263401983603747e-12
7.267397254007057101e-12
5.256099718386805338e-12
2.788898843525860610e-12
4.357469494913147532e-12
2.531835388686402784e-12
4.862614723097215917e-12
5.203961752078368607e-12
2.246603506610284356e-12
9.783541084329148327e-14
6.057001501318271237e-12
1.820448187848806319e-13
3.321422627931974900e-12
2.518754516276170904e-12
2.881160628202057521e-12
1.959822450930867606e-12
2.229381458535088230e-12
nan
2.585353761970103814e-12
6.663008462940865224e-14
1.298631867762295215e-12
1.618844545375391117e-12
2.722326941575608566e-12
3.983372649217548265e-12
1.665372965144997750e-12
2.872724601268828953e-12
6.464882767324914821e-12
1.166877062987256326e-12
6.838953959527089372e-12
3.857909135598796825e-12
1.868630675797269099e-12
1.450961687018273391e-12
3.470738222346266459e-12
4.675125811025173822e-12
2.915644318729966874e-12
6.234507011780760954e-12
3.385233906312978554e-12
nan
8.132253705966121677e-13
7.691993811862012722e-12
2.065336010592648617e-12
2.698694210969481297e-12
2.800798335672025146e-12
1.110333994519572066e-12
3.313897559091481170e-12
6.273321800732478530e-12
4.405910754040705180e-12
2.200296372725979676e-12
5.411469850623811390e-12
3.619571378268662433e-12
4.745717551822335735e-12
2.538755877792755639e-12
5.093963692188952813e-12
1.445805425643607970e-12
5.145637471897680954e-12
3.973573201044612620e-12
7.049807252180377267e-12
2.008412190543708375e-12
1.864213646505621422e-12
4.015063701199729931e-12
2.112910100156372464e-12
2.018579950959942737e-12
7.544006337156413274e-12
2.309332147956288178e-12
8.215024232230454682e-12
6.788315091879396570e-12
4.367757520730254172e-12
5.446139124075473351e-12
4.309434630047563322e-13
4.257461420974449546e-12
3.096794724828726434e-12
2.027177166027609697e-12
2.294513093431994748e-12
5.539404574617984547e-12
4.783498371529338603e-12
2.518901001080531607e-12
8.328671111630004843e-13
6.231408325516276462e-12
2.513939361741864053e-12
9.637267317682156336e-12
6.440515837433397547e-12
4.709506261822163107e-12
5.536241252427300277e-12
4.045490028073599568e-12
nan
4.775379085142126988e-12
2.144947834070962380e-12
6.100422276453016327e-12
1.305029840536270897e-12
6.207599851480213290e-12
2.033375474777280992e-12
7.970392389748008812e-12
2.200553365213212864e-12
4.548719287936618907e-12
1.830413156443149982e-12
9.211750608637672538e-12
5.242602289035718569e-12
4.408903430816955689e-12
nan
4.186852924115655622e-12
3.996498224575356220e-12
2.746654821396578475e-12
6.772435892156546835e-12
5.449474359053108799e-12
2.647380015194760143e-12
4.455179667199187021e-12
2.853875115023933995e-12
2.468415322782569727e-12
1.186062062423522221e-12
1.512661242795310233e-12
3.417725574150021927e-12
3.390381666283712428e-12
2.200133451510978482e-12
3.557597069009557635e-12
2.670381387868097564e-12
5.007484764986717278e-12
2.207218007336012434e-12
3.097536590824016603e-12
6.031666165770454938e-12
3.206784613458489103e-12
3.187543136401669099e-12
3.747581283833675423e-12
