3.690733175285608120e-12
4.198589105036362336e-12
1.167616774628822393e-11
4.619964874480419931e-12
2.415887413904984283e-12
6.151666777378105018e-12
5.229112107551612643e-12
6.030408576660552897e-12
2.605321643498034636e-12
1.021658769723579107e-11
2.598263693843044278e-12
6.897718968318537490e-12
1.085382544441711874e-11
9.714518906922290704e-12
9.636134486341302748e-12
9.196431227343797003e-12
4.495754771205829192e-12
9.290938628184645767e-13
5.892528914933340708e-12
4.834087888784690701e-12
4.894179560487906387e-12
2.630012145799605574e-12
5.793164511460624240e-12
7.148836401454093450e-12
5.228428705285217436e-12
4.408227010688777765e-12
3.728415443183187789e-12
5.055065421940772238e-12
5.360478847959538429e-12
6.274154806253051467e-12
7.624028815602940976e-12
3.333068359277645947e-12
1.223188574388653293e-12
1.814757505440838645e-12
5.658627121869067712e-12
6.956128319704696285e-12
1.261767674715173660e-12
1.320461434259010517e-13
8.002528309529680113e-12
2.810511273394708029e-12
7.459058079002289993e-12
1.176098677693356468e-13
4.270838037288209132e-12
1.570774875032236787e-12
6.629687969900210833e-12
4.573455164591292794e-14
1.080868560791833459e-12
2.971066762248064060e-12
7.510675228101421347e-12
5.257991961706956760e-13
3.391634349555815568e-12
6.480524068954338312e-12
4.473772682502543665e-13
5.991769361479183252e-12
3.276267557644830214e-12
4.613306232398604404e-12
4.030022244806214838e-12
4.477191782079571932e-12
1.069366880325703873e-11
4.044264542404461864e-12
1.096643323119225508e-11
4.830252329477055764e-12
6.882335297940113932e-12
5.804079591472551257e-12
6.252806595695677579e-12
1.023912206915687217e-12
6.312827021680286479e-12
5.053204201618249134e-12
4.635075819302932158e-12
5.802403841069256664e-12
2.488071094577837697e-12
4.609786764723902581e-12
4.046841099662930746e-12
4.010177206249932535e-12
1.505520543988201704e-12
5.957222830469071783e-12
1.935766145364896001e-12
3.311748772614427269e-12
1.831287566175401934e-12
7.700534724219694847e-12
1.323846552122664082e-12
3.822023650461803861e-12
1.060627777483233532e-13
3.938230097236535713e-12
6.313382273408589728e-12
4.720747388134028851e-12
4.605601201194702018e-12
1.609801979333308609e-14
6.724572272796302791e-12
5.264785422161759556e-12
1.809143778956323749e-12
1.878131834758370894e-12
2.674849760087286538e-12
6.610513116488459381e-12
3.799881487394309412e-13
4.651384368727479740e-12
4.378074441660282960e-12
7.015976238982159436e-12
3.517500562420316646e-12
2.033564218167569814e-12
4.357459815877521609e-12
4.137319157860460575e-12
2.774927973793267900e-13
1.202424438127443896e-11
1.335522943996616258e-14
4.541683214967426379e-12
2.839125867522932974e-12
1.212322701866517150e-11
3.981242108225108496e-12
1.217272711898556162e-12
2.656338520582561417e-12
5.142169037154763508e-12
1.572786747252949693e-12
2.074091089228828404e-12
1.466176304666607486e-12
4.620408256741122032e-12
5.036025944354745546e-12
3.629497333461257854e-12
3.375753979565028756e-12
4.454134708317678715e-12
4.000427788145734915e-12
3.958332222497948414e-14
1.747318247304174632e-12
4.471118177822782308e-12
5.004969720528736663e-12
1.302898800440242996e-12
3.978866594447179002e-12
1.751111588119283129e-12
4.874657900342214223e-12
8.453861857827796278e-12
3.894559224314805943e-12
3.576681875467782283e-12
4.001592165439301643e-12
4.144002691239366540e-12
7.646865443515461687e-13
1.189249336368604156e-12
4.874910657941471313e-12
4.151399429664761404e-14
2.544968313513680401e-12
1.785258952063243719e-12
2.375123489955274486e-12
4.088040485974542328e-12
4.967256130150521838e-12
3.472120445527825611e-12
8.566251870859125420e-12
4.219183910357949199e-12
2.896825402019998135e-12
6.479356869514187638e-12
1.855122854121446693e-12
5.602309752135020251e-12
7.311582349540361396e-12
4.473326985092998285e-12
1.977846603779846192e-13
8.918765034236426683e-12
6.977475871514817381e-12
8.599006677693499427e-12
1.885450884047257162e-12
8.021204602212532869e-12
5.894224573237979397e-12
1.975440724642497958e-12
3.044904438596371172e-12
3.395255908168017446e-12
7.502660599176688117e-12
4.205659290183982950e-14
7.357919083665924654e-12
4.920981946684753622e-12
3.187200147084991364e-12
5.617918694192608735e-14
8.585159261320641697e-15
4.619000587372070888e-12
1.914121130525309381e-12
5.677378614932902360e-12
1.417439184115334698e-11
3.576918259917540387e-12
4.228770931875624704e-12
9.533225277200886746e-12
7.306566996579621820e-12
8.289492704122250539e-12
2.704750291824584582e-12
4.465685986482018380e-12
1.629320320291960134e-13
1.636691021206464769e-14
5.285882204580450187e-13
6.974035285491524435e-12
2.061483872082302175e-12
1.495864291898185092e-11
2.768621346302935177e-12
2.668095562186286678e-12
8.233310579685408789e-12
1.334300765927031205e-12
6.346092701717863510e-12
9.616807517742593046e-12
3.237589242928080454e-12
3.589514686567051340e-12
2.453416889019463013e-12
4.841783813898487537e-12
6.172009038820622041e-12
8.490685507984101834e-12
4.195775251472213272e-12
1.255566380288312269e-12
1.754133191111788967e-12
1.084748860017766436e-12
2.426334016468886609e-12
3.255553884482301762e-12
6.948375245340133766e-12
3.876019619904859104e-12
3.420047155631755928e-12
4.047044949472982673e-12
5.004318691583088990e-12
2.052606115925557524e-12
5.368003232911008351e-12
4.234577404702224949e-12
5.978326970434175775e-12
6.158656481580277024e-13
3.914458364798927709e-12
5.675026288264595373e-12
4.346076995858546063e-12
1.287822244810715744e-14
4.566582101247714426e-13
5.193728825039352524e-12
4.221900968416137119e-14
5.361335587694610931e-12
3.250108743370459054e-12
1.050854269758576061e-12
6.732683935839950490e-12
5.328913493747894846e-12
3.817587821953676819e-12
5.850531604326639509e-12
6.784517168387736933e-12
3.591372239417073417e-12
1.277004376182634230e-12
8.553299996797221459e-14
1.659871594988197880e-12
1.800035277560669833e-12
2.926717982369963896e-12
4.882522596484226292e-12
1.884401643128113930e-12
5.396607537262233795e-12
7.195113873219347763e-12
8.397107076249468715e-12
3.340834795802513540e-12
4.995755889505426047e-12
2.124748562630973414e-12
3.721750985551929208e-12
3.015723260240743023e-12
2.788649321680273636e-12
2.285146867546227866e-12
4.054973179408154387e-12
4.339533273933729517e-12
1.402918119920490787e-11
4.091604090630469462e-12
1.011560285339792130e-12
5.628444259734627607e-12
5.820133680347075882e-12
8.019062784611057934e-12
1.341225809797674183e-12
6.973005140873749440e-12
1.674457195994297826e-12
2.453107564535552185e-12
3.080186519725950575e-12
5.699658210127017285e-12
2.801514060441405714e-12
3.560965103802452261e-12
5.519533384729642827e-12
4.201957493152283618e-12
5.483677487825890258e-12
2.248009512316581940e-12
6.936943103770895377e-12
4.564922878113660442e-12
2.206164849775949503e-12
4.715939034097710464e-12
2.337558520339979412e-12
3.915129551337936209e-12
3.316890321464265547e-12
1.770640140869909475e-12
3.823635397458194564e-12
4.138108633999059481e-12
4.836875563432719799e-12
2.393227305346441043e-12
5.567254308269679801e-12
4.922283803806792693e-12
1.565741217373593370e-13
2.339232081753824593e-12
3.596779701962224860e-12
2.214999332326321083e-12
2.493761810232538709e-12
6.812420273533010454e-12
2.354723140200750133e-13
5.147464437180966068e-12
2.636839338729022694e-12
2.599524922316677620e-12
1.076896113452809883e-11
3.341063692103415620e-12
4.049818212017817097e-12
4.443209630704715736e-14
5.850963789043000123e-12
1.320953243185216179e-11
2.798301805582184067e-12
8.188772833907563561e-12
2.023409575977027143e-14
1.925740775825541069e-12
5.446669853008178581e-12
7.746450134999555242e-13
6.811968625890793666e-12
4.884918202697929460e-12
2.727071566153439196e-14
2.791693480813137207e-14
3.301177023444694637e-12
3.462258304626249166e-12
3.095805421313196735e-12
4.962530398207803432e-12
5.186842310262788516e-12
3.201133621432029720e-12
4.995668562893532626e-12
8.029733278425192377e-12
6.492178994795265018e-12
4.587816761201179302e-12
3.408299531882357626e-12
4.401127129617183446e-12
2.404481436968410735e-12
5.592520550519982776e-12
1.232213597160234790e-11
5.627059757955566973e-12
5.411025469632225914e-12
2.219547306034114775e-12
3.586367348832431213e-12
1.141520946899114060e-12
1.762543593875760872e-12
4.653950123649078802e-12
1.375969655838779443e-11
2.374232252075291304e-12
1.063123431965053311e-11
4.269810782975517141e-12
2.651927171117393106e-12
1.077240840483659575e-11
5.931230757504352548e-12
6.361321627006576112e-12
4.353262749328933112e-12
1.851537704383549740e-14
6.391663634635807490e-12
3.535330005496351872e-12
7.728917406781860640e-12
1.232127548433035900e-12
3.054669512434082904e-12
2.264424676001817939e-12
5.526234872690221285e-12
4.703504614790428117e-12
7.013475763151048997e-12
6.331699714170972698e-12
2.039402773176037225e-12
9.609958148662915573e-12
3.834395150918717989e-13
5.458050943877203346e-12
4.067717299302819237e-12
3.608994327207345223e-12
3.064257556274361983e-14
7.043290251179871477e-12
5.500477514810411762e-12
2.447222425572870861e-14
3.951687522217785969e-12
4.657767398807267320e-12
7.989761926086761618e-13
3.602654600144265854e-14
5.100803943447017120e-12
2.499049015677083779e-12
5.453491658149804016e-12
2.572310480325368027e-12
2.167959641925933443e-12
5.499825844680432207e-12
3.631958978843871168e-12
2.741714395962329636e-12
1.951782145729224107e-12
7.236366722326301359e-12
2.011648931523289291e-12
4.507303683009204645e-12
6.207564035233652061e-14
8.730851214354556699e-12
5.250400555131222512e-12
3.045552656434886783e-12
8.363762780955917590e-12
6.420372079569880081e-12
3.428655904556989804e-12
5.135039531520627234e-12
2.830543452965948726e-12
5.717667769029742482e-12
6.089837925715957377e-12
2.710781335692678470e-12
1.320737780661564509e-13
7.408742723498402789e-12
1.851388159454511826e-13
3.914648030466580352e-12
3.226277912194024223e-12
3.564116248203175716e-12
2.015284447932435822e-12
2.611518767041241612e-12
2.402423033983348431e-14
3.245232479226447948e-12
1.035985364878016640e-13
1.501520499059376831e-12
1.632743163237780661e-12
3.116505128027164012e-12
4.835982448257250366e-12
1.809780713801323525e-12
3.372423549021128995e-12
7.730347851363107260e-12
1.162045083189790507e-12
7.981426663765896875e-12
4.574072001454854046e-12
2.019793333719071044e-12
1.534350064422536427e-12
4.148237464891177053e-12
5.498692803527418291e-12
3.648971560070891683e-12
7.270147225282363927e-12
3.953305687079324313e-12
3.836877405684077747e-14
9.639556810279191663e-13
8.939656598410067535e-12
2.401706438690466620e-12
3.324853865236002186e-12
3.168971927405489564e-12
1.129409694885831018e-12
4.068732764244078162e-12
7.595584574863634398e-12
5.356774940009485463e-12
2.312769497663470197e-12
6.495422013066626146e-12
4.515789017917854007e-12
5.591256464513282208e-12
3.103029809100130010e-12
6.119519002521426633e-12
1.528739566021200791e-12
5.838526612160149762e-12
4.703993032810455996e-12
8.184845936598409365e-12
2.314084714275481050e-12
2.167044126974596426e-12
4.880795921991691165e-12
2.050285960938970671e-12
2.325156963059449979e-12
8.792637741888392564e-12
2.780539493138816213e-12
9.577769990740271522e-12
8.125847993469263066e-12
5.386529092731224640e-12
6.523073850388988340e-12
9.131370852999905980e-13
5.269752574157111144e-12
3.816446642624969987e-12
1.950844730901508061e-12
2.379115107294033065e-12
6.531412005084172616e-12
5.631090518165065861e-12
3.166990218508203902e-12
9.743203069567054798e-13
7.237166053911953293e-12
2.883762499612929609e-12
1.122465772410755194e-11
7.692515003383111315e-12
5.541541129199863831e-12
6.480807741356381886e-12
4.994811052689764766e-12
1.371298480918179480e-14
5.739310597657648719e-12
2.562469392767157505e-12
7.346020833068593038e-12
1.335080935812337826e-12
7.538741018165400833e-12
2.377177552758390842e-12
9.642745548808851981e-12
2.341227855257913062e-12
5.530511487292019894e-12
1.756214215145037493e-12
1.072834631873653582e-11
6.123574403947601579e-12
5.312589020933961313e-12
3.090584606070691818e-14
5.014023324477253333e-12
4.970190323862299537e-12
3.418988198669035220e-12
8.220004089226302966e-12
6.388157354431577520e-12
2.859624395494805224e-12
5.180540361341302386e-12
3.392491919516967997e-12
3.090436246405102707e-12
1.157583861584709717e-12
1.507446263251738819e-12
4.032674365938801565e-12
3.910380852749604327e-12
2.671626567950371444e-12
4.131982904783180361e-12
2.843487148603881497e-12
5.895070519960888150e-12
2.541887757610325077e-12
3.870971380475679988e-12
7.439345740421007150e-12
3.666694499535149712e-12
3.794839526836310408e-12
4.366996519110072449e-12
