3.257968206859278778e-12
3.713110925461212410e-12
1.046925029827923877e-11
4.178160825501356383e-12
2.235292746786736770e-12
5.267148456134172849e-12
4.732360924913047051e-12
5.440995286381568655e-12
2.341419524927043379e-12
9.142862208883811270e-12
2.315128990120227344e-12
6.206538810453206650e-12
9.661104869669481008e-12
8.739912783823416901e-12
8.759963054581847429e-12
8.220170244504717531e-12
3.940959743206875810e-12
8.394062903693013617e-13
5.320926517176897392e-12
4.372666337172685372e-12
4.240222342971750494e-12
2.350039228899217031e-12
5.245869765120167702e-12
6.425324303228426546e-12
4.733551627446151885e-12
3.896359654163266635e-12
3.346901177243631767e-12
4.567489067846725260e-12
4.646941755916106599e-12
5.656093734962129628e-12
6.488004401055160088e-12
2.917597773961101072e-12
1.239037397534571476e-12
1.693009284185913261e-12
5.158663956127016473e-12
6.274920799586519697e-12
1.066666180688044223e-12
1.884582100986242420e-13
7.264280657235434639e-12
2.472532792041606235e-12
6.441361829720055117e-12
2.021735521558065189e-13
3.844654234978102617e-12
1.373359392662322290e-12
5.936034755537279920e-12
6.189632246411216416e-14
9.806366167783483839e-13
2.670333655164462652e-12
6.506895326851994988e-12
4.652411281090010321e-13
3.067214655858696593e-12
5.839228730115552309e-12
4.959253078575241473e-13
5.403836297347344068e-12
2.901211852486239331e-12
4.069262589296414803e-12
3.600042352601962270e-12
4.058864145257973383e-12
9.657007945559340954e-12
3.523873162583193263e-12
9.584353974768409949e-12
4.228213258312391767e-12
5.816917133475133192e-12
5.222983889060156186e-12
5.500271114615300941e-12
9.199256907434652847e-13
5.808005837934442718e-12
4.565400189484645014e-12
4.055464876523824365e-12
5.177729764391593490e-12
2.195348475783961091e-12
4.092748157853575496e-12
3.640531451834797738e-12
3.600614567513300719e-12
1.425197637011710069e-12
5.061917799109777810e-12
1.754989778441813961e-12
2.942036134765779572e-12
1.642374182235289228e-12
7.029418365011025913e-12
1.047115524397677943e-12
3.466833542775502789e-12
1.516017165374230146e-13
3.441422534240376396e-12
5.693212980194787378e-12
4.206269139739564362e-12
4.011977827202478637e-12
1.964871966684674821e-14
6.041111970182902215e-12
4.504734731522420339e-12
1.640220102700544478e-12
1.682163745170423717e-12
2.367549733349790301e-12
5.705248775197762657e-12
4.455004169600598228e-13
4.088774141055931637e-12
3.846262825653779874e-12
6.318671204454777211e-12
3.120073998733771810e-12
1.850759614568514423e-12
3.805634864368212648e-12
3.720391905890396308e-12
3.232833152312119526e-13
1.080410347683392602e-11
1.630095896800129144e-14
4.014587118656529716e-12
2.542864937947515166e-12
1.076812308932564550e-11
3.540227734288573920e-12
1.028048730461562905e-12
2.454837799208062624e-12
4.657354417007151116e-12
1.471762939160383589e-12
1.852681373638386924e-12
1.251832988487296037e-12
4.176586316082665009e-12
4.400356926393842029e-12
3.160350041858403722e-12
2.951940409252101858e-12
3.903918815447390643e-12
3.595372190991067618e-12
7.421122224210297787e-14
1.585253357221887393e-12
3.973773446625446325e-12
4.377528050773620580e-12
1.207960234821774333e-12
3.504909651662276447e-12
1.632917180050481343e-12
4.264913972668295510e-12
7.651453757176906388e-12
3.523948790691136637e-12
3.144550890256500705e-12
3.512654370970565829e-12
3.643619033735873049e-12
7.587297985544908985e-13
1.039726745321062150e-12
4.410397917795444558e-12
7.714903972881749027e-14
2.254099966321113419e-12
1.686902691944319402e-12
2.101163553647058642e-12
3.612317578980317896e-12
4.382640213473273023e-12
3.033081736413884421e-12
7.464860756442123596e-12
3.691675099817577469e-12
2.556667880922167521e-12
5.482301835295653762e-12
1.709856759972317494e-12
5.097888749282846410e-12
6.566855864616172147e-12
3.979036606381658877e-12
3.115321985283303718e-13
7.751090547177756845e-12
6.285741937758540531e-12
7.472453943740915742e-12
1.780692646987086782e-12
7.192588056292071545e-12
5.129426680509307611e-12
1.798829945670660965e-12
2.713050581021150637e-12
3.007652270785252361e-12
6.778535190365828182e-12
6.651540381464675298e-14
6.592663615735060529e-12
4.452769061236137578e-12
2.812945293691866686e-12
1.063590682242751035e-13
1.047876646712470723e-14
4.177588759058645789e-12
1.767809238911615301e-12
5.126417192412260003e-12
1.265221383436469796e-11
3.173335432665974755e-12
3.798374257810783120e-12
8.521850857654106347e-12
6.578915219018785906e-12
7.514684340974460813e-12
2.431535341097501877e-12
4.003256484658912922e-12
2.370858484684974919e-13
1.984961982598994482e-14
5.080184173347910952e-13
6.082420325117233094e-12
1.969942364822906262e-12
1.314154107926010897e-11
2.476280008255660782e-12
2.367998944715806474e-12
7.399151713584756305e-12
1.188069361012248259e-12
5.471689478294878669e-12
8.680643021676297610e-12
2.867049418030417343e-12
3.175105866908283605e-12
2.293302391452484342e-12
4.178528084779288334e-12
5.345075718266119367e-12
7.665799604284751631e-12
3.636865975307935079e-12
1.323795614177998442e-12
1.587129314208908829e-12
9.978191441510462756e-13
2.136621769244077897e-12
2.931089565103623613e-12
5.951143727776729554e-12
3.392493213917192280e-12
3.044376590121513932e-12
3.556067639488365752e-12
4.535259669525236471e-12
1.872839392077987454e-12
4.769382219346601480e-12
3.662599275144280564e-12
5.253636912774755687e-12
6.970447969841575172e-13
3.477758652627324286e-12
5.066351861160303026e-12
3.836321924927862677e-12
1.571874007302237490e-14
4.732950661818152276e-13
4.546106259703204370e-12
6.672054421364710601e-14
4.740478090265975362e-12
2.880286999376752047e-12
9.441403722354517940e-13
6.064054433431621545e-12
4.599920822986337976e-12
3.372634296860863305e-12
5.277359993646779975e-12
6.139666847770350844e-12
3.193068631759124075e-12
1.066187178856604710e-12
1.276184554518679550e-13
1.520709256079508367e-12
1.632718958863800603e-12
2.586311283113082002e-12
4.326039237528338586e-12
1.696215496803045123e-12
4.709735918880628651e-12
6.159514919465960450e-12
7.531452569994870321e-12
2.927949894672716741e-12
4.417257923662134430e-12
1.948949631502105587e-12
3.211124499717138891e-12
2.661960048700699315e-12
2.551205821553187667e-12
2.125707059704154326e-12
3.628808391757389199e-12
3.830799269838256238e-12
1.252245691053410367e-11
3.679431360634982957e-12
9.162986330371146871e-13
4.875815491260859392e-12
5.056358719407028533e-12
7.192599538232488631e-12
1.213830214718199933e-12
6.282582841956352445e-12
1.528610178234613031e-12
2.165748870570833837e-12
2.799960094451974195e-12
4.916289956302879400e-12
2.559406280471508307e-12
3.155687384976017862e-12
4.793910372006342013e-12
3.713570096666545693e-12
4.850205844544189529e-12
2.154036863949048155e-12
6.245093747269919613e-12
4.065816508359188120e-12
2.065773863227358532e-12
4.225875480248096648e-12
2.073938612525722119e-12
3.432361885091223406e-12
2.906707315312348555e-12
1.619130141852281341e-12
3.367538947534124316e-12
3.720540174717209564e-12
4.322563964658990650e-12
2.181814145825441534e-12
4.899896033414853725e-12
4.445192490932804981e-12
2.486381305010029706e-13
2.078531557418997975e-12
3.198730365680869176e-12
2.003046626516831243e-12
2.282191507545871582e-12
6.296569909071609848e-12
3.392746009141306610e-13
4.594835564645985704e-12
2.346673861901232656e-12
2.345686682804048387e-12
9.753129505130433236e-12
2.930061253936548953e-12
3.537594457290703901e-12
1.074808520161265616e-13
5.245146464614440555e-12
1.182479009652833125e-11
2.523598110694383056e-12
7.417641659777760354e-12
2.469511728774113637e-14
1.860267613372805948e-12
4.718223918311988583e-12
6.576692848252609581e-13
5.802025035784940389e-12
4.269946929370119817e-12
3.558243754601480374e-14
3.884461662353672250e-14
2.875551257550682866e-12
3.115383495108862055e-12
2.750154100007690895e-12
4.494004288322840021e-12
4.691289578625218447e-12
2.801760035323981028e-12
4.416048881340307595e-12
7.266528618329088607e-12
5.939859386425385903e-12
4.074174029889576175e-12
2.982060958713552542e-12
3.971495624541963366e-12
2.210184202432033160e-12
4.965747809301565474e-12
1.100557016512613448e-11
5.122775314289868423e-12
4.892668151464530681e-12
2.075698282110377443e-12
3.163540399221646365e-12
1.039840266400145572e-12
1.663567511995495079e-12
4.178001751388053870e-12
1.232124087855173161e-11
2.195835561832265645e-12
9.503157519116790030e-12
3.844323084573896734e-12
2.345469874522303226e-12
9.762000407485265641e-12
5.350192886736375673e-12
5.481891357955777644e-12
3.905126507398141376e-12
2.233708778288742010e-14
5.767496050743028267e-12
3.103589698579399223e-12
6.688322170719564860e-12
1.275362327698846647e-12
2.772568312633590885e-12
2.002471289456406534e-12
4.760951186447269795e-12
4.255835072150379504e-12
6.320176518053077761e-12
5.363615064352556302e-12
1.868773128609106253e-12
8.732950513758232342e-12
3.713635450247122546e-13
4.942743969812953410e-12
3.569048422191841297e-12
3.192492166667694079e-12
4.236350262449555355e-14
6.385218189661259254e-12
4.816874302962147820e-12
3.056815812845572397e-14
3.480859134309512355e-12
4.104515607117643448e-12
6.057999160264591203e-13
5.407874702729140658e-14
4.591720029129269221e-12
2.234934642276397635e-12
4.933595635803811433e-12
2.334018011357323340e-12
2.085943477065736442e-12
4.976238688419294786e-12
3.170748694545825548e-12
2.416858104670840499e-12
1.774989239863409962e-12
6.502726318564674178e-12
1.899318381151484832e-12
3.999907425736222851e-12
1.357097496511804665e-13
7.818448505837141775e-12
4.538420415589770204e-12
2.673749521096433837e-12
7.588063403090582467e-12
5.540078940821416270e-12
3.021633143560558996e-12
4.620634707889812422e-12
2.586647111337145253e-12
5.115079982220056515e-12
5.506580785695447130e-12
2.414000614498447724e-12
1.823013005431008034e-13
6.632721613075931122e-12
2.744750158423491863e-13
3.555378977375829889e-12
2.772189452760165803e-12
3.125872781543587400e-12
1.863073676640637780e-12
2.323426551941569758e-12
2.875304322750240339e-14
2.842968151385399990e-12
1.473505895028355535e-13
1.421653126565020561e-12
1.529519233437379054e-12
2.802106484575580951e-12
4.251617082677366531e-12
1.630427220980129379e-12
2.998794054971147377e-12
6.756021159137671953e-12
1.032091613572037807e-12
7.160088904956688181e-12
4.135044227071962362e-12
1.848201624916877103e-12
1.448534896000065851e-12
3.740309194541862244e-12
4.976419886457778530e-12
3.188735068553154221e-12
6.550847679197771944e-12
3.558846109934393211e-12
5.761054359095886841e-14
8.670521502375660854e-13
8.166210718344267513e-12
2.119957591480356764e-12
2.949145603397239353e-12
2.852158565422049658e-12
1.003675285193773122e-12
3.580822553103542825e-12
6.503899686701910867e-12
4.653358805969180858e-12
2.107386009881223820e-12
5.483657869978616315e-12
3.958090063393350806e-12
5.056006294957118302e-12
2.763697070102589493e-12
5.264656620178934891e-12
1.444700829622926010e-12
5.170575202293718547e-12
4.252593509724761148e-12
7.415458503934150896e-12
2.038988878973224884e-12
1.930731085542189925e-12
4.241708928879203123e-12
1.946581247760576802e-12
2.051336175936876389e-12
7.871926673290827620e-12
2.477412248661615841e-12
8.736927634741728545e-12
7.372789695279959557e-12
4.696480137049251064e-12
5.515806563568336614e-12
8.050415576209100576e-13
4.645144561183010067e-12
3.336740412198980183e-12
1.860315324123025398e-12
2.202521492299840551e-12
5.826509133632810160e-12
5.084846963520180621e-12
2.779546235723632921e-12
8.774029806717586272e-13
6.541258365799943958e-12
2.596755804976247411e-12
1.002680294023738271e-11
7.020341154330339187e-12
5.016394870327516608e-12
5.840187021428495716e-12
4.411618526632238682e-12
1.673762472786411171e-14
5.060588541410248264e-12
2.252505139338915077e-12
6.252611636260868183e-12
1.207621940062214127e-12
6.402309401605534614e-12
2.087431798019248523e-12
8.411978279949627937e-12
2.136931531730039545e-12
5.039490722714151386e-12
1.688447880998812479e-12
9.595172087545832381e-12
5.543767019158574323e-12
4.721944855530391387e-12
3.890308107814999897e-14
4.350274709455763396e-12
4.355923451280272685e-12
2.995455872368563870e-12
7.200264496568597163e-12
5.751185128029962853e-12
2.586939405433738072e-12
4.670201034674512814e-12
3.006871125678681027e-12
2.715557822770989122e-12
1.101162839837236936e-12
1.422779900981043744e-12
3.687338407103273563e-12
3.560149961738804318e-12
2.367358736250023264e-12
3.727465370178353936e-12
2.563800589358342002e-12
5.315444428298591454e-12
2.266189376771585504e-12
3.396239015121213699e-12
6.452607832202277612e-12
3.239403994461630381e-12
3.336067424941063047e-12
3.822373965408084573e-12
