3.619373128887035135e-12
4.125703661631283222e-12
1.157830178338999104e-11
4.520050550451637611e-12
2.341359011147052674e-12
6.055624548374368560e-12
5.129170452127945856e-12
6.001846215916728643e-12
2.535250346695308769e-12
1.012208527499264326e-11
2.527971689290553550e-12
6.798857003474468216e-12
1.075738370954940967e-11
9.622162599301745819e-12
9.544034422932034136e-12
9.097453616993501400e-12
4.415788345035597567e-12
8.359659190711681079e-13
5.841198964684502812e-12
4.734129695251814831e-12
4.815145505550303517e-12
2.558189040079788799e-12
5.701563610488084560e-12
7.049546477610849364e-12
5.128477368507477218e-12
4.338091784575542091e-12
3.725061481634010652e-12
4.955123836128980232e-12
5.284185404413157297e-12
6.174155402491333293e-12
7.533596019775756116e-12
3.258559771091798265e-12
1.156563272755167066e-12
1.726122441140036673e-12
5.624466250893286016e-12
6.886163616955247163e-12
1.176775065297515277e-12
7.479294212686556026e-14
7.906283965414134657e-12
2.737360240040136049e-12
7.378640314152911568e-12
7.044099431032383058e-14
4.170885613559570406e-12
1.495289293954988300e-12
6.592804661516985310e-12
nan
9.910811675551627698e-13
2.901363439617827971e-12
7.418504889497593054e-12
4.826673862834630988e-13
3.300919753826257504e-12
6.380837313784107191e-12
4.121288370902547580e-13
5.924381766259719711e-12
3.210062309727186662e-12
4.541698125372681270e-12
3.950633243794525333e-12
4.560363017292753828e-12
1.059405329176152623e-11
3.952030756016313304e-12
1.087473999713417599e-11
4.758635301312686882e-12
6.788071137411776042e-12
5.704981902117949589e-12
6.161338540469029545e-12
9.333558190559463436e-13
6.216228309735963759e-12
4.953984065591820369e-12
4.548948346604235547e-12
5.710217517280563179e-12
2.417443048833723794e-12
4.527729446790268431e-12
3.946849753950582846e-12
4.024341748234658436e-12
1.416079316216813265e-12
5.864128013867354633e-12
1.859002928490744723e-12
3.244575979287256105e-12
1.758903949946918437e-12
7.612845416062247650e-12
1.237614227928534438e-12
3.819053231393437901e-12
2.049241525137897172e-14
3.853383199811186043e-12
6.213382462045656643e-12
4.626531773922796668e-12
4.514095342664738086e-12
nan
6.627333274826570020e-12
5.168801661349610779e-12
1.727104418823817901e-12
1.799841833870194938e-12
2.603863423595201076e-12
6.526590981792690584e-12
3.208515744460500497e-13
4.579377184420714160e-12
4.305328207963471688e-12
6.916418650782646302e-12
3.444858872661715991e-12
1.956148002686500832e-12
4.262161642375419718e-12
4.037330593623716282e-12
2.551394206131403486e-13
1.192590150548195085e-11
nan
4.471192832002386475e-12
2.769565876735134042e-12
1.202754362339973099e-11
3.895537036940319506e-12
1.127390588673592626e-12
2.564258193620066191e-12
5.042194843221040732e-12
1.498414504879066729e-12
2.000730033787525482e-12
1.383289321118090529e-12
4.520412160414369258e-12
4.961813327728677938e-12
3.549445308856736414e-12
3.303858557447614744e-12
4.375320625692719675e-12
3.901338104913894831e-12
nan
1.675178015000853153e-12
4.491992131056697368e-12
4.916152815176656515e-12
1.220538511915505129e-12
3.902334365767554551e-12
1.668965457609104102e-12
4.803353457750981322e-12
8.404980795338335664e-12
3.910430255546666537e-12
3.532772985849810836e-12
3.931894071129218068e-12
4.069908695738576348e-12
7.167270484218268651e-13
1.122937031462216621e-12
4.774914638013362251e-12
nan
2.474074029708241041e-12
1.705792776859155404e-12
2.303698252954346006e-12
4.012192737852525613e-12
4.885245489010634787e-12
3.400758771728134182e-12
8.470178807805095997e-12
4.147748268700447501e-12
2.825000794422971642e-12
6.382184932693900298e-12
1.769649113386093128e-12
5.546199663312098443e-12
7.239552767390618700e-12
4.381267965226602178e-12
1.437465539878581007e-13
8.828543470364775751e-12
6.877497524471225917e-12
8.499835630995788941e-12
1.793521356051832477e-12
7.925254440028802323e-12
5.803316654318863902e-12
1.899744099199727481e-12
2.976537666994659555e-12
3.326239618944172322e-12
7.406707705175421440e-12
nan
7.263084078451982333e-12
4.821052707240086814e-12
3.113963667133624145e-12
nan
nan
4.519198091488826953e-12
1.835184615803041742e-12
5.577603205818749727e-12
1.407446556238620306e-11
3.506248461736286769e-12
4.128787993365786392e-12
9.433234408212626663e-12
7.208457258352044857e-12
8.198304940988168073e-12
2.622819789327231274e-12
4.380369208986483901e-12
1.063994000141545633e-13
nan
4.916088802711376901e-13
6.881877988672035163e-12
1.972853811583924734e-12
1.486183577824771303e-11
2.699108586671579616e-12
2.598403679449058795e-12
8.134586211512066257e-12
1.251903792030375432e-12
6.256515495055115418e-12
9.557680037368348374e-12
3.170522855592142550e-12
3.519595985162360299e-12
2.364223080613814663e-12
4.756372175202774261e-12
6.078272511566471694e-12
8.392990220314308893e-12
4.106362133839725694e-12
1.181058738114240469e-12
1.682875965204032911e-12
1.003233310464853219e-12
2.351668593881960765e-12
3.171336011979044453e-12
6.858624767775939735e-12
3.817016828245569565e-12
3.336244112429345811e-12
3.977426721230662020e-12
4.949627639529738083e-12
1.975185613677495721e-12
5.285901048900983245e-12
4.145044630586729107e-12
5.886494625688080314e-12
5.659212284367795170e-13
3.823583595845035643e-12
5.582493937005109943e-12
4.274147374913251067e-12
nan
4.151537654188532586e-13
5.099776746391284069e-12
nan
5.268373406291650083e-12
3.183217936175602517e-12
9.621373369504819226e-13
6.633150194082493663e-12
5.253781699935451667e-12
3.746699239464757260e-12
5.750804052602645449e-12
6.734182303007232488e-12
3.580966097794002615e-12
1.196370612507344288e-12
2.682416707324619608e-14
1.585540730477570772e-12
1.719086365395430239e-12
2.853737677867763882e-12
4.794242008873347296e-12
1.814635730288748465e-12
5.315334043275959919e-12
7.096445601788887938e-12
8.298774108753491544e-12
3.269405508234537083e-12
4.903654190241636428e-12
2.043403785184316480e-12
3.624961995271970801e-12
2.942927685550125815e-12
2.720589025871235720e-12
2.199576902241308506e-12
3.974284808544698431e-12
4.249168377436040875e-12
1.393001734347563163e-11
3.991636624911319831e-12
9.181172692902430158e-13
5.550102560481341864e-12
5.744804671523901703e-12
7.919156539982162197e-12
1.256966471025801083e-12
6.873165489602646371e-12
1.601585647142416885e-12
2.378111185590433089e-12
3.003028386649256712e-12
5.608518243896333433e-12
2.708358690194500085e-12
3.488746731917943482e-12
5.433262342540815177e-12
4.133239987617547958e-12
5.392791369173987688e-12
2.158504740198973663e-12
6.836950968183299913e-12
4.510357365452561289e-12
2.122410319968561466e-12
4.740356205973283689e-12
2.266955693372250286e-12
3.842266379467929920e-12
3.247729894379273284e-12
1.695970587106658279e-12
3.730967549557560158e-12
4.038122847564497744e-12
4.756042322376766856e-12
2.320135725007641932e-12
5.475931797086123715e-12
4.870718554677678537e-12
1.045473726275505378e-13
2.267088423420681268e-12
3.512708791318390098e-12
2.140483895067119739e-12
2.406414408787372451e-12
6.717769601965517382e-12
1.834889814987659120e-13
5.059415170421921144e-12
2.566713773978256888e-12
2.517311477616138368e-12
1.066926977681291950e-11
3.270019660344699369e-12
3.963250799666074455e-12
6.420882911507419896e-15
5.751876209998232383e-12
1.310980631178230424e-11
2.728852168319930169e-12
8.105670402298108037e-12
nan
1.842043367719962451e-12
5.356008941985173723e-12
7.276470520551514848e-13
6.722963832518709522e-12
4.810994190158478391e-12
nan
nan
3.211553433516365972e-12
3.380678046433774140e-12
3.028625038673071510e-12
4.862566206792094491e-12
5.086854333085489702e-12
3.130318226817794140e-12
4.910628880064142897e-12
7.931309468041718880e-12
6.399767065169713535e-12
4.525157840218787213e-12
3.337392237180037672e-12
4.301129902171735449e-12
2.319251506452527680e-12
5.502142004701378111e-12
1.222386923897112826e-11
5.561219613694797554e-12
5.311046331542650862e-12
2.133683003194638135e-12
3.516428003498115154e-12
1.075876312332356125e-12
1.675599964267057947e-12
4.628426230986397920e-12
1.365986351314283033e-11
2.301239931172489943e-12
1.053123882646534399e-11
4.169827041979957005e-12
2.580008963753318615e-12
1.067277208852942624e-11
5.831271166670642140e-12
6.283347915746859081e-12
4.330181711876737798e-12
nan
6.291677294728355098e-12
3.462360419117091932e-12
7.632695210492519939e-12
1.166751734084598559e-12
2.976692862760298096e-12
2.192832111620382746e-12
5.448988714221365533e-12
4.603511747901720910e-12
6.914146705070073198e-12
6.233973569664825187e-12
1.965812695520098476e-12
9.514326190917977875e-12
3.322104343545109255e-13
5.370841832567307148e-12
4.005180893475988764e-12
3.536311115821556816e-12
nan
6.977281084004359121e-12
5.409292729914613056e-12
nan
3.881998549661026181e-12
4.586094070129959835e-12
7.168365638866765496e-13
nan
5.086111025273709753e-12
2.429026006303873487e-12
5.353509609927082224e-12
2.496097410054665446e-12
2.076157278397990054e-12
5.399857434499340239e-12
3.559720602180284562e-12
2.667158008917601311e-12
1.869241020941966224e-12
7.136832762570131803e-12
1.927460232606436336e-12
4.436348225570008988e-12
1.392828671168879773e-14
8.631622147963705453e-12
5.158869442809469078e-12
2.975112129388871542e-12
8.278743678143008874e-12
6.343089756763933460e-12
3.359178409302321421e-12
5.043025038189231820e-12
2.758959129603242024e-12
5.617819629748875979e-12
6.000949665752136105e-12
2.640217004119979147e-12
7.061259441297966635e-14
7.309948367769832611e-12
1.348313850674715018e-13
3.857478348916243243e-12
3.148478392422585559e-12
3.532394347960440942e-12
1.932639422370051746e-12
2.543221641596587627e-12
nan
3.175237726792777873e-12
4.357352731594505295e-14
1.432614810687635608e-12
1.546741883496463415e-12
3.045623646837275926e-12
4.762871884032469938e-12
1.733340499424926155e-12
3.304101076092936862e-12
7.640888694286716648e-12
1.094113058687808921e-12
7.882418310872807383e-12
4.474927079412579756e-12
1.947533082149018749e-12
1.470973551556489937e-12
4.128697361451201282e-12
5.399981029533261529e-12
3.575865586739947504e-12
7.170147272714977918e-12
3.967741536384130823e-12
nan
8.713038126395012161e-13
8.844257546230766473e-12
2.331453553837276479e-12
3.257548096867954223e-12
3.094705947810399536e-12
1.054248146505758688e-12
3.999730197040126510e-12
7.511957148745642602e-12
5.279868882420617439e-12
2.234951555402964401e-12
6.408042342002594453e-12
4.444852913559426163e-12
5.491272238574703875e-12
3.035799462472679757e-12
6.033784584139632870e-12
1.462462080769197028e-12
5.754094483017395106e-12
4.603999389517604405e-12
8.085104337972536246e-12
2.242667171747298195e-12
2.094650279023786489e-12
4.785887531268697498e-12
1.965345888367917592e-12
2.253044204546848513e-12
8.692690274697058780e-12
2.710400306306444795e-12
9.479490375140953358e-12
8.031761614346356611e-12
5.295918884735700202e-12
6.430433791954082710e-12
8.574261686254263396e-13
5.174530388132234162e-12
3.747201625886395270e-12
1.866895732131646307e-12
2.299072506206673840e-12
6.461194097525336324e-12
5.532383867117054101e-12
3.074909042058601767e-12
8.814743354946269832e-13
7.167050066381469775e-12
2.813741021037410532e-12
1.112544012475379419e-11
7.599685659900092800e-12
5.442274038077009269e-12
6.380814881931427129e-12
4.902366620289931721e-12
nan
5.642664302197666385e-12
2.492028952763687202e-12
7.251920852395170679e-12
1.246553651845806343e-12
7.447030741936322749e-12
2.304898258598265599e-12
9.546440960475997702e-12
2.264294940037789575e-12
5.458051241317080331e-12
1.661312107470364156e-12
1.062904502378412870e-11
6.039400165453899113e-12
5.231410630175583647e-12
nan
4.940294647250639056e-12
4.898284813058293152e-12
3.349342560890920662e-12
8.124315007542465269e-12
6.291342335406206209e-12
2.771599072515063304e-12
5.186145908986482224e-12
3.324113746678339326e-12
3.020008997224784408e-12
1.097019494293103258e-12
1.424251705991068124e-12
3.938339126263669300e-12
3.989686200200083564e-12
2.600153040890812168e-12
4.170146684596509276e-12
2.758665557647182833e-12
5.795117733422198252e-12
2.472301724921564116e-12
3.801038013566789342e-12
7.345984361449563684e-12
3.592431853608384509e-12
3.722715492679297232e-12
4.293864993209301657e-12
