2.869927723226617632e-12
3.675644087186348514e-12
9.691292814124718841e-12
3.495723795203875688e-12
1.915003914634457232e-12
5.123662043643337492e-12
4.036673332125539285e-12
4.875665009194090199e-12
2.000256240048732542e-12
8.375601056139321355e-12
2.145278447661170079e-12
5.494882121111613896e-12
9.168992499329940810e-12
7.710778139432580397e-12
8.202434356568265928e-12
7.489075825880089724e-12
3.593048841889815258e-12
3.898394922836033446e-13
4.721893847549061006e-12
3.690620344784295931e-12
4.113215795866594751e-12
2.342443748105085128e-12
4.944279014353527421e-12
5.715688181360928044e-12
4.035955744696973033e-12
3.822923493301453062e-12
3.060892755209926273e-12
3.881963341694842972e-12
4.388418560131715640e-12
4.944793319631370711e-12
6.524753793393697616e-12
2.838868645049671413e-12
8.908477513540672981e-13
1.485776977674348861e-12
4.649717484344824835e-12
5.638174931972203613e-12
8.310510679750085963e-13
nan
6.411779279244716041e-12
2.486837672285552096e-12
5.906902863918537041e-12
nan
3.193377168202629034e-12
1.203656298885919211e-12
5.348057544937243820e-12
nan
6.917118408316072809e-13
2.209527011012752754e-12
6.188216387711914136e-12
6.597053735308860639e-14
2.904311663903358278e-12
5.133744930977680786e-12
1.028761687277723953e-14
4.760567876932611944e-12
2.587649510275058541e-12
3.945492349143697346e-12
3.271978103211425808e-12
3.573982333604882247e-12
8.677593282623826697e-12
3.439368976648224750e-12
9.578526884294827598e-12
3.812475573035743513e-12
5.840257000574306371e-12
4.540345852099674153e-12
5.481028203204869977e-12
5.456068966272511878e-13
5.386525016157376270e-12
3.883369439892222407e-12
3.874521307553984886e-12
5.076751858755413564e-12
1.813893747012330461e-12
3.719760264630875061e-12
3.000067675236688796e-12
3.207173564151806973e-12
1.108677656469640421e-12
5.041097542713104053e-12
1.474418091098295238e-12
2.447452519289257214e-12
1.286378537639298933e-12
6.371318401764737979e-12
9.171690581366667809e-13
2.927806292208472898e-12
nan
3.412340755356776014e-12
4.982736591414998462e-12
4.112738430376814540e-12
3.925588463721424625e-12
nan
5.864918911838662833e-12
4.202626568562761604e-12
1.402922775870315204e-12
1.413277432768864097e-12
2.304779437809689755e-12
5.511627782106879692e-12
2.231571210186320614e-14
4.060612154038864064e-12
3.368254840425940055e-12
5.606428637662865717e-12
2.719243307779726880e-12
1.515923018004141776e-12
3.606125449004244484e-12
3.080483933507107163e-12
nan
1.000599079999306945e-11
nan
3.957903225587358589e-12
2.365553796240645390e-12
1.034246346812786862e-11
3.322663507361506687e-12
7.994572528340212845e-13
2.291339425242122672e-12
3.963475600799574949e-12
1.208261713891962735e-12
1.436788183384322820e-12
1.082067454476827284e-12
3.495336024965426087e-12
4.395931876904465122e-12
3.095993144487727992e-12
2.881613924516301412e-12
3.515935022933688710e-12
2.960876483719938277e-12
nan
1.286762871472412048e-12
3.494819841497287861e-12
4.360014108354974998e-12
9.049059342426502983e-13
3.157503995860856991e-12
1.396147662772133664e-12
4.154427907402176869e-12
6.939587714772899070e-12
3.138281622806655442e-12
2.990744524984254108e-12
3.437653951982030020e-12
3.227202124573804718e-12
9.101816611946036425e-14
8.964785547891602718e-13
3.728620565732020271e-12
nan
2.151780520347051545e-12
1.496258193156929167e-12
1.749273581724684667e-12
3.164976319056995690e-12
4.136193950212720952e-12
2.991132774709012951e-12
7.146649510476495056e-12
3.533100356020870934e-12
2.518195885253520398e-12
5.497825305217011486e-12
1.505014570109854915e-12
4.650576829524056703e-12
5.999323232427148668e-12
3.865969498365428959e-12
nan
7.355684741643937301e-12
5.569977717913811840e-12
7.468394596960654164e-12
1.556280450003339182e-12
6.481556908453585051e-12
5.165043124181695987e-12
1.475693641798828184e-12
2.307497271011206702e-12
2.580840044839011915e-12
6.208981675696033532e-12
nan
5.886311564600652510e-12
3.766085040001716607e-12
2.832362789687082355e-12
nan
nan
3.496463037667261699e-12
1.532463572895097324e-12
4.422219886700132552e-12
1.179319563763531570e-11
2.969025209011129472e-12
3.150093384033445488e-12
7.776890911068377468e-12
5.874349029865144106e-12
6.809036848946994267e-12
2.162711009702131815e-12
3.726488703960595970e-12
nan
nan
5.767450359956028780e-14
5.856697164614712937e-12
1.771390393021877712e-12
1.284066243252433992e-11
2.148022696466716909e-12
1.935927227262633643e-12
7.032452248208602326e-12
9.006584414690133440e-13
5.298799322788255977e-12
7.947010044242306060e-12
2.504190564108641298e-12
2.922988402577060331e-12
2.117561208733849104e-12
4.209743134027887555e-12
5.097205501753493323e-12
7.395471107561978147e-12
3.654063062252000138e-12
8.814278004853253575e-13
1.209192270113103093e-12
7.263410243268154354e-13
2.069072877588730219e-12
2.650126820191916080e-12
5.610398588978506178e-12
3.147901299754113585e-12
2.786495999226902383e-12
3.491480230689345538e-12
4.233739113255569697e-12
1.531883861741701904e-12
4.496578340795817201e-12
3.688877181802324124e-12
4.994843828057486470e-12
4.578917359696878960e-14
3.168411290855903817e-12
4.228209875755918016e-12
3.702218352932063060e-12
nan
nan
4.492614298453147856e-12
nan
4.675285898850901958e-12
2.620414498870537695e-12
5.871664065500722442e-13
5.353656534013600982e-12
4.352766342604753852e-12
3.313668734513374364e-12
4.573214667223483949e-12
5.534666442828326170e-12
2.955292291324423245e-12
8.311297557293786358e-13
nan
1.206640444377655248e-12
1.416916785064573025e-12
2.546360188835725209e-12
4.273243221909174128e-12
1.362467427447477261e-12
4.328028745653128493e-12
6.193703423310375871e-12
6.812903850933182093e-12
2.915614225835310599e-12
4.342635718380443647e-12
1.646947812890428557e-12
2.073580125748634206e-12
2.631626136542741154e-12
2.152866175108388637e-12
1.893781382531723452e-12
3.297793648426907971e-12
3.527734807455469231e-12
1.166845352585433706e-11
3.038197761297534692e-12
5.402111918371981073e-13
4.443833269545966790e-12
4.675099122556370379e-12
6.481110827383898689e-12
8.226397170065553566e-13
5.569424681365199832e-12
1.093935495215845335e-12
2.110265399587809018e-12
2.449231791956314661e-12
4.910591866800511445e-12
2.425621209779212943e-12
2.725369495086862849e-12
4.604413912597022877e-12
3.579160753471200733e-12
4.126095104622563100e-12
1.952716444766019273e-12
5.537027431974475130e-12
3.841170515462479280e-12
1.801573895551497181e-12
3.803294471883210313e-12
1.689939407540583738e-12
3.246776210670756173e-12
2.833307452474391565e-12
1.328284601399067863e-12
3.260244667797339884e-12
3.080443295766839839e-12
3.918396456946380375e-12
1.884217795595598639e-12
4.875123438987477432e-12
4.113654066103337556e-12
nan
1.706341128271141087e-12
2.929025346511606320e-12
1.651608133609064176e-12
2.025115550123492667e-12
5.317107772716701283e-12
nan
4.346792381834400943e-12
1.958353121837727916e-12
2.096235893255379734e-12
9.021610483972818913e-12
2.846334594178164191e-12
3.513800908462795532e-12
nan
4.573327060689792962e-12
1.102580801518863054e-11
2.126841183621441521e-12
6.700201258056547699e-12
nan
1.650781843646739358e-12
4.737071174909985544e-12
3.457759579104484596e-13
5.674617903372915288e-12
4.093840098036910484e-12
nan
nan
2.892373624308657748e-12
2.795850914348448340e-12
2.210684057454850102e-12
3.805333976677553559e-12
3.998912055664070316e-12
2.803787982377488733e-12
4.300531577270186441e-12
6.966970947165132378e-12
5.598895947167243643e-12
3.884204144783761012e-12
2.929309272660509621e-12
3.305499453485905594e-12
1.961969850144476589e-12
4.890740333208052235e-12
1.019265705851706823e-11
4.690788805295244515e-12
4.194461930225959273e-12
1.848857731300802100e-12
2.794480516916661326e-12
7.720436427174497811e-13
1.430990237420108287e-12
3.840511104013772742e-12
1.149944352224362108e-11
1.880998802143121041e-12
8.729911557803238190e-12
3.192566468362617928e-12
2.297934354445961871e-12
9.022488252199870742e-12
4.647228406047539335e-12
5.024169048447569645e-12
3.573895094559616094e-12
nan
5.060020009285939332e-12
2.990013610490369715e-12
6.424649665449848749e-12
9.066595653664601634e-13
2.432362883755650633e-12
1.761938225040525234e-12
4.522086713719424056e-12
3.574443059037008381e-12
5.603579441005512997e-12
5.388191834941003417e-12
1.579342145764930626e-12
8.008001655340806281e-12
9.699297008940945122e-14
4.650266227730213794e-12
3.369533955298297346e-12
2.716702203949572535e-12
nan
5.680610062829667422e-12
4.790637177591971113e-12
nan
3.449028988253903757e-12
3.983661636628474497e-12
2.774682298250236398e-13
nan
3.997755167975482641e-12
1.891195067662827837e-12
4.231133055082319771e-12
2.031382612120509555e-12
1.894321697133244556e-12
4.277737762506921405e-12
3.112631296742427623e-12
2.465452998029462593e-12
1.476028759377125823e-12
5.792930400392229280e-12
1.686047053400461731e-12
3.859984358088438565e-12
nan
7.101222561153049638e-12
4.411840315378133430e-12
2.685347013375515299e-12
6.872381941970203738e-12
5.158908498488588973e-12
2.749612583035115649e-12
3.961688644955619862e-12
2.171405164376275818e-12
4.462709421184774167e-12
4.803983507774371991e-12
1.987572008496005317e-12
nan
6.482171632284501202e-12
nan
2.927413338135425618e-12
2.792837300477095501e-12
2.916508425478476687e-12
1.598349895536119312e-12
1.870999183502705771e-12
nan
2.830266164189883565e-12
nan
9.555175384714514773e-13
1.239566012016807230e-12
2.374030073089131375e-12
4.125649955293189189e-12
1.341159794426853051e-12
2.522546275956608792e-12
6.517130171664925526e-12
8.071733984949980147e-13
6.438954570738609396e-12
3.458132526219492598e-12
1.514560908715052427e-12
1.111753542578644206e-12
3.150759241765963239e-12
4.275254932233824107e-12
3.133641656025855775e-12
5.834507013420290370e-12
3.192093928837733761e-12
nan
4.584882105760004895e-13
7.449129462292056446e-12
1.711665888480069646e-12
2.598404637694209493e-12
2.452668452345942179e-12
7.411276991438485564e-13
3.520918907893931682e-12
6.005215984590224415e-12
4.338081311121873458e-12
1.835492910423192580e-12
5.611425593199267886e-12
3.839806026920688443e-12
4.345724627207291509e-12
2.186400858822550227e-12
5.097702120698892240e-12
1.105073269567728948e-12
4.804577696396158244e-12
3.573622717909668132e-12
6.675764601640125530e-12
1.755230867995403760e-12
1.548686886853179454e-12
4.266656651528674203e-12
1.742695076541753005e-12
1.729045367929014095e-12
7.144011172866144874e-12
2.352853812002538301e-12
8.009134188016480404e-12
6.835105294821241154e-12
4.467793591335745492e-12
5.463422408815836040e-12
2.724727183090219108e-13
4.530042754187999209e-12
3.260214625768141549e-12
1.661105679731694949e-12
1.933265577791139800e-12
5.203409801980473370e-12
4.383569326568680263e-12
2.803881547289047667e-12
4.759937322524265877e-13
5.832070436500886240e-12
2.158405401488112118e-12
9.239065244097830671e-12
6.596384897938141465e-12
4.309941510791458218e-12
5.136242958919209473e-12
4.323623121404351188e-12
nan
5.036507979580863987e-12
2.206784464847744732e-12
6.417686973748362401e-12
9.285586855000134761e-13
6.454240478380139927e-12
1.955215004188568946e-12
8.049574757918812369e-12
1.840667616200207391e-12
4.646115130343411073e-12
1.455879127697893140e-12
8.815251493601202688e-12
4.842892052595192888e-12
4.458561381393688428e-12
nan
3.844312293994804785e-12
4.231526240248427637e-12
2.919165984478095234e-12
6.788873953174753309e-12
5.061280450468714821e-12
2.284512222024512993e-12
4.114996625177826672e-12
2.521091270383740517e-12
2.681925248813817093e-12
8.441478464356118588e-13
1.145819623748025635e-12
3.037835182283837788e-12
3.037486986051768400e-12
2.324313021925309026e-12
3.263075582083401370e-12
2.318192440996809543e-12
4.607502385485851228e-12
1.848608579665420350e-12
3.351713944971527779e-12
6.092082718300544247e-12
2.856400724842904185e-12
2.876544739999192216e-12
3.401375666846509904e-12
