3.184718561767289798e-12
3.535093788007590619e-12
1.012167814876328813e-11
3.994786346094749565e-12
2.368402976492369117e-12
5.227889728343061042e-12
4.536552263717853194e-12
5.154477601529534796e-12
2.444499650351292190e-12
8.871735754347560618e-12
2.283056662735478549e-12
5.993507488665909598e-12
9.335461895670699215e-12
8.194504425334300117e-12
8.182240934984060107e-12
7.981236076264485904e-12
4.033404543365267066e-12
8.480563089902485434e-13
5.019069266440264667e-12
4.190606408743370155e-12
3.991663139827938044e-12
2.245243700478027139e-12
4.838857747325651728e-12
6.213963246895046474e-12
4.535814389435031467e-12
3.678532841594441140e-12
3.142132990036365746e-12
4.376497690722335451e-12
4.495033174997005002e-12
5.444785770962071241e-12
6.492118590436331636e-12
2.720394590978682324e-12
1.314435438465125897e-12
1.958925896911887256e-12
4.789768527362608829e-12
6.043529519689638930e-12
1.289789617412145504e-12
1.698403112827279121e-13
6.850544866544997195e-12
2.258602938175678291e-12
6.342452129475866535e-12
1.777171403293096784e-13
3.693336326303126111e-12
1.662636071023441315e-12
5.634927989067246496e-12
6.195168537637699531e-14
1.150364307961331088e-12
2.652978416454398475e-12
6.269595491470270730e-12
3.402759649429873975e-13
3.348736362289758443e-12
5.632542085505583677e-12
3.969078473525337720e-13
5.227171008970587549e-12
2.744237317236736375e-12
3.944630980149234939e-12
3.705181819752475260e-12
3.876929810757210435e-12
9.162293647511260535e-12
3.406655115342061270e-12
9.186353342813628761e-12
4.125663230176749371e-12
5.840585829269655774e-12
5.038386017256919027e-12
5.317012593348404078e-12
9.770378283697231849e-13
5.293224792520400137e-12
4.354515365998469986e-12
3.849273835266266216e-12
4.870276816853083514e-12
2.220658195624555572e-12
4.163071359810283631e-12
3.499100264611097052e-12
3.423705476364669864e-12
1.583010610187449068e-12
5.016135088201149934e-12
1.900206263266306402e-12
2.857961797701304559e-12
1.722839216584499834e-12
6.691806398735811024e-12
1.383073931608812946e-12
3.312732147943542352e-12
1.479600669718289586e-13
3.225083002778946328e-12
5.482727210765825146e-12
3.993203563467477821e-12
3.768217518987003254e-12
2.075633556479612439e-14
5.611735883325734544e-12
4.335709105293869684e-12
1.848342310566274174e-12
1.821065519867642250e-12
2.288213149014047362e-12
5.519393366635609727e-12
4.135286970975792990e-13
3.893637489854245406e-12
3.706624118573715984e-12
6.104599872333880955e-12
3.166426304209003689e-12
1.949851912304779832e-12
3.555511403100419211e-12
3.580457381070397779e-12
2.724121084943938933e-13
1.042981704615798758e-11
1.721985854816271139e-14
3.800597370010511856e-12
2.396840094791199426e-12
1.023411599840965251e-11
3.767237644345312015e-12
1.280237975829015564e-12
2.762807059077973131e-12
4.463372565057589603e-12
1.658682281565424264e-12
1.850042094851378725e-12
1.542710007594827252e-12
3.995302813332317935e-12
4.213682651351201742e-12
2.889558152826981227e-12
2.750572775420199318e-12
3.954025144713871087e-12
3.432449937158218851e-12
6.295805316154724749e-14
1.702295553494281702e-12
3.808520266426515056e-12
4.208636250598122249e-12
1.341414018856147239e-12
3.599541001547400067e-12
1.847172787342917359e-12
4.003230608485508359e-12
7.381139835134905338e-12
3.352583515076853649e-12
2.965084109613403886e-12
3.275773259135205923e-12
3.597953322849203112e-12
5.290162861897562890e-13
1.362976182513537097e-12
4.123343571144884892e-12
6.662211257326710934e-14
2.239808736322350478e-12
1.949242517676894232e-12
2.133914509739427202e-12
3.601018705435908671e-12
4.127284940784723491e-12
2.864328413140607427e-12
7.109200525999326208e-12
3.440447190725376671e-12
2.410887406791844455e-12
5.493308123790685647e-12
1.966399897551081839e-12
4.710830999035571023e-12
6.216498221944930588e-12
3.745843879914186251e-12
3.122896711622561574e-13
7.358512881195285074e-12
6.069957797170129962e-12
7.306372716166947845e-12
2.033470375626086091e-12
6.979983755009602947e-12
4.920875285278331044e-12
1.894731594823434721e-12
2.579979805823157202e-12
2.908861729930632157e-12
6.375022296764612833e-12
5.970580758186722057e-14
6.224030703982137221e-12
4.265606445868000607e-12
2.641146961825474371e-12
8.106848001847335325e-14
1.106946373699577385e-14
3.990304808189274276e-12
1.977629565894934295e-12
4.921953976193647794e-12
1.229318388469946871e-11
3.030287704360421904e-12
3.649582874024630393e-12
8.276883589956405543e-12
6.372347385722272249e-12
7.240356130531056502e-12
2.612860121360559904e-12
4.168805794737144015e-12
2.180847285118661411e-13
2.077804728858814464e-14
3.710379731907832785e-13
5.875121318780287276e-12
2.238166536800350973e-12
1.255201960308431642e-11
2.365481345460187336e-12
2.309150707510788765e-12
6.894031480221327910e-12
1.312076852528331057e-12
5.253890600728170855e-12
8.308124496763926986e-12
2.716822419552215865e-12
3.066992605193776520e-12
2.580037379130274842e-12
4.013088983764755316e-12
4.987617754741517230e-12
7.199370173456553626e-12
3.438322898379227127e-12
1.322411333055224527e-12
1.644271387721889395e-12
1.179319754126164631e-12
2.085032564037832477e-12
3.089348851507980651e-12
5.875955273822156639e-12
3.291688797374344757e-12
3.228145107012893507e-12
3.329803245127613030e-12
4.214671652365476035e-12
1.977226242855612679e-12
4.497165387274105047e-12
3.475450852258945217e-12
5.084266438993590582e-12
4.525764294881636946e-13
3.375608456037489010e-12
4.685822476772311339e-12
3.695560750381036716e-12
1.660481907844632904e-14
3.638065457802119368e-13
4.306586536538859093e-12
6.330495363588632729e-14
4.526964315779912891e-12
2.722600037269537053e-12
1.023356741780463304e-12
5.851885563201964816e-12
4.452760213167066863e-12
3.180875146854825556e-12
5.073122901282056192e-12
5.764300452039099409e-12
2.984899847951928115e-12
1.262762906140997775e-12
1.110011586531827240e-13
1.631005649183843394e-12
1.854912283424101789e-12
2.426535396148067121e-12
4.087692267359991462e-12
1.791599811302066427e-12
4.775006127985289632e-12
6.152768261721158614e-12
7.310493468398885323e-12
2.735738147251339364e-12
4.169511985263397336e-12
2.093216331843334011e-12
2.396027889248834533e-12
2.489794868001058051e-12
2.597467485568291741e-12
2.354765890841718920e-12
3.730470137524010084e-12
3.708388070008503209e-12
1.216843958585335761e-11
3.538178512052550748e-12
9.787828313822127992e-13
4.752240384946639837e-12
4.883417478023936810e-12
6.980383504427753820e-12
1.280655125591030777e-12
6.068457584530578307e-12
1.538922817521282251e-12
2.105587811502820915e-12
2.886104016326825376e-12
4.785447675509844808e-12
2.889187492588554508e-12
3.170089147154419720e-12
4.604294097715396121e-12
3.484024802443050349e-12
4.612879806883214553e-12
2.422873554214663525e-12
6.037026117922456038e-12
3.801029504280302348e-12
2.258282596285304972e-12
4.016361038168241833e-12
2.138106441100066557e-12
3.165694245893879522e-12
2.750449783900669105e-12
1.761047129870286986e-12
3.125547223434647285e-12
3.580406229958467872e-12
4.361862460222128329e-12
2.336552262646848660e-12
4.745018584591558147e-12
4.136927585737205862e-12
2.068579501381056814e-13
2.152964141300306550e-12
3.371160796934698874e-12
2.100785686109442659e-12
2.492125801864348176e-12
5.778120717056638735e-12
3.331541413366124307e-13
4.252406905212561711e-12
2.279073033888350558e-12
2.548636009972537575e-12
9.320005248181901919e-12
2.767672204718274683e-12
3.317505839516552927e-12
7.964291055493372873e-14
5.071637880665361198e-12
1.141696301831608660e-11
2.569891416447568896e-12
7.187510885512349252e-12
2.566738832327635022e-14
2.107534342951925695e-12
4.581385573849318663e-12
4.509787715115328411e-13
5.790805943092177672e-12
4.112048937097896342e-12
3.567975512797533235e-14
3.892682848096111755e-14
2.667083266004265692e-12
3.240872481292867304e-12
2.629197343255646116e-12
4.304790530634580028e-12
4.498893484106037983e-12
2.630861220920403643e-12
4.088533889607675154e-12
6.757835959537217873e-12
5.428398843979299587e-12
3.805552608754788285e-12
2.828753229206233894e-12
3.805461602540921872e-12
2.420195232461445994e-12
4.728531048463550430e-12
1.068911179969804526e-11
4.742700288106096945e-12
4.694433351373882915e-12
2.305446081475568271e-12
3.086245846901322183e-12
1.229970549761261835e-12
1.891769159012631223e-12
3.921143853085785756e-12
1.191030989600672290e-11
2.325354704434646398e-12
9.229900544748662455e-12
3.692538134034850821e-12
2.276654339078220701e-12
9.351069893507374555e-12
5.147185452279509638e-12
5.342929780290882272e-12
3.665788400303827881e-12
2.347467855494252767e-14
5.560000916689095319e-12
2.855296557252274303e-12
6.489863032098358444e-12
1.324446004178056345e-12
2.876681158107093457e-12
2.011449835904279119e-12
4.602278787230559407e-12
4.074373508781336192e-12
6.102260049413173031e-12
5.354935216547174880e-12
2.027322185841441418e-12
8.322322128566465587e-12
2.960640507920884626e-13
4.529715202970318201e-12
3.411027238550477249e-12
3.149600490126255740e-12
4.161636424569466862e-14
6.151151104272916087e-12
4.640401840385510665e-12
3.135254899725171156e-14
3.313569491499701891e-12
3.852683148885708853e-12
5.113135687281437411e-13
5.647042798137407581e-14
4.410590395870656140e-12
2.334547854899255820e-12
4.731052332120656924e-12
2.476128267148191282e-12
2.363421835845876964e-12
4.777231661231101287e-12
2.986059615489094368e-12
2.227372570193094630e-12
1.902543130342557099e-12
6.291879593711715848e-12
2.143914906336658988e-12
3.744193169369099891e-12
1.067287346145115545e-13
7.594120039335262130e-12
4.327397434119057628e-12
2.523951472737338319e-12
7.363585913337571456e-12
5.350258663808104450e-12
2.873275895008247435e-12
4.440451760210690347e-12
2.620278232183571274e-12
4.962582923571240692e-12
5.303921356145921107e-12
2.335892967722247832e-12
1.658036646046262723e-13
6.152676699193056339e-12
2.278794638108363348e-13
3.409152390171839861e-12
2.606909974873052648e-12
2.970889538619026545e-12
2.050107576096544072e-12
2.319881489226405563e-12
3.061776041182166037e-14
2.673781380394798778e-12
1.328173033251736609e-13
1.387154173214103515e-12
1.714029897364175913e-12
2.808153467085750259e-12
4.069958929124736066e-12
1.748915850626084050e-12
2.958655964283546327e-12
6.563239202061574965e-12
1.258899145261413599e-12
6.938895876176687736e-12
3.948603850299940374e-12
1.951863134973299593e-12
1.537949854340845985e-12
3.528678271238052932e-12
4.773978357904507315e-12
3.002178191904795934e-12
6.334507011554241076e-12
3.387432857720912184e-12
5.342387233500328686e-14
9.068747227998164516e-13
7.789899136831444259e-12
2.156870983041859240e-12
2.784935749620383892e-12
2.889429084734157252e-12
1.200119138699303287e-12
3.400008308558657657e-12
6.363940837639543230e-12
4.498394067430093894e-12
2.292160463143826885e-12
5.506542304753871398e-12
3.709276733334018600e-12
4.845706178919797454e-12
2.625207352556949735e-12
5.192101891232352761e-12
1.534068283474752505e-12
5.237873946070750761e-12
4.073542345082420721e-12
7.148270852034577015e-12
2.098809023476320652e-12
1.948155009073745605e-12
4.106925028949373538e-12
2.207943993061913830e-12
2.107972061659965708e-12
7.643999188493223467e-12
2.396310578288325101e-12
8.312882143973300639e-12
6.883675697928358012e-12
4.455399646697675657e-12
5.545499464776244173e-12
5.209359731978449634e-13
4.352091420972897342e-12
3.181971028458789702e-12
2.120417139118153423e-12
2.386529668041916776e-12
5.591257900650664134e-12
4.883384006921805790e-12
2.610509427919116365e-12
9.259755905680150486e-13
6.330429795689035957e-12
2.601090919979715559e-12
9.732507978039791148e-12
6.535697796757362790e-12
4.809165068368833291e-12
5.636236558630445316e-12
4.145090379455485863e-12
1.768113821217520065e-14
4.874766160011022063e-12
2.233601848990450248e-12
6.197952155122042797e-12
1.399697968876642263e-12
6.305978363658287137e-12
2.119547477334661488e-12
8.061833316497462275e-12
2.292114015650014752e-12
4.641270813320774141e-12
1.926645535296430757e-12
9.310539596490480465e-12
5.341408981163386732e-12
4.500639489749399943e-12
4.003737559436107531e-14
4.274421191352355561e-12
4.084422525818629231e-12
2.832203292659247728e-12
6.863615977050838716e-12
5.489932842164691029e-12
2.740028992596791090e-12
4.474747953176945591e-12
2.941652538796437935e-12
2.555831881574398286e-12
1.275546733385880390e-12
1.605098919472882425e-12
3.512864733842290480e-12
3.421879744131354102e-12
2.286136366491477763e-12
3.556670877027490091e-12
2.763391958024457632e-12
5.107469458583849845e-12
2.297520049346112632e-12
3.184623395282321344e-12
6.123024422041496476e-12
3.295560811463440314e-12
3.276467787400937051e-12
3.837118200997038882e-12
