4.107237360656381091e-12
4.496119816319759645e-12
1.076562115533948416e-11
3.620186086202226633e-12
2.875735768949153632e-12
6.170618800501181714e-12
4.229224041645478178e-12
5.189857059710391325e-12
3.037067119936222089e-12
9.226742049848598376e-12
2.816916028634620105e-12
5.898910953666913564e-12
1.124889722341652334e-11
8.842153222042457811e-12
9.101111555478110101e-12
8.202874147969941798e-12
5.641948310359776836e-12
5.768529939599621303e-13
5.021291234685158711e-12
3.834177153523264845e-12
4.878508667388437911e-12
2.736074653286801287e-12
5.274105597093038441e-12
6.149681985430263690e-12
4.228546607304310808e-12
4.616873773876515915e-12
3.137545682392526889e-12
4.055174478563310442e-12
5.775079280805596665e-12
5.274159252854224051e-12
7.778154680039558910e-12
3.314646323763631270e-12
1.431511356852954084e-12
2.160624856911553763e-12
4.932489550032298274e-12
6.057609001372418554e-12
1.082063368216100213e-12
nan
7.129587337813420869e-12
2.830337465761493975e-12
8.487537196639153459e-12
nan
3.270906836421115795e-12
1.707159339268025039e-12
5.733112121373095750e-12
nan
9.314862824677530190e-13
3.384196905554237395e-12
7.857507217423223218e-12
8.356368498773677083e-14
4.476305614956159176e-12
5.480887832841249368e-12
nan
5.060658615862212090e-12
3.551328311430984381e-12
4.961273569750811158e-12
5.096926527806905926e-12
3.703225215900551844e-12
9.696839720067893543e-12
3.662919743352866024e-12
1.093608198669008226e-11
5.363220139081837034e-12
6.856705403658392801e-12
4.805348179224002315e-12
5.973757078109930624e-12
8.246330955249446702e-13
5.773244772976647231e-12
4.054069249262725077e-12
4.577732076710073646e-12
5.432295927529359841e-12
2.689204334736661771e-12
5.869317101107862036e-12
3.046892321646814052e-12
3.313377544047340895e-12
1.597823928776566389e-12
5.852542407038726404e-12
2.151332602639064581e-12
3.609544978102688269e-12
2.015545363573689299e-12
6.893143966534866783e-12
1.189494835764324840e-12
2.957932515624125399e-12
nan
3.785434202131985285e-12
5.313411596874359710e-12
4.319538131675807297e-12
4.533013220608518860e-12
nan
6.304982740018008491e-12
5.036412732817873701e-12
2.095863491294876763e-12
2.050820977546946961e-12
2.790293690442333467e-12
6.790918831077455535e-12
nan
4.869063645620756336e-12
4.976695343645405199e-12
6.016518645463857765e-12
4.094795980946474579e-12
2.256925690328042557e-12
4.270291407629780253e-12
3.137345317389205981e-12
nan
1.113649405756566394e-11
nan
4.773789114412981476e-12
3.056616756756171427e-12
1.157154910804941025e-11
5.164834440169641470e-12
1.123840438586225505e-12
3.396137409682533398e-12
4.142231522048060867e-12
1.766628572382014459e-12
2.107643885036343839e-12
1.596346639421595731e-12
3.620416150275833468e-12
5.369671492507964413e-12
3.451173688941904079e-12
3.392845458593143404e-12
5.524927047108066597e-12
3.001511785830785090e-12
nan
1.937572642132488605e-12
3.620345268109281480e-12
4.672790263173760090e-12
1.411764672044471057e-12
4.929560503454811246e-12
2.071321766340766707e-12
4.882393219150217889e-12
7.556113689479151097e-12
3.228856572282009390e-12
3.046595296744910677e-12
4.044456011337431208e-12
4.659422375883476664e-12
1.827152566735504676e-13
1.174868667666212109e-12
3.875073982672484125e-12
nan
2.795072637149469727e-12
2.171588559411992215e-12
2.575535387766287849e-12
4.567975601926727783e-12
4.931908452150274631e-12
3.613639497602106047e-12
8.860102113276461869e-12
4.194139574365612142e-12
2.893186385311568935e-12
6.552379439662934397e-12
2.211748642419275983e-12
4.934122074502635007e-12
6.460933357454104497e-12
4.054364418215340047e-12
nan
9.082606155974665392e-12
5.977519013391108178e-12
9.000556547306804331e-12
2.216869787248492971e-12
7.029829065281804371e-12
5.647542742909633525e-12
2.200237363536765496e-12
3.289459813706182706e-12
3.755897002160977105e-12
6.681875935818039575e-12
nan
6.469948230299630365e-12
3.921082317599666433e-12
2.943923645690073088e-12
nan
nan
3.619398386699743535e-12
2.284728426663009866e-12
4.677699123423675723e-12
1.317449637967102266e-11
3.884492645167054348e-12
3.228821620734497059e-12
8.533247249435537123e-12
6.310030883889817907e-12
7.395313182476457158e-12
3.288167976341999727e-12
5.833026342613129858e-12
nan
nan
8.323310057653365941e-15
7.217370450060569401e-12
2.629614285160648199e-12
1.446636188120089043e-11
2.993889004427319951e-12
2.848072610524264056e-12
7.656413777713197086e-12
1.273931005061553486e-12
6.373213104741023480e-12
8.733796819068591950e-12
3.505157795083104671e-12
3.944053611109598254e-12
3.166926338189826245e-12
4.589293843428053191e-12
6.129218434742548915e-12
8.157005922238882692e-12
4.050295799732445257e-12
1.465699032548447128e-12
1.912281979454805761e-12
1.098907575999743113e-12
2.583595516654506399e-12
4.108178978550707296e-12
6.851477030237087761e-12
3.271406170563258361e-12
4.362299864901667233e-12
4.120840723559065159e-12
4.455044906302598441e-12
2.306730927877462402e-12
5.355625610247728720e-12
3.999145435982814816e-12
6.095143273720069359e-12
4.298841037899468263e-14
3.358185727457295316e-12
5.098907343272782229e-12
4.709393429084677993e-12
nan
nan
4.918722525684538113e-12
nan
5.061345410640841107e-12
3.500892636839162205e-12
8.879344664915593241e-13
5.733387944364624572e-12
5.728400456866153194e-12
4.008106632375829010e-12
4.850898092455219771e-12
5.935771543794093960e-12
3.001445033674315781e-12
1.246375332279544531e-12
nan
1.849629190738020319e-12
2.095422198034199245e-12
2.913654793043414031e-12
4.631203765866858594e-12
2.075878543638213895e-12
6.576397828917785557e-12
7.304585402664286400e-12
7.399993153468341708e-12
3.419176426967526972e-12
4.715339504513141542e-12
2.476927910636263565e-12
2.743741193248977614e-12
2.956206861052023759e-12
3.274751090782080790e-12
2.827323653812575811e-12
5.150147358804544273e-12
3.787373431120839875e-12
1.303062586463820031e-11
3.091662736899829313e-12
8.062822399816866879e-13
6.161722786277897307e-12
6.252265375456937449e-12
7.025498015135709206e-12
1.269126923250672652e-12
5.973193398410682172e-12
1.816466791087222002e-12
2.616170175114496508e-12
3.771967448738027200e-12
5.643043272413916777e-12
3.657261974192796564e-12
4.137727397724929081e-12
5.504508774344661755e-12
4.358378052085843290e-12
4.893665965188953115e-12
2.854301441204919837e-12
5.936959977376858823e-12
4.009193818652538280e-12
2.766240211676270136e-12
3.963564034203004728e-12
2.558938636307342498e-12
3.860980375603352110e-12
3.482637504398561546e-12
2.040713408573281994e-12
3.699544399307015226e-12
3.138142756143829643e-12
6.295950860415426641e-12
2.891657468872227823e-12
5.312463950335198406e-12
4.322814219488644466e-12
nan
2.585054643624479614e-12
4.622800525582593193e-12
2.514525344808790909e-12
2.911152637380533065e-12
6.269512460173173873e-12
nan
4.986090155241312314e-12
2.831897371782226804e-12
3.201209621915771898e-12
9.978963615700611991e-12
3.498387466169898414e-12
3.870477994467513887e-12
nan
4.852551874326554044e-12
1.230919899354291053e-11
3.237816666845305897e-12
7.281235095690095154e-12
nan
2.391923825266963614e-12
5.274486404852624385e-12
1.855098719001437975e-13
6.974940558446053740e-12
5.295624831159235274e-12
nan
nan
2.953112459102786928e-12
4.411689677913871713e-12
3.371617975772549300e-12
3.962629416663568087e-12
4.186863964065751177e-12
3.322408530070288922e-12
4.708932021704236747e-12
7.576375315610385496e-12
6.010110654956891631e-12
4.055121343568008108e-12
3.569155633270554055e-12
3.401133174406219508e-12
2.976861316353448601e-12
5.276862027826920997e-12
1.132961376135579351e-11
4.974259603646359989e-12
4.411073149993115080e-12
2.750532203567896606e-12
3.969770850374916021e-12
1.216544527641794926e-12
2.064137982512643518e-12
4.006920658707855947e-12
1.284030955114077777e-11
2.846179420061351239e-12
9.631244347473308310e-12
3.269843470552418792e-12
2.768709271079514286e-12
9.979671880784828945e-12
4.931318220964431582e-12
6.772862868822972558e-12
3.703535223132188473e-12
nan
5.391736555284992070e-12
3.495584858481506819e-12
8.030359919985804481e-12
1.525859432087204723e-12
3.734130795615354297e-12
2.364173763349745683e-12
5.917914712188985813e-12
3.703522833252513158e-12
6.014235485668181723e-12
6.334781526326978513e-12
2.364709775834377043e-12
8.799884806062209007e-12
nan
4.929394892844476396e-12
3.533617437128748353e-12
3.976149552792156154e-12
nan
6.095788198276013018e-12
5.161401755734281366e-12
nan
4.171845635239841003e-12
4.737965381781786878e-12
2.280072697436500478e-13
nan
4.187170802581913295e-12
2.882790933162248524e-12
4.453537474133910981e-12
3.113746379345338553e-12
2.768149518632665963e-12
4.500818982545320227e-12
3.757156027822636553e-12
2.775219143449216120e-12
2.230531806697330047e-12
6.237116407762914279e-12
2.525814716876914344e-12
4.650053463179087355e-12
nan
7.748823066234763527e-12
5.112361685090703183e-12
3.182502709381723538e-12
7.478028859150540868e-12
6.779948784922193111e-12
3.718816807535994106e-12
4.143469730669092988e-12
3.215366304555533388e-12
4.719597587848750357e-12
5.101226093985376536e-12
2.908189748643358170e-12
nan
7.057101657525153679e-12
nan
2.957898793547875972e-12
3.104129440923850502e-12
2.957759731082351489e-12
2.417925178447984465e-12
2.889311799081787276e-12
nan
3.398169462796556712e-12
nan
1.644721164506962055e-12
1.825450031734763260e-12
3.664282364887233518e-12
5.240515814730513903e-12
1.943161422437177556e-12
3.819571193858700068e-12
8.037141607897813796e-12
1.125938877010610611e-12
6.982440944930679380e-12
3.575146300075371232e-12
2.277914630829003824e-12
1.715449601675580445e-12
3.228758217780438146e-12
4.500359631421267191e-12
3.781346548682497442e-12
6.270149117468534452e-12
3.269727136438132341e-12
nan
6.748982481856575627e-13
8.156099444892346760e-12
2.557327556857940564e-12
3.621052316764846229e-12
3.739611028301987716e-12
1.037575631441100946e-12
4.264872782305732849e-12
8.012011527156077345e-12
5.809869522945842645e-12
2.817704622622160523e-12
6.484056942458116945e-12
4.540520224596863605e-12
4.591285249807545609e-12
3.229691449306901985e-12
6.167933605125019639e-12
1.712140567601197932e-12
7.633896642798807219e-12
3.704012307603563139e-12
7.233635076148680278e-12
2.465994820851797104e-12
2.221514832043679853e-12
4.587368646274047426e-12
2.553119414675490660e-12
2.478221941213208341e-12
7.792738424312880768e-12
3.018853050511800989e-12
8.798866832538716332e-12
7.432134055715804778e-12
5.352505728520738510e-12
6.515648899254010901e-12
2.889634463442037779e-13
5.006466254499498650e-12
3.971128881138727066e-12
2.360222740577646819e-12
2.955705458307625644e-12
5.569176759919204621e-12
4.633105641628105574e-12
2.933663630433329709e-12
7.119115532067662085e-13
6.271727095838457485e-12
3.303779682263184676e-12
1.022749308441404666e-11
7.149807862389166061e-12
4.542584887024469104e-12
5.480827775553227633e-12
4.808115358637992738e-12
nan
5.478841883584564791e-12
2.715344862417531142e-12
7.343167996794804937e-12
1.216434525627629838e-12
7.664281927377237951e-12
2.577558791182656839e-12
9.907235442636916299e-12
2.820269426114226148e-12
4.928787894772040858e-12
1.990006161892261887e-12
9.730926416484181222e-12
5.142923255657686299e-12
5.357890595357014468e-12
nan
5.552623126686290083e-12
4.977749545390852704e-12
3.601285441158365887e-12
8.441646756391266967e-12
5.392482482706841237e-12
3.621817533059659133e-12
4.319867037152402143e-12
3.703942076936744908e-12
3.213967769147427176e-12
1.349913813472892870e-12
1.667047000997730205e-12
3.065409987510024268e-12
3.090628870176049765e-12
2.773720075365737486e-12
3.357605040696710796e-12
3.530937426487036507e-12
4.895185563392403207e-12
2.861061290574870519e-12
3.953519285918199128e-12
7.645866646328120319e-12
4.327172928770042149e-12
4.187044663343675116e-12
5.098343498609336386e-12
