3.597223089784963717e-12
3.924247634581747405e-12
9.508552517545252988e-12
3.178483689445253859e-12
2.556695451050758888e-12
5.492112034023654806e-12
3.733599180157735765e-12
4.584751407029400867e-12
2.664753059893555991e-12
8.148777760785403890e-12
2.373765827572910464e-12
5.208129715225178616e-12
9.803230633361219967e-12
7.916725296417786160e-12
8.037498062696185718e-12
7.229903624126825028e-12
4.916087748248450931e-12
4.503462963088399330e-13
4.427649899060314709e-12
3.373002418740816446e-12
4.317627121250899605e-12
2.440142123191577755e-12
4.655506259091015105e-12
5.427972842474507457e-12
3.734795710544424013e-12
4.099487695945235579e-12
2.720949761232589157e-12
3.568745853940869124e-12
4.823288214077600962e-12
4.656108384771995010e-12
7.009467612274287386e-12
2.889171137328436508e-12
1.214945180688359342e-12
1.867448111388050956e-12
4.352527175689294914e-12
5.351238056171006690e-12
1.114512329983966748e-12
nan
6.304557669665949466e-12
2.486885610945885967e-12
7.456007174416200156e-12
nan
2.845267170269137626e-12
1.699212677353671262e-12
5.065610697689392391e-12
nan
9.144398155699271425e-13
2.957154529043325440e-12
6.738838940720503904e-12
nan
4.024869475890651472e-12
4.840208486497322163e-12
nan
4.466874515852654413e-12
2.989809704009081885e-12
4.215737285515252435e-12
4.431982223631280170e-12
3.255557076524884277e-12
8.696246620884906000e-12
3.213091923365339542e-12
9.696789961289168235e-12
4.462565339353881159e-12
6.152603378390765788e-12
4.237705198888726246e-12
5.279224686386079001e-12
7.506800247822667186e-13
5.098098533567000363e-12
3.569438057925508124e-12
4.060261019950201800e-12
4.800971774557282378e-12
2.227223266537111263e-12
5.106945693135063413e-12
2.640600767115705292e-12
2.885088876490067257e-12
1.511645375310923866e-12
5.199194727936866076e-12
1.888085194538771379e-12
3.082078830915314628e-12
1.778765558582485105e-12
6.072891119826498045e-12
1.278537539572254764e-12
2.556432342903250773e-12
nan
3.327350879593563813e-12
4.693586783577314211e-12
3.815820813730532394e-12
3.973047582239253018e-12
nan
5.581220972333349519e-12
4.458270403284919979e-12
1.910462509337003667e-12
1.808085249460883529e-12
2.468392863189475420e-12
5.840397120229512881e-12
nan
4.333365065959556613e-12
4.274893279955664945e-12
5.320475146535437602e-12
3.578086834976397912e-12
1.965027745429261329e-12
3.793251771511135982e-12
2.720768443131017716e-12
nan
9.837363661469597603e-12
nan
4.227397459529028248e-12
2.602177487331985692e-12
1.021223902774864237e-11
4.565600073462792971e-12
1.102198397659702255e-12
3.196511833405041901e-12
3.658538944206771189e-12
1.644147167264506605e-12
1.767856136824105283e-12
1.554375288841504991e-12
3.176851178600816576e-12
4.633991123313016406e-12
3.044833485267618509e-12
2.938902653677876682e-12
4.811115150392736135e-12
2.597688009985350011e-12
nan
1.714968749388738566e-12
3.176851031840998059e-12
4.126841036936759075e-12
1.215289604247835519e-12
4.276995371787515861e-12
1.879056079204618859e-12
4.345388900891141401e-12
6.669930617014422592e-12
2.800082089881534887e-12
2.640056841714882002e-12
3.571807238228040840e-12
4.044485183677605169e-12
1.578580327661059630e-13
1.195066069549155051e-12
3.414575039780074628e-12
nan
2.342664604360736515e-12
1.986455865064030116e-12
2.139214076692799738e-12
3.973123654932898474e-12
4.366208105079957213e-12
3.192979975503758625e-12
7.661454675180586803e-12
3.693443767543818011e-12
2.536634690912752677e-12
5.831570774327401595e-12
1.960069420437219860e-12
4.350516150139844136e-12
5.696969852424947035e-12
3.570176909534887361e-12
nan
7.924045956621628898e-12
5.286622150523773726e-12
8.065287102179369892e-12
1.972169302093168894e-12
6.196259270383243357e-12
4.986326725455043391e-12
1.885671019333080304e-12
2.780674665799801956e-12
3.144642141027724818e-12
5.890405482460359669e-12
nan
5.730300745952442853e-12
3.453118495751721214e-12
2.556486559606186760e-12
nan
nan
3.177975731974914669e-12
2.044620130775913328e-12
4.127259552776466530e-12
1.165580959319383792e-11
3.297583897730092403e-12
2.799078614230454401e-12
7.521854620673527679e-12
5.582118219600442674e-12
6.530121385743914180e-12
2.978719370121004905e-12
5.058001007837478372e-12
nan
nan
nan
6.414651934595086529e-12
2.378401580502431025e-12
1.282110018345438693e-11
2.511467664817673506e-12
2.399632768391162071e-12
6.765551463527632184e-12
1.173987300135622265e-12
5.785690064116162074e-12
7.707135197683870728e-12
2.943187733369385167e-12
3.413949740673327220e-12
2.925743990679690243e-12
4.054524788207546296e-12
5.574116637600034893e-12
7.184926381641683644e-12
3.565907829788324864e-12
1.341850784220317762e-12
1.679366236730950829e-12
9.663137268198469046e-13
2.234028888461681157e-12
3.679000447522536947e-12
6.158665635473087972e-12
2.845767535375187569e-12
3.890696733224079762e-12
3.670672111279979033e-12
3.936378393400029815e-12
2.012113131733721718e-12
4.739981015497454085e-12
3.531671472450235632e-12
5.393608666309235900e-12
nan
2.929672858809361650e-12
4.491356754791493883e-12
4.002480417232777652e-12
nan
nan
4.359136356176326460e-12
nan
4.504703815764189356e-12
2.968506581087748286e-12
8.128580075981556554e-13
5.067918637370921150e-12
4.786367999740665133e-12
3.534065331158768235e-12
4.278319347763826587e-12
5.242411079621997172e-12
2.597586998590137618e-12
1.112790407282828678e-12
nan
1.677841383635449378e-12
1.900402581435574352e-12
2.541798694948164844e-12
4.083309808538685551e-12
1.829046811439113747e-12
5.649998655776373859e-12
6.545595692868346673e-12
6.533709276312719093e-12
3.004813949222958180e-12
4.149902023135809423e-12
2.206134512034926779e-12
2.305955199994422647e-12
2.575427100923320977e-12
2.911876949171373199e-12
2.617406237206332001e-12
4.464127472274882188e-12
3.335504385784681645e-12
1.152589188112192064e-11
2.679527035908042343e-12
7.389760765693069276e-13
5.118812112067391490e-12
5.239183855769903950e-12
6.194693309820065300e-12
1.233591487825060420e-12
5.283048687225209066e-12
1.583047660666431861e-12
2.273130339874515068e-12
3.364325541379170831e-12
4.984722358129506758e-12
3.314714587043421689e-12
3.548369557060997379e-12
4.902847329645210774e-12
3.883354152766470400e-12
4.430858879423934098e-12
2.627758882186354785e-12
5.245097711855638246e-12
3.534355164545143815e-12
2.448282847606262671e-12
3.494941130025547820e-12
2.215833735276097455e-12
3.390118742998643718e-12
3.030123457663318647e-12
1.830219381588249921e-12
3.279259210280468281e-12
2.720891923802994157e-12
5.451029533416772937e-12
2.513372830241915272e-12
4.687677101206675988e-12
3.815641676620609837e-12
nan
2.248075605561479109e-12
4.067165971600704529e-12
2.189680887282490801e-12
2.625857679455980916e-12
5.605524026849846491e-12
nan
4.404817094461274700e-12
2.379303854600367774e-12
2.921156064275465025e-12
8.816738502299380546e-12
3.053215418214046912e-12
3.409477530671842471e-12
nan
4.278730039501529399e-12
1.088471364425944174e-11
2.849315073496982337e-12
6.424650292968967080e-12
nan
2.224531750457696051e-12
4.656327384386991308e-12
1.407642769005044492e-13
6.287019146438671532e-12
4.552035589202913593e-12
nan
nan
2.556656556117685397e-12
3.915863194555179813e-12
2.855804384534723624e-12
3.495234625329433247e-12
3.692473656122836538e-12
2.912184304997571892e-12
4.157576836808767746e-12
6.696666939694056012e-12
5.317841274118857380e-12
3.570866869545655378e-12
3.117887672303437274e-12
2.971564597838627690e-12
2.642380177126037539e-12
4.655744164112565270e-12
1.000910871045691560e-11
4.391178013886382918e-12
3.892783762938910242e-12
2.533310947497116236e-12
3.475826499124667764e-12
1.062847637033292328e-12
1.812792564821370568e-12
3.532684130598428872e-12
1.136229705068632532e-11
2.511546785767168799e-12
8.505099508186648420e-12
2.844490645275707879e-12
2.448966343897659337e-12
8.814565032213317892e-12
4.350366269701916700e-12
5.796704286191433976e-12
3.255916609675855329e-12
nan
4.768015221358250701e-12
3.066526024109526730e-12
6.881548958894663125e-12
1.244829183631624024e-12
3.348900612466047172e-12
1.999914461334246708e-12
4.971250402001068320e-12
3.255978173035877188e-12
5.321948034597274228e-12
5.649576224448032724e-12
2.101747151517934965e-12
7.766872108127674755e-12
nan
4.352171204950796640e-12
3.099129586781867588e-12
3.449169273597837096e-12
nan
5.389360322295594536e-12
4.583910762514506800e-12
nan
3.707442651364323468e-12
4.272928603712805076e-12
1.929588572508697235e-13
nan
3.691801692842238394e-12
2.533201724775494716e-12
3.934360962035551374e-12
2.737060544795537879e-12
2.521472807145128535e-12
3.976739656533631952e-12
3.346315982186887587e-12
2.440808552119314629e-12
1.990460269788656461e-12
5.504193059076509013e-12
2.304035468485691515e-12
4.156388388793267506e-12
nan
6.835033035681680051e-12
4.577214619829634764e-12
2.804088915822383651e-12
6.598300971704906666e-12
5.737862387278052370e-12
3.126062908782417456e-12
3.657924794725432107e-12
2.867130849498878201e-12
4.163782239524936862e-12
4.507599818345309150e-12
2.457233911422038520e-12
nan
6.232490752642139944e-12
nan
2.556607103879691431e-12
2.699785422551159599e-12
2.556565800390285340e-12
2.196821541702517762e-12
2.502625048168180039e-12
nan
2.973068352641650793e-12
nan
1.457195538349582889e-12
1.612600737855327222e-12
3.227352857449954532e-12
4.429275941737045646e-12
1.739749097968749781e-12
3.272264258063315881e-12
7.186444516824497417e-12
1.051987143065530470e-12
6.161287937002471373e-12
3.135628908537049394e-12
1.990536844765827586e-12
1.562089476877767806e-12
2.799627004762608842e-12
3.977580506875225951e-12
3.325763666263130011e-12
5.550848651679368039e-12
2.843750689233704595e-12
nan
5.377747959038688391e-13
7.187243633782905245e-12
2.170055751649066658e-12
3.028731224607008087e-12
3.292687173307558743e-12
9.850068734761845502e-13
3.799337519709472790e-12
6.854676780263017615e-12
4.827099135913862401e-12
2.512440387701264158e-12
5.770671480537139478e-12
4.123286242924203083e-12
4.056106051474334243e-12
2.783511313741547280e-12
5.503124844830589342e-12
1.561541214261027863e-12
6.569336374348038984e-12
3.252815629079720784e-12
6.422277099643163570e-12
2.048402505449366785e-12
1.912258695900062966e-12
4.054601087183755616e-12
2.366449310352444336e-12
2.081361801028570978e-12
6.872039002169528843e-12
2.552147784482139901e-12
7.767951079604357142e-12
6.561435078681048989e-12
4.784804786975787520e-12
5.846086169324972711e-12
2.416756663081765238e-13
4.426619540992621613e-12
3.534129856069771688e-12
2.224192909341755458e-12
2.635679052370269274e-12
4.915711646832699188e-12
4.091812526797025600e-12
2.556101086463169699e-12
5.861710479344660087e-13
5.546007577524810015e-12
2.890598398794297528e-12
9.030033085544894211e-12
6.307034665823824859e-12
4.018048505569463379e-12
4.840194906207684948e-12
4.203801011562243453e-12
nan
4.837661059402296267e-12
2.370443449531912827e-12
6.582101521698817158e-12
1.218432808631179842e-12
6.901770241024617115e-12
2.151150897715182040e-12
8.488541189337599074e-12
2.511049729074079119e-12
4.352793583062111921e-12
1.852181933520590177e-12
8.598906533243136899e-12
4.545044682274019169e-12
4.786650941578538150e-12
nan
4.768052269223281769e-12
4.463410661763250908e-12
3.131204557688253254e-12
7.264523685222049138e-12
4.765900647596636918e-12
3.402490243133770148e-12
3.815764930151545050e-12
3.254915529603784640e-12
2.835069743614248684e-12
1.139455052037979607e-12
1.552475290049492797e-12
2.719937492608145612e-12
2.678955297979796177e-12
2.464412006495214769e-12
2.929269417456075018e-12
3.206318331719878634e-12
4.315742104038728270e-12
2.498980383070867612e-12
3.515504462328021826e-12
6.526748817302567777e-12
3.731355761550422449e-12
3.591074094628182785e-12
4.353408196471649280e-12
