2.550763051204214982e+00
3.139693024182006020e+00
1.419730119401657653e+01
3.577739976617789530e+00
1.444625627876082063e+00
5.089875748136607037e+00
4.312552144965099643e+00
5.394393465725663361e+00
1.553208555159575344e+00
1.158303010275048983e+01
1.521884726993829151e+00
6.477797182782627949e+00
1.275616371602234622e+01
1.099722284592698429e+01
1.099518226984842251e+01
9.874292291195004623e+00
3.458086856272559739e+00
2.996149321456207937e-01
5.172757578525494893e+00
3.830383194310473804e+00
3.773756333121069506e+00
1.539981992304029434e+00
5.114854077542927868e+00
6.823352535703240740e+00
4.314181361262370729e+00
3.354097075746862444e+00
2.656646363759705309e+00
4.089243908614028200e+00
4.382251811711187273e+00
5.635145974161762439e+00
7.119979072033050471e+00
2.165441522420842091e+00
5.811956932971974465e-01
9.227999475952619601e-01
5.004306889185366813e+00
6.602471459372790008e+00
4.706038849248630473e-01
9.638979172077241989e-03
8.244413579376246304e+00
1.649913818869579218e+00
7.373353625928045219e+00
9.336584839356672910e-03
3.157986203952248161e+00
6.741737971764449888e-01
6.108012043690365545e+00
1.875232176066328514e-03
3.860936102440130080e-01
1.857237289713162820e+00
7.094502027172065795e+00
4.007651594687584862e-02
2.311193204018453962e+00
5.911357449838332556e+00
6.129579298704988799e-02
5.271495688938339974e+00
2.132389607717442015e+00
3.591317456736978109e+00
2.964630837493814841e+00
3.467337718834256677e+00
1.269895179429909682e+01
2.843562851643877565e+00
1.271250661928553072e+01
3.808200186919774577e+00
6.104082236199905864e+00
5.018442217726058807e+00
5.666021006056832121e+00
3.554537628438049213e-01
5.954821702931444527e+00
4.089000534683627563e+00
3.467332421199346371e+00
5.132050956981223599e+00
1.424354922819015101e+00
3.610555609007580102e+00
2.909904803947060081e+00
2.950838112133468361e+00
7.127234234208661423e-01
4.815340472473264022e+00
9.739356527975486788e-01
2.176509871593575340e+00
8.816984339706891438e-01
7.861129454319406129e+00
4.397431165354656613e-01
2.735488876130123259e+00
7.765512670326541259e-03
2.696435294232261359e+00
5.690898902372917512e+00
3.722221466240197785e+00
3.411200548932330712e+00
4.952272207337672735e-06
6.389400070438162160e+00
4.041612001811740740e+00
8.800004912766956622e-01
9.139383456985462617e-01
1.557100342505684631e+00
6.016409257345702422e+00
6.623433053969195183e-02
3.638487872751634544e+00
3.333726347216348529e+00
6.654042518821833951e+00
2.387890074661691120e+00
1.054727049119465798e+00
3.178767001610401266e+00
3.006113137074230668e+00
3.074780891336691135e-02
1.489070331596231789e+01
4.952272207337672735e-06
3.513627259969764438e+00
1.726353403482018267e+00
1.498443739089029236e+01
2.862591285197905400e+00
4.214209121058373197e-01
1.625160580973524116e+00
4.210444114005723826e+00
7.479358684919434896e-01
1.058161923106684332e+00
5.867231050284098526e-01
3.575699503196291484e+00
4.060410454135743308e+00
2.386886448201822830e+00
2.223783424058698444e+00
3.442265233631610855e+00
2.856650742043602698e+00
1.404483354932466871e-03
8.360989009098558356e-01
3.389901544457186500e+00
3.957541320797766105e+00
5.559795848981338162e-01
2.905025270782386038e+00
8.740974885769228209e-01
3.754971460684362938e+00
8.869421457208535031e+00
2.857521651298691623e+00
2.415878753235216170e+00
2.869148505712829422e+00
3.068631997567299763e+00
2.395358108061609315e-01
4.298804331298115566e-01
3.883932530095532076e+00
1.578576489358142921e-03
1.470322048394051118e+00
9.178127035429904934e-01
1.327063987006170453e+00
2.998026563593535698e+00
3.967216701027726611e+00
2.323727776528389022e+00
8.830381726258980990e+00
3.049598840483890960e+00
1.742381195075942468e+00
5.410345489109056771e+00
9.366103959944688251e-01
4.929311792879746079e+00
7.102170809016092434e+00
3.427836061098989973e+00
2.417604655264825667e-02
9.368674717729295054e+00
6.602023051012085197e+00
8.594282403066015874e+00
9.954266619050280429e-01
8.081573563095266977e+00
5.110415950531899121e+00
1.010651698150508704e+00
1.907155097161594259e+00
2.257510153983486312e+00
7.446899613195945733e+00
1.352111612504921156e-03
7.128858103281340064e+00
3.936131437988508175e+00
2.047895979472649231e+00
3.325605757522996295e-03
4.952272207337672735e-06
3.577065098060595805e+00
9.846283619579280222e-01
4.862410991590859766e+00
1.885806956036723392e+01
2.450814611346994631e+00
3.101131535726409538e+00
1.042281609951431953e+01
7.069380047591760530e+00
8.632856143156967477e+00
1.635551988010728097e+00
3.449797130317517890e+00
1.676598726651819249e-02
9.504149803625462547e-05
6.055319171076475881e-02
6.425538628196866497e+00
1.158256658157551966e+00
2.020472431131271662e+01
1.666799189925256774e+00
1.576640952300096155e+00
8.551280001247670626e+00
5.531491002865697171e-01
5.465983499237740517e+00
1.072119911813861748e+01
2.087215731882282377e+00
2.453498430033225652e+00
1.469767346444015965e+00
3.668933495036684533e+00
5.286192799857547087e+00
9.054520839824697021e+00
2.942380617434531498e+00
6.380259574082206564e-01
8.374654730195703056e-01
4.114937461937203667e-01
1.354323756145250801e+00
2.145763852332283506e+00
6.272660116921747964e+00
2.695372924570796691e+00
2.270345693855926772e+00
2.915439968203341170e+00
4.153117595757166214e+00
1.072192369430271519e+00
4.473032573095110820e+00
2.953387715195026519e+00
5.064417360289858117e+00
1.529199200330892683e-01
2.811430757575621442e+00
4.936875008538836873e+00
3.299073819034693766e+00
4.952272207337672735e-06
4.940488015678309169e-02
4.175423627418433981e+00
1.329846897316279853e-03
4.458959601509884685e+00
2.096025541932499792e+00
3.722536338510005205e-01
6.256224286793203859e+00
4.355469445246585636e+00
2.707885359594440988e+00
5.078734828409361413e+00
6.434305343469462812e+00
2.460648038332035270e+00
4.601044868198838067e-01
3.845551715622260672e-03
7.855562910435182067e-01
8.739397142598104296e-01
1.780593631107284303e+00
3.849634344129629682e+00
9.254137964485777967e-01
4.638658185316829830e+00
6.622533018100726920e+00
8.659539753895103331e+00
2.202810896896473025e+00
3.983665049384038426e+00
1.142977675151753747e+00
2.477341643379629144e+00
1.859556127009878379e+00
1.742855229832821928e+00
1.301661119634155428e+00
3.000379009393413732e+00
3.255066291286515145e+00
1.856893825826721667e+01
2.956598332943859653e+00
3.547177833645922540e-01
4.779235177363633014e+00
5.067267634081764172e+00
8.081553533668694556e+00
5.716356902990205047e-01
6.597044067962174019e+00
7.916809989443012174e-01
1.378932899921535338e+00
1.997430041837104708e+00
4.616830200271703433e+00
1.739264750603957133e+00
2.448357778404488094e+00
4.440018589913893976e+00
3.147935784376385548e+00
4.542246305296954390e+00
1.326263312048064025e+00
6.537936126376473922e+00
3.575219058455247900e+00
1.247485052043014520e+00
3.692578854381398212e+00
1.292850250322188810e+00
2.705205594648062650e+00
2.186280629542835197e+00
8.630478192313717489e-01
2.622217106305104295e+00
3.006282021750476652e+00
3.960287301686040706e+00
1.374814598988254977e+00
4.690389490931431205e+00
4.032198130136274372e+00
8.594510865927496024e-03
1.297558485961151309e+00
2.441457805822257132e+00
1.203960160502306254e+00
1.462341184519378334e+00
6.717410357698446077e+00
2.804944931235223149e-02
4.139777343061873616e+00
1.558702677449305352e+00
1.539484917808428444e+00
1.277108622215324729e+01
2.209861319261755774e+00
2.816844982102861827e+00
2.152363803899277461e-03
5.062343346180350423e+00
1.704180484003695284e+01
1.723379997766391281e+00
8.464802457033353988e+00
1.678934391680194282e-04
1.062888310757003074e+00
4.477957632514758757e+00
9.446881656628974833e-02
5.883071044539698313e+00
3.865157516537072624e+00
5.064900420939287768e-04
6.063416301235167744e-04
2.080694029661131150e+00
2.354259607019983491e+00
1.956031845110709710e+00
3.990861382836421445e+00
4.256525191667284602e+00
2.046002837125858953e+00
3.920034517401548069e+00
8.348663886608239437e+00
6.159320049091538074e+00
3.593810981737233234e+00
2.274931202764333804e+00
3.315549032286431608e+00
1.394984198568011813e+00
4.770184415034684378e+00
1.529866052965493139e+01
4.979285011832484287e+00
4.533542049092074144e+00
1.255562481077519443e+00
2.455943666762019362e+00
4.434288995746661910e-01
8.989514797691530168e-01
3.688048932135302493e+00
1.812918266996500805e+01
1.399975742050024063e+00
1.227476688615578837e+01
3.157568099198632794e+00
1.547269751112504643e+00
1.279296662846253696e+01
5.184289638012307577e+00
5.723506591324273529e+00
3.345384223849841021e+00
8.323762052206239289e-05
5.802695146933012360e+00
2.377299962800200284e+00
7.428217460767688074e+00
6.032279246839159503e-01
1.973742981212483372e+00
1.214062302905841939e+00
4.595934327412907194e+00
3.677893771933669065e+00
6.656330954335766492e+00
5.285380375000722886e+00
1.069793930362951118e+00
1.081432961819327687e+01
2.711770083393982150e-02
4.760752610842144961e+00
2.917683943174904204e+00
2.481594809482579489e+00
6.993865674184339366e-04
6.760145042613151745e+00
4.599212688127503057e+00
2.862927143891595932e-04
2.870247711828320281e+00
3.586604668541991892e+00
1.830369104936215296e-01
1.150189711334206628e-03
4.173202870630384531e+00
1.457290439166993412e+00
4.590553425536867849e+00
1.541154615781606285e+00
1.262062236276695781e+00
4.650407181174385229e+00
2.495632847527187614e+00
1.601215771414366440e+00
9.906300625049201392e-01
6.946984562442475308e+00
1.096533467068258272e+00
3.455821031925453646e+00
3.921069340954819182e-03
9.165436809750536540e+00
4.090009853481335611e+00
1.888181783485805898e+00
8.759000992177320200e+00
5.814950422245724226e+00
2.283901211835413392e+00
4.193076906814159344e+00
1.781801297283750252e+00
4.874145501068652742e+00
5.413365930872487297e+00
1.618610792383712305e+00
8.838664752138876771e-03
7.350194110150425786e+00
1.668543292978285145e-02
2.808982042032759807e+00
1.991543261485414718e+00
2.394531591193922004e+00
1.065286251278750651e+00
1.538878886691419812e+00
1.372441118492335316e-04
2.099174551960562685e+00
5.553744294024306853e-03
7.100606223166900932e-01
7.923972034342592341e-01
1.997847700986183916e+00
3.841064197113144729e+00
8.720934247922520477e-01
2.239974552734568469e+00
7.439061027121820047e+00
4.355717841295536075e-01
8.026648734638904159e+00
3.522524992223537765e+00
1.052545838285182001e+00
7.302954287678528056e-01
3.070850434035552468e+00
4.650774057643179304e+00
2.510706465702590595e+00
7.024071144776780962e+00
2.892853582535976464e+00
1.014180080727638059e-03
3.191438182778832400e-01
9.788419210872662646e+00
1.348675215547963546e+00
2.179708390776240456e+00
2.060770568349905130e+00
4.148097825916640669e-01
3.004368724705775762e+00
7.435087492299455647e+00
4.388898021684171091e+00
1.290144641098805334e+00
5.580001052760806601e+00
3.405845323871544927e+00
4.762543133497419312e+00
1.959265743002844395e+00
5.067107353581884688e+00
7.273958610856781082e-01
5.262176483589076526e+00
3.673693798533689048e+00
8.463195603870692807e+00
1.253046572577754425e+00
1.135516644450459856e+00
3.764869559800489540e+00
1.137718459400670845e+00
1.270371128134131666e+00
9.253190198501130226e+00
1.660424496491019752e+00
1.082090412442254745e+01
8.485317018887002405e+00
4.408510400638469662e+00
5.464543597649120343e+00
2.304077424966724519e-01
4.249892609856626535e+00
2.682679895785448299e+00
1.062931303357864232e+00
1.388768655147807340e+00
5.909271570526239081e+00
4.806123977790716317e+00
2.004901106899233287e+00
3.260371669557664553e-01
7.009072602216678938e+00
1.788046348938438612e+00
1.330306056375055235e+01
7.899928665920985082e+00
4.706987675337570565e+00
5.912597066585567163e+00
3.908639659025733071e+00
4.952272207337672735e-06
4.923472197925612193e+00
1.469131397065074562e+00
6.869376043433828016e+00
5.559788541306301957e-01
6.993784728426409636e+00
1.307425188694937512e+00
1.057369508376504186e+01
1.321883742643461979e+00
4.856360561745416859e+00
9.192520402330731644e-01
1.245263644940131087e+01
5.468293803812099618e+00
4.330299376922007504e+00
4.664865693235489223e-04
4.017136877530830041e+00
3.885651560224417267e+00
2.283348059233579086e+00
8.289330291546601615e+00
5.790710124362824729e+00
1.794018924462471354e+00
4.283941167869923738e+00
2.253335854106365943e+00
1.933734133960307133e+00
4.899887830519570886e-01
7.109265718756510033e-01
3.005813184525578663e+00
2.834935673641941989e+00
1.564077743633214945e+00
3.056524633838768601e+00
1.772846417022164278e+00
5.133799751874193795e+00
1.491150987796286964e+00
2.769814396130865219e+00
7.030644034284907917e+00
2.556779172715769377e+00
2.646802041716935783e+00
3.300863769438751483e+00
2.812619643816067327e+00
2.799636078251129589e+00
1.777259764173088641e+01
1.212681695713806462e+00
1.154613455165822478e+00
1.033208432647563679e+00
1.182635621497254164e+01
3.718127497267820658e+00
3.437244731191908986e+00
5.691473403641881035e+00
2.520505466107019643e+00
2.322577429643865266e+00
3.935183579210407956e+00
1.999556015464208983e-02
1.867875181499875969e+00
3.956324177595891833e-01
4.190221897357142566e+00
4.952272207337672735e-06
3.018672855767568386e+00
1.408867481526804299e+00
7.357032326579706627e-01
2.811108605620123435e-01
1.357201527754421733e+01
2.688843030980025084e+00
7.082697228207918139e-01
1.158797643631377028e+01
6.802633559724219126e+00
1.421819957601404782e+00
3.823619995862095333e+00
5.541317041799393550e+00
5.502091379987452680e-01
2.065066050817209398e+00
3.317930123663042519e+00
8.427613775797734297e-01
7.572682161634304316e-04
4.952272207337672735e-06
1.370599417648125673e+01
2.700583236708044232e+00
2.667698752398554696e+00
1.738976333022112408e+00
9.565561449796067262e-01
4.533365297545660866e+00
4.257558644411234106e+00
3.818753405466456918e+00
4.074461146222246199e+00
1.638916059645755263e+00
2.289475907367709340e+00
7.713710807895209243e+00
3.101648253124325016e+00
2.022845494059229310e+00
4.005512961667639926e-01
5.227225070072899271e+00
2.058756292092383866e+00
3.625856505910254324e+00
3.491560443645004064e+00
4.042287044848034583e+00
1.710846038643810729e+01
1.264182178314188264e-03
2.787528976002989101e+00
3.206473370597831440e+00
1.045069399551893152e+00
1.286002113266370817e+00
2.521462028047021242e+00
4.457433484398843904e-01
3.943023473303069348e+00
7.059189215460884625e+00
7.317182809968674206e+00
8.322696738618593493e-01
2.480202536509170663e+00
1.554243423159633597e+00
4.952272207337672735e-06
1.445157089007241602e+00
1.720913965238493271e+00
7.671307735076190681e+00
3.219848361706075120e-04
2.440331950847842712e+00
2.805334914595852602e+00
2.537470365538973551e-04
5.069133158896788061e+00
8.410555461808669753e-01
6.855632552457607831e-01
2.813611766004363801e+00
3.787748281240959969e+00
4.046351615216514097e-01
4.480455637861541440e+00
1.029587648509135145e-02
2.553971117300051663e+00
1.194061205163656503e+01
8.470167062280024695e+00
1.686317403653642577e+00
1.032979040591748721e+00
2.865023261125261289e+00
4.660602013907312324e-01
2.756682363036791050e-03
2.181835817341752026e+00
7.726559511863106522e+00
7.972467175924802252e-02
1.380544052127065102e+00
1.674418833706662824e+01
1.320777720374455511e+00
6.836800813634738461e+00
7.659930074131657385e+00
1.083450991614913583e+01
1.349657465832660774e+00
1.188735164341413464e+00
5.905712889358582629e+00
6.893439391410975947e-01
7.738538250425976983e+00
3.549987779326288173e+00
8.603240642363179091e+00
3.383731139617576072e-02
7.327383675161902588e+00
1.099323361271365940e+01
5.512886072712441354e+00
1.144043531004816483e+00
4.408909362962771361e+00
7.545470406827806988e-03
1.046685926311084103e+01
5.207351351199380751e-01
1.473673788491453784e+01
3.021506746163850288e+00
3.078275621814850371e+00
5.353128654123365138e+00
3.297856106822837363e-01
7.174477321367279892e+00
1.931297592604923841e+00
5.028228026498066328e+00
4.426442903146395658e+00
4.239465564698154942e-01
1.638817663824248427e+00
1.936856368806354478e+00
7.258201631923307667e-03
1.362462980749464370e+00
2.510339117850167945e+00
4.949947425510073471e-04
5.866842490827486323e+00
4.209055467498272307e+00
3.767812010719404636e+00
4.762408527601009745e+00
3.706557224068173784e-01
1.133811803185096068e+01
3.478758455141030215e+00
6.338131833255410186e+00
1.202354778915898023e-02
3.865810338808545410e+00
5.491832321479123147e-02
3.407843571286569784e+00
3.828683403393452700e+00
7.513651292699904394e-01
3.793505254394497150e+00
6.894682185139809905e-01
1.014179398490073769e+00
1.457173020876065550e+01
1.357157303698108164e+00
4.461577573158727716e+00
6.120993915277851194e+00
8.341699235239186550e+00
2.368814595702679604e+00
6.703289323795214472e+00
4.847062027989790245e-01
2.094293001287296008e+00
3.183326416122728375e+00
3.368558547113198465e+00
4.450033422264685790e+00
4.092067574531062846e+00
5.595129493727319936e-01
3.365637344221807048e+00
3.752101405462875405e-01
7.452396921320649792e-01
5.358519060260723776e+00
4.040350350663155510e+00
2.103920590159999104e+00
4.916885204649977581e+00
6.725323596541614712e+00
2.675582477826507599e+00
6.152448199220495795e+00
4.479248158195423990e+00
1.117829188522913952e+01
8.170689391036418670e+00
4.239937166868567031e-01
2.226260977095071425e+00
2.963338030051632099e+00
7.323008370866802785e+00
1.820465745614111785e+00
1.359718284766318286e+00
4.040916939255731144e+00
8.748857361503026286e-01
2.908481811143301510e+00
2.956384087073629097e-01
8.403894918145839554e+00
2.193671190916103519e+00
3.648049828683167739e+00
2.898546354553505289e+00
2.106191712781017245e+00
1.106587334525823607e+01
3.296378182056246331e+00
2.888130310682360654e-05
7.071368099895617654e+00
2.771563881376208016e+00
1.573649840712562309e+00
3.369030042009747206e+00
2.930094193936635147e-04
2.187634055304082281e+00
8.216477453255460972e+00
5.972117116337708254e+00
5.627042077177166313e+00
1.476165917810091877e+00
1.094521757241513704e+01
3.186100556710760756e+00
4.952272207337672735e-06
1.917646639303686226e-03
5.572331854613451346e-02
2.144025506036631334e+00
3.241381446128336563e+00
1.375565712860646661e+00
9.330795314247618544e-01
7.210481137083228909e+00
4.295669356711661280e+00
2.310673644337951860e+00
1.766866631190423087e+00
2.201946122431738040e+00
1.495909891139681314e+00
7.677896627460406576e-01
2.721172527155696130e+00
1.766085112703787319e+00
7.660095544361165132e-01
4.300070322960873881e+00
4.398328518144388966e+00
7.643719083419795446e+00
3.894438813762712837e+00
2.250255421758937287e-03
6.203072198240688451e+00
3.567909758781302454e-01
3.250142547446638552e+00
4.276787033373080082e-01
8.185406550053530239e+00
4.596213476478960835e+00
7.363063695076391468e+00
3.990261421506152040e+00
3.680953985092531244e+00
1.281864845561944577e+00
2.957472109315482989e+00
1.610621423779991179e+00
3.416649980831165667e+00
2.702321632129360829e+00
3.782412820053742575e+00
2.107910165969293814e+00
4.796362198897615059e+00
4.612822427380388057e-01
7.834939040964193246e+00
4.418124821943212766e+00
3.929389283935932342e-01
5.892475109508417574e+00
8.082904889531532078e+00
5.285954807964939661e+00
4.914515326243098947e+00
4.207736924973604631e-01
9.512665641559313601e-01
3.160741014028362272e+00
1.656684683563177263e-03
2.338563342251714694e+00
1.755522075138050253e+00
3.518599241743930683e+00
3.411481660743827415e+00
1.197040563767111720e+01
6.250062970472866297e+00
4.128531751881226938e-03
1.153089489432629478e+01
4.368045072683662156e+00
2.499496512174989249e+00
3.079624379072563034e+00
4.203237864216855524e-01
2.724016862268070049e+00
2.403199221448845790e+01
3.869462163567426671e+00
3.040186453351712559e-01
2.809926445407138207e+00
7.637836120338375778e+00
9.626578492057981107e-01
3.723731331999690308e+00
6.862167326088294272e-01
1.165094305417719411e+00
1.497034138005792769e+00
1.059750879261381895e+00
5.026115321893184884e+00
1.460913127805017098e+01
3.729425526221678555e-01
8.490789695627239952e-01
4.537620035011150854e+00
3.887237354491077657e+00
5.177794642697030048e-01
1.165770567383289169e+01
1.301427473289529679e+00
1.115584302875858302e+00
2.703823639831377523e+00
1.662705601725950944e+00
2.599916155441661658e+00
4.312340360769361780e+00
2.310374998124357759e+00
3.780063843289892755e+00
6.474987679582815403e+00
1.450349825519541369e+01
3.464585320096301491e+00
1.230601466464642302e+00
1.321098975152806609e+00
2.744415379116822429e+00
1.475342502240589937e+00
7.004614914693362060e+00
3.105446295852003935e+00
2.520364390874937133e+00
1.510573960625114065e+00
1.652295015126525213e+00
2.771711139568986404e+00
1.290633025658595834e+00
5.909494566134778637e-01
1.405163674638500337e+00
7.108266002068100775e+00
7.945412399111978496e-01
7.279498635401672857e+00
5.945008657598725321e+00
8.431577363099548306e-01
4.143585440433612099e+00
1.288648043181141212e+01
3.592906771037505997e+00
2.141131642476460595e+00
1.505967264451834930e+00
2.102472428877886212e+00
6.095365931931349124e-01
1.078280892915420175e+00
2.117615627386472354e+00
1.651934935185370490e+00
1.069574640608165694e+01
3.886981785073075901e+00
1.100662261366474226e+01
4.533906868053673378e+00
4.923684472899598319e+00
3.435236098077850686e-01
1.197901246654899587e+01
1.688689255686561808e+00
3.282539293815707637e+00
4.004704127771871569e+00
1.450706007209458637e+00
8.637416174933568058e+00
3.864584822192247970e-01
5.535339609829016183e+00
2.209182913574197826e+00
4.960077882050177855e+00
9.710261530390078555e-01
4.629050024465983348e+00
2.731765338473601368e+00
2.503746974010449211e+00
9.074056023469954102e-01
3.100821037111127776e+00
6.073769669478722655e+00
5.155785419123852797e+00
3.253874707585162174e+00
3.267572978851893684e-01
1.354319603808630923e+00
5.127943757284169735e+00
1.380165436690449887e+00
9.251961101941073906e+00
3.154862804191419734e+00
4.109813463254559096e+00
2.625208779210556731e+00
4.384575656654781994e+00
3.415157059050724975e+00
2.495597487607217779e+00
2.710574945189858642e+00
4.952272207337672735e-06
2.803188947834510003e+00
4.975415922239619704e+00
3.573198354274264243e+00
3.067534359670393229e+00
8.138795371548364077e-01
4.356891291307666059e+00
1.273158009174982341e+00
3.557439267784673342e-01
1.266881975159502405e+00
1.502307702186408633e+01
2.634567703685492646e+00
4.953838785920223309e+00
6.146889772672432528e+00
5.602758209874167505e+00
1.249766048112577188e+00
5.416788616298225278e+00
1.071987427557918648e+00
9.382140062841064498e-01
1.282692907738089749e+00
1.620504183576148560e-01
7.054999290444316173e+00
8.940031466586145115e+00
1.426935268110905985e+00
8.860902217919361945e-01
2.767887650437340419e+00
3.959434444058578846e-05
1.665037139951193845e+00
2.510776537997459812e+00
5.381774310329253908e+00
3.075406119433604424e+00
3.264966741807547201e+00
4.283538315046133249e+00
4.936669722626155554e+00
2.509239472279091387e+00
2.125312952096746422e+00
3.864593123674174291e-01
3.768533633177988840e+00
2.808340684110145258e+00
3.108998671465810770e-01
1.393502814079359808e+01
7.507373701218940987e+00
5.298290509939435289e+00
2.950160845049053293e+00
5.350413969229153466e+00
8.986682556303007274e+00
3.956698741898261762e+00
1.591513610626079434e+00
4.988298907095746415e+00
1.252034522979260345e+01
5.734150764482709661e+00
3.056958621350433170e+00
1.416102240877004093e+01
1.481972152726818148e+00
3.183063370584506835e+00
4.115492195332483560e-01
2.281585923032558583e+00
1.451943516072084428e+01
9.538508563459664913e+00
2.545971597889762350e+00
1.134139142850955295e+00
3.725501546072803039e-01
1.547060433494276133e+00
5.546867571404146879e+00
1.770805770487584363e+00
3.664089550994919176e+00
7.824168891369652767e-01
4.718866812208815986e+00
3.364532543503848228e+00
1.654031113529021851e-02
6.197640801747963835e+00
4.612077284326741022e+00
8.701066770254972660e-01
2.720110294271196189e-02
3.853818869576899786e+00
7.115272116324289797e+00
4.058357971870218961e+00
3.135523775396792168e+00
1.716691643659631561e+00
1.488059315719571174e+00
5.795562921897609243e+00
5.710885964631582823e+00
1.152289826765975134e+00
3.835097607844945244e+00
4.138136258088938035e-01
3.682658198314470610e+00
4.111887326286204347e-01
2.742477014376972111e+00
1.557293792894841822e+00
5.166455249922763393e+00
4.032144162765992079e-01
4.100813176011089745e+00
3.155173625287513439e-01
3.676534881341811278e+00
1.129792325638736372e+01
3.204426237632616914e+00
6.824226211869169667e+00
4.952272207337672735e-06
2.036631832225687333e+00
4.594167843075877222e+00
1.473336988561086258e+01
5.685937203562729358e+00
3.699565508339766495e+00
1.394471021065518679e+00
3.228856339852644641e+00
1.116763204340904814e+00
5.520468809165938850e+00
2.206406067447675312e+00
8.843314766245814695e+00
2.533924939174114321e+00
2.645899492699895550e+00
2.804159358884647624e+00
1.422510596796041193e+00
3.686708860041380906e-04
2.224097808994587755e+00
2.469133079478583515e+00
2.263860531622586603e+00
2.641494128066304015e+00
5.577607839224504538e+00
1.574707621050442416e-04
2.094777529935109239e+00
1.295937221735570244e+00
5.192386265057618022e-01
9.955561618234337828e+00
1.200081847238223975e+00
2.956374148416711645e+00
6.468725929712974221e+00
3.397529046053914259e-01
1.260409900050386112e+00
1.429438195269953082e+00
2.417866952579242223e+00
1.212897327734933750e+00
7.309636333005107289e-01
