5.734000071580582816e-12
6.524444098560612393e-12
2.251125404401560691e-11
7.363054941957681810e-12
3.914281908441429087e-12
1.026367837774881651e-11
8.548687641489318669e-12
9.919984138749907740e-12
4.073276961379990635e-12
1.882538184220076216e-11
3.899200618171332978e-12
1.187490273775237590e-11
2.017524726712596327e-11
1.734283386689409866e-11
1.744721387522316120e-11
1.646667303788299259e-11
7.331717705842888878e-12
1.208606964957462622e-12
9.552807939521866490e-12
7.845545002368729598e-12
7.542925356609600611e-12
3.894635411269710839e-12
9.456682855902247174e-12
1.239378372619352252e-11
8.550044717859768560e-12
6.806613417183565861e-12
5.783813016781881349e-12
8.193210970037392256e-12
8.510297212093330671e-12
1.062946441654825135e-11
1.312080230170210193e-11
4.925687965031670500e-12
2.138414232250066805e-12
3.058993361618914512e-12
9.230741218427118451e-12
1.188266351757349551e-11
1.982120630027679289e-12
5.408999932548940522e-14
1.366492589155028670e-11
4.144642202211120880e-12
1.269512974211733561e-11
5.506560413229975683e-14
6.820223343612512227e-12
2.490927315555647423e-12
1.092779875053057217e-11
1.871286734599974590e-14
1.738793275100164966e-12
4.601520787942888995e-12
1.241442491468136447e-11
1.903843322847408914e-13
5.959942302275988528e-12
1.105176613230976363e-11
1.688209328865187707e-13
9.939888719601768874e-12
4.993966211869246722e-12
7.263994988984342167e-12
6.624631097451196468e-12
7.082301958215848385e-12
1.972593807528183065e-11
6.351259402687388840e-12
1.995057120774396772e-11
7.656118055542939689e-12
1.136947877751812099e-11
9.626725165048431337e-12
1.029024417610231224e-11
1.587307622062136052e-12
1.066549387251195163e-11
8.151580398380966936e-12
7.314097880201621572e-12
9.582353680376502688e-12
3.802902850315878295e-12
7.741920909612161339e-12
6.352080745908092767e-12
6.273318015816185892e-12
2.424759618720487910e-12
9.786918062615608342e-12
3.027304902227701834e-12
5.167128908006908186e-12
2.827646654398987349e-12
1.329943203005800867e-11
2.043612101203927468e-12
5.885015404433146124e-12
4.350495889255112510e-14
6.140123316509371679e-12
1.073293182512678142e-11
7.665163000526127805e-12
7.311662643362646504e-12
1.016020135969574370e-14
1.109993707520136111e-11
8.557457206360744028e-12
2.927030480171039396e-12
2.924079765766273767e-12
3.962198179419154238e-12
1.066105538169686834e-11
1.510481441222633464e-13
7.256690180729909134e-12
6.984124480128776767e-12
1.216162810478136189e-11
5.569547103513260804e-12
3.156907217005213490e-12
6.696552891355657893e-12
6.598866759323299172e-12
1.387259911342453465e-13
2.339734154138024470e-11
8.974885097137780194e-15
7.088506281874658009e-12
4.295875092786879305e-12
2.291992885535583554e-11
6.735640782944132548e-12
1.904493321734211371e-12
5.092202261635116981e-12
8.457344918923269903e-12
2.559520208947241603e-12
3.133964007733967873e-12
2.360492448787741339e-12
7.497100804545847080e-12
7.918703282326670331e-12
5.443439764674274069e-12
5.025046710110716266e-12
7.369096831400940834e-12
6.212369996461762509e-12
1.783560689038497683e-14
2.756631116818265262e-12
6.981099569510776512e-12
8.079815604838639524e-12
2.141858579107235589e-12
6.445126165650727550e-12
2.875513725617777359e-12
7.584227586733855570e-12
1.500934213036625259e-11
6.135511947296984482e-12
5.526020637711888169e-12
6.083717343342836229e-12
6.566473057815168634e-12
2.346463654959591550e-13
2.020316547155328747e-12
7.803111892676182988e-12
1.856841217014458275e-14
3.832966733863441911e-12
3.073641656021712453e-12
3.637083071284448320e-12
6.465572339663538573e-12
7.877607147169195250e-12
5.293096865249113702e-12
1.494493084376332667e-11
6.470212505004485905e-12
4.298258338214825972e-12
1.087914756085250901e-11
3.158464214260804852e-12
9.239972601153902963e-12
1.230281383524534471e-11
7.184396642961745186e-12
8.535505763492243863e-14
1.555979946753255967e-11
1.212602622222367210e-11
1.531961003071646629e-11
3.294347732650135358e-12
1.428505626310740784e-11
9.731338038973496741e-12
3.082290161688056675e-12
4.642706952012806667e-12
5.272836110274388323e-12
1.269771344407398640e-11
1.659617004638677096e-14
1.239564512437677233e-11
7.997622651982213049e-12
4.893538776767516410e-12
2.583585842891228032e-14
5.769136618469211786e-15
7.389904421944710235e-12
3.161928987548202919e-12
9.428272818294393103e-12
2.923546235722944875e-11
5.521525957342890664e-12
6.751732347661079865e-12
1.761828924421961585e-11
1.282736102695325148e-11
1.472460034622253744e-11
4.394040134799234503e-12
7.752326709150555936e-12
6.963153135157764551e-14
8.003607284633397799e-15
1.692665167813938543e-13
1.174521251457511184e-11
3.775138061877820935e-12
2.960809385397062033e-11
4.198730431149442897e-12
4.051116746221588354e-12
1.422979900982085777e-11
2.132944498524150016e-12
1.029439004160043016e-11
1.755078803869286539e-11
4.978872053491691066e-12
5.580332083051013827e-12
4.491751207170171193e-12
7.858637495894918600e-12
9.886383936240108181e-12
1.510848811175574192e-11
6.617167091003851954e-12
2.248508968449080830e-12
2.724635966842900247e-12
1.815280670074879898e-12
3.636963795043120640e-12
5.447663325661362943e-12
1.177292120847909218e-11
5.977496397220174599e-12
5.693055200934185425e-12
6.252468155910487454e-12
8.153180064000352793e-12
3.214780905064894619e-12
8.800845049716119910e-12
6.716286495836454898e-12
9.902564050569372972e-12
2.803753539628368801e-13
6.187251076405480562e-12
9.320312916580282397e-12
6.865430325585974206e-12
8.700977960804124581e-15
1.719407740984140425e-13
8.597387710026324734e-12
1.682291095896534668e-14
8.903920855631212538e-12
4.958367907547303754e-12
1.669063660141012414e-12
1.164627994448896360e-11
8.516122378425692599e-12
5.909269341342794302e-12
9.793746834791446499e-12
1.137967299120590750e-11
5.546210159499700147e-12
2.019032866327465434e-12
3.295740398714142163e-14
2.659253059167972457e-12
2.943980895285273928e-12
4.362030581376725722e-12
7.876494232767289879e-12
2.933757422092190687e-12
9.041077047744021588e-12
1.245027243261565581e-11
1.514166291219341689e-11
5.038090209613932223e-12
8.160650709170085464e-12
3.383063479544324210e-12
2.179570539078374587e-12
4.468890642308709396e-12
4.420384545550151192e-12
3.992470022694989194e-12
6.761144318702182130e-12
6.857428348263240246e-12
2.890913025570571473e-11
6.557618329086636868e-12
1.574972349019055121e-12
9.128615824079827752e-12
9.346355340930103436e-12
1.433180754964067272e-11
2.137042580751617648e-12
1.216291155097567771e-11
2.610391292586344980e-12
3.687256271182736009e-12
4.998362791801037185e-12
9.506760423804725244e-12
5.458991564395702922e-12
5.650299607326464335e-12
9.095219407350796403e-12
6.528114052407745911e-12
9.113612253484321489e-12
4.192300013262026231e-12
1.208939418363513272e-11
7.351866298945438968e-12
3.719543385891054200e-12
7.532293996299873995e-12
3.625187209158023346e-12
5.976024848628363482e-12
5.031342738948139819e-12
2.864762221743297916e-12
5.826763535553009624e-12
6.637221485086850728e-12
8.404268553982309259e-12
3.892972855209746824e-12
9.248081926465247674e-12
7.954401286535955377e-12
6.784550663380726253e-14
3.641590284841194125e-12
6.083269037431373532e-12
3.494270268260683658e-12
4.345777667125096335e-12
1.171365595213559907e-11
9.869880393648970391e-14
8.372418093232959099e-12
4.036573478013902054e-12
4.380520156330462588e-12
2.030245685676424856e-11
5.075477413693261165e-12
6.399028223587840159e-12
2.357293385363709796e-14
9.755779522724971785e-12
2.641457998452635871e-11
4.406152725918354373e-12
1.475332282343644002e-11
9.342989885306450382e-15
3.447070004337677953e-12
9.017869523346807201e-12
2.462280720800597597e-13
1.149938446728659570e-11
7.813671314361469112e-12
1.163748627454767384e-14
1.098876881482703189e-14
5.021649643432735957e-12
5.739682398297533261e-12
4.799777004619791055e-12
8.122800522129053582e-12
8.621950930201385362e-12
4.834866575320898436e-12
8.208904119145296250e-12
1.396918623427425453e-11
1.094422808520212600e-11
7.411212913910320677e-12
5.188124724493370668e-12
7.152485425383314339e-12
4.112335168720884759e-12
9.251663584105639953e-12
2.448532999219128883e-11
9.381966142840842329e-12
9.034059228118499925e-12
3.904522316501812692e-12
5.635382282409924585e-12
1.936169374945938679e-12
2.981190289097227508e-12
7.449379556750853273e-12
2.807365583014787712e-11
3.859876174489130872e-12
2.031205015262687496e-11
6.906230958899908326e-12
3.982605738166180179e-12
2.037660921956384162e-11
1.002209783763059865e-11
1.042892809455264225e-11
6.927317211204909021e-12
9.584245277996433273e-15
1.101428401185180876e-11
5.361065838102344113e-12
1.315726823749794490e-11
2.214950926439871936e-12
4.966953793405576537e-12
3.465638013808359640e-12
8.885769047686842599e-12
7.721184841065542228e-12
1.229735169068127571e-11
1.077080537277984641e-11
3.260609248236723715e-12
1.779477483553100448e-11
1.542865931048931489e-13
9.068643180062310042e-12
6.376339588132711212e-12
5.677092050729805105e-12
1.192392399472523262e-14
1.226228696578650137e-11
9.190617210597227588e-12
1.043642616152970125e-14
6.196416686534774810e-12
7.330087921918461750e-12
2.587894121117210116e-13
1.384168818471426100e-14
8.280422326803494559e-12
3.969799550184223028e-12
9.135259657265216775e-12
4.170711835236222705e-12
4.065196470379233056e-12
9.184301749887824286e-12
5.574543399646558546e-12
4.063806752722326087e-12
3.095681423227147179e-12
1.275416672670294687e-11
3.635117706044381451e-12
7.069493516242325043e-12
2.770568492928915910e-14
1.542404767671310859e-11
8.641070155698299555e-12
4.617932975326293666e-12
1.521731926762421588e-11
1.045583351486740252e-11
5.315544663164932500e-12
8.322502999325533412e-12
4.530912077948755211e-12
9.508415635285831265e-12
1.039606923659677745e-11
4.174844323300135847e-12
7.257152101656702343e-14
1.258815965533530783e-11
8.841089512873652907e-14
6.210065982642564534e-12
4.815114811394963865e-12
5.538020777662443882e-12
3.388117623650665411e-12
4.061899536279807647e-12
1.299569668824564744e-14
4.966068743354890339e-12
4.298326199550241671e-14
2.439821064305914411e-12
2.603455709084305330e-12
4.970837762922775093e-12
7.767631627836844811e-12
2.877158534790056747e-12
5.343194336995407361e-12
1.353564522645720311e-11
1.937020955529946251e-12
1.433764651635230169e-11
7.338418937471135455e-12
3.194992914084859440e-12
2.541178846607337322e-12
6.554801256873253952e-12
9.176245702406644979e-12
5.633339881700760562e-12
1.286615482537929545e-11
6.283636287418143803e-12
1.509688083462906255e-14
1.388056273004122350e-12
1.615720738128803322e-11
3.715741874896414561e-12
5.148659399689165531e-12
5.088014261017988684e-12
1.857022934394350973e-12
6.397266415389164379e-12
1.281887207676633259e-11
8.633263263499401974e-12
3.820137996002080169e-12
1.104221789056141097e-11
7.077711250205501123e-12
9.384777487595287013e-12
4.802208526528534401e-12
1.037946134709976245e-11
2.534414684762756543e-12
1.039806164955787678e-11
7.747352050851904421e-12
1.467543289584514434e-11
3.551971100634143081e-12
3.355630302460879773e-12
8.024459650199614797e-12
3.716131675595004582e-12
3.579452701765875111e-12
1.599104703359902119e-11
4.254841996375868106e-12
1.757415951717491022e-11
1.422619789977484340e-11
8.630961471845640694e-12
1.092419329177067413e-11
2.907215990439503752e-13
8.803455826769171456e-12
5.961440854606037482e-12
3.494608965958951048e-12
4.007947415178690141e-12
1.096840831312315977e-11
9.436430966621459068e-12
4.903689824442126837e-12
1.434726082040577715e-12
1.281890677508247624e-11
4.556023239395967898e-12
2.182913133960195991e-11
1.351922354253645258e-11
9.267474644151712051e-12
1.124007915999953946e-11
8.329625859014388889e-12
9.379900749573818579e-15
9.599968764181547144e-12
3.887314730678690047e-12
1.279128283112499941e-11
2.148547819325176809e-12
1.309489049167653794e-11
3.642949072090186423e-12
1.736127345516684674e-11
3.850745937319031222e-12
9.156987450032306778e-12
3.071094366940707090e-12
2.064476810631546461e-11
1.050961379774675785e-11
8.768751751222008269e-12
1.380850214702394952e-14
8.222132672059154165e-12
7.890918876048462152e-12
5.294899226759635652e-12
1.413876426175280980e-11
1.080180429199614742e-11
5.090967582736025611e-12
8.437100609381952391e-12
5.352809773944608375e-12
4.688998393568918526e-12
2.075860320707079425e-12
2.505463904525364513e-12
6.423915349034504628e-12
6.193908772971064402e-12
4.035861915024227290e-12
6.589043639086202878e-12
4.873907529596847404e-12
1.000419586627382349e-11
4.010518859728662533e-12
5.975059791645183870e-12
1.247050383478452965e-11
5.887956332178454891e-12
6.044863738702613467e-12
7.186252094383948108e-12
