5.708237623110206696e-12
6.496058341006655238e-12
2.241590015596031324e-11
7.270627407331469591e-12
3.876966477758244025e-12
1.019072540381152013e-11
8.455981880820112618e-12
9.841459753594742168e-12
4.046154179107085499e-12
1.873525735986103856e-11
3.890793637495487164e-12
1.177511942835139948e-11
2.011665218931266853e-11
1.726310010079187991e-11
1.736741232498877363e-11
1.636985313588551829e-11
7.360137788326080513e-12
1.134744364776501983e-12
9.471912928062803278e-12
7.749295034093823387e-12
7.537693525876809409e-12
3.877191031343396235e-12
9.396902457256713218e-12
1.229420041795881335e-11
8.459747602938714630e-12
6.759824922011554152e-12
5.726763913012661302e-12
8.098532550206582788e-12
8.569195715961816928e-12
1.052968610859772772e-11
1.304939029571072255e-11
4.936647407564752178e-12
2.096660655360571875e-12
2.969405997480600997e-12
9.148541689251683262e-12
1.180700284298390827e-11
1.919358715821923086e-12
8.910444503100878573e-15
1.359323940065414235e-11
4.113054021172542035e-12
1.268137966829663095e-11
4.411871020284419317e-15
6.722953837471854795e-12
2.427145579092141334e-12
1.085655468906379676e-11
nan
1.661726684272675813e-12
4.590553302117965212e-12
1.239646313923105604e-11
1.299996582575773480e-13
5.900964458815154407e-12
1.095193754919647045e-11
1.177849014149210945e-13
9.858090468900929887e-12
4.996452052608363966e-12
7.218804682023848439e-12
6.572894492044277084e-12
7.016222149627676429e-12
1.964369746048996176e-11
6.285758030293113934e-12
1.990045075343338167e-11
7.606911012105536756e-12
1.132038547548521232e-11
9.528303367269058955e-12
1.020884593815485819e-11
1.529231811008442474e-12
1.061711536229615455e-11
8.066368770062584156e-12
7.289140383431549316e-12
9.499245869080666033e-12
3.787940061769013211e-12
7.745641142281908859e-12
6.256399007178964935e-12
6.190627343062900211e-12
2.352612040953758932e-12
9.692105897416918555e-12
3.002829874605432796e-12
5.148212044876507005e-12
2.806282361764293309e-12
1.322773479394032865e-11
1.978863244034064612e-12
5.806818451192246763e-12
nan
6.062909980403862746e-12
1.063295033456587449e-11
7.589978113106512067e-12
7.216593375146966709e-12
nan
1.104344740889175646e-11
8.521366956860719128e-12
2.862525352237322480e-12
2.910216346136362958e-12
3.954423468411027413e-12
1.066071783139757338e-11
9.845817827154051826e-14
7.241296371701172395e-12
6.958256180379814776e-12
1.206767979068370227e-11
5.545229062212738565e-12
3.139601836721954968e-12
6.680389391821926231e-12
6.502574317486778981e-12
7.370448881015969908e-14
2.330576959703206519e-11
nan
7.071181315252431489e-12
4.286370701517827190e-12
2.285495178747664335e-11
6.737484511681185568e-12
1.823257316723509599e-12
5.038908977112332313e-12
8.360070954119680633e-12
2.499226297999869937e-12
3.110209160924015202e-12
2.302619458188396414e-12
7.398665699958754423e-12
7.874487914278436610e-12
5.411257311260383186e-12
5.044195603349880076e-12
7.346391746962908196e-12
6.135641890584855565e-12
nan
2.732409858591053394e-12
6.926074838407527151e-12
8.028762147338405662e-12
2.095970869391007925e-12
6.457509035737164081e-12
2.799906063675504107e-12
7.551406288554560273e-12
1.494094394609371328e-11
6.041137473438051168e-12
5.447932912188991254e-12
6.082131292363220590e-12
6.580975252480653042e-12
1.729411483380402654e-13
1.948504999367471874e-12
7.716356239763943959e-12
nan
3.807394546770098206e-12
2.993512542609276222e-12
3.609588383725373774e-12
6.453301423152746145e-12
7.844947180589313516e-12
5.208328074051511393e-12
1.491656135871996917e-11
6.446961214615056518e-12
4.234964894303327040e-12
1.082355508508906939e-11
3.063761246070835724e-12
9.152946179250395587e-12
1.221243365136071532e-11
7.129393294335396952e-12
4.036063396736311146e-14
1.555294093479851445e-11
1.202627467984281460e-11
1.522223374682869495e-11
3.203229768732220808e-12
1.418577842544150287e-11
9.658364678786852966e-12
3.070271979300523245e-12
4.637710676111803871e-12
5.263360377099061394e-12
1.262474632844788246e-11
nan
1.230388784721891938e-11
7.906801028140787802e-12
4.843158560382894344e-12
nan
nan
7.301925863223075209e-12
3.113267941411037711e-12
9.330829318772510729e-12
2.913575265226127717e-11
5.494564320232005780e-12
6.672965778313115206e-12
1.751833375572019050e-11
1.272779527267371492e-11
1.464550716124077245e-11
4.343740244970331083e-12
7.741208012378686727e-12
2.188621577397946885e-14
nan
1.141871654865158298e-13
1.167841827274683841e-11
3.714152860328538122e-12
2.954220449082301115e-11
4.201599488847300611e-12
4.063738946272577958e-12
1.414189368194860243e-11
2.091829279240208972e-12
1.030087931811617592e-11
1.745829638687981929e-11
4.944816626563866129e-12
5.564132333871301003e-12
4.437453749792441465e-12
7.791654117271852459e-12
9.845166833935175420e-12
1.503080606500990024e-11
6.581845458680064660e-12
2.203730919540294604e-12
2.701129986694166358e-12
1.743648223675597135e-12
3.592278262470661264e-12
5.396658932973067842e-12
1.169167727966341666e-11
5.926638553984980415e-12
5.647697803215726225e-12
6.245412800591967426e-12
8.073939145196896751e-12
3.185249316571628938e-12
8.772112000795827128e-12
6.659375676995907020e-12
9.894027049636238352e-12
2.312374327781314276e-13
6.092515380324578294e-12
9.238482933805267446e-12
6.842501164093635182e-12
nan
1.175797138606345852e-13
8.519990409664805094e-12
nan
8.836783259136776627e-12
4.953646786288750063e-12
1.604994270675685605e-12
1.154658141567860656e-11
8.540196696176109640e-12
5.918265710761464194e-12
9.695320988243632236e-12
1.130100666385231895e-11
5.468327532318715305e-12
1.972867072777454331e-12
nan
2.617928402356101411e-12
2.889020822310090451e-12
4.310605258896475749e-12
7.788059070669436164e-12
2.917493716298236510e-12
8.946013926827071538e-12
1.238718949970920236e-11
1.504207526397466851e-11
5.063075186207003530e-12
8.085595146080401261e-12
3.358701687758048828e-12
2.171245467571999965e-12
4.453963073692175646e-12
4.431870627067559887e-12
3.933203408100546403e-12
6.741481412685669812e-12
6.794661469475347216e-12
2.880965730509045122e-11
6.460957846975586896e-12
1.511825109813035892e-12
9.186040025369417244e-12
9.406126884021303494e-12
1.423222871544919039e-11
2.073113592038322280e-12
1.206313712700338519e-11
2.578989224722529833e-12
3.650109455492166822e-12
4.987679599470148994e-12
9.414804581306284480e-12
5.390600903629581879e-12
5.639202314275350693e-12
9.074390128222153780e-12
6.532694348034602095e-12
9.042759328296806835e-12
4.113483792860717759e-12
1.198956350003325571e-11
7.270132017087000226e-12
3.666010264946747540e-12
7.448964826773132887e-12
3.621643701088829008e-12
5.888637520084027273e-12
5.045934686469716626e-12
2.817204828552021098e-12
5.855708133802378294e-12
6.547775005797305962e-12
8.422580989543094924e-12
3.868135001325721374e-12
9.166242409306558685e-12
7.879054841206220299e-12
1.417480342286094851e-14
3.611310586094453959e-12
6.037935021334486010e-12
3.470933670749593143e-12
4.288632422441063723e-12
1.165202603370374517e-11
5.273662249884274437e-14
8.333131211605415021e-12
4.031594748389033552e-12
4.339874760916284046e-12
2.022302616756021673e-11
5.056888015025415870e-12
6.384067380916276427e-12
nan
9.688524909260397626e-12
2.633038063468521252e-11
4.378062423218117871e-12
1.466478775313221357e-11
nan
3.376882374711798040e-12
8.962653854425502897e-12
1.915631542382926084e-13
1.147306742864484478e-11
7.763762234048916968e-12
nan
nan
4.967345314832470354e-12
5.712550647871749405e-12
4.789676321619266937e-12
8.027252242076906076e-12
8.523909648798783477e-12
4.835815711670210857e-12
8.139259636767712501e-12
1.389895359053765350e-11
1.090939631784420657e-11
7.330334235536373342e-12
5.212522976303722058e-12
7.054091969362286936e-12
4.067665453396826043e-12
9.165420012318853448e-12
2.438562198596215248e-11
9.292485704845085696e-12
8.938441216196577990e-12
3.841581471335444401e-12
5.605716011602908680e-12
1.883333055622594573e-12
2.890509399122402594e-12
7.367236994658940732e-12
2.798115567686258680e-11
3.830529781840961489e-12
2.021209863594101405e-11
6.808690839633364453e-12
3.945532095867428330e-12
2.029606515790001954e-11
9.926564878549829493e-12
1.041343067730401463e-11
6.852569034099478679e-12
nan
1.091454609175962184e-11
5.320760089817725027e-12
1.309718050604250876e-11
2.174648820872413532e-12
4.951026394308675985e-12
3.432034650788163907e-12
8.864408556385326389e-12
7.625632111723626876e-12
1.219786354412958312e-11
1.067745073746993829e-11
3.221373006255751847e-12
1.769997860135213483e-11
7.855268327705911401e-14
8.992435453029537482e-12
6.306453870369063538e-12
5.667309423095333520e-12
nan
1.218064381227927189e-11
9.110838977769745008e-12
nan
6.199279693840732828e-12
7.311543648972232381e-12
1.908688326551136982e-13
nan
8.208293129782738250e-12
3.946430077642512296e-12
9.040268438391686682e-12
4.162767440404750721e-12
3.995504795371061379e-12
9.085773448899816605e-12
5.578238925122299596e-12
4.058061182671259722e-12
3.063934562706683334e-12
1.265455844964723581e-11
3.567957972693219169e-12
7.060734674335285473e-12
nan
1.532810664570581896e-11
8.616488017623097722e-12
4.553546031032954401e-12
1.512535341475824298e-11
1.044870234301979666e-11
5.308489120774620907e-12
8.233730496407089494e-12
4.536254894320824477e-12
9.432864173633806047e-12
1.029828138252267776e-11
4.174161455992469645e-12
3.917014366281967725e-15
1.256364439136363996e-11
3.378319734059180747e-14
6.138758258279965433e-12
4.792349931242176956e-12
5.450054643302890947e-12
3.330156654541783488e-12
4.044168365802621980e-12
nan
4.907384437920723299e-12
nan
2.402379635155037779e-12
2.532844035875172766e-12
4.956437028694497729e-12
7.711527561459969989e-12
2.859400435347027351e-12
5.305832580784284690e-12
1.346714358501514374e-11
1.883775534065233607e-12
1.423880389481021886e-11
7.263967124810654149e-12
3.165699475041963089e-12
2.510495115836110551e-12
6.488030773909139225e-12
9.078234958729658482e-12
5.608227477883106502e-12
1.276615574356392149e-11
6.203394601583962132e-12
nan
1.344107068151724799e-12
1.607071978304633991e-11
3.720288114344658623e-12
5.141910734615733760e-12
5.074504245946600798e-12
1.784373494234874046e-12
6.355461267002488249e-12
1.283872502940016396e-11
8.691908810072067371e-12
3.769724965916089780e-12
1.097961262355110491e-11
7.021965340440590274e-12
9.296570522005360349e-12
4.817720401053975141e-12
1.037213795374935475e-11
2.503782856273403691e-12
1.039958012930196126e-11
7.650177295778628823e-12
1.459559150502874565e-11
3.534387745566316119e-12
3.326318362563704389e-12
7.959463035359182086e-12
3.654802162444397320e-12
3.558840038508707005e-12
1.591960497099949989e-11
4.228248165754297391e-12
1.749364470353915329e-11
1.415538890898427692e-11
8.620638426226567696e-12
1.085698503880988264e-11
2.198395047831336879e-13
8.722597102920994416e-12
5.895633384740779455e-12
3.421015040792509892e-12
3.968017443708517203e-12
1.090464728491056485e-11
9.337242007377597478e-12
4.841836507260887913e-12
1.385080402385189453e-12
1.271998312656823253e-11
4.536963142611011559e-12
2.172944215657817480e-11
1.342443077673550250e-11
9.168318328671596343e-12
1.114049642915032015e-11
8.255376549764120175e-12
nan
9.511945530221688201e-12
3.867002346712583231e-12
1.271002595075730425e-11
2.080693937160618805e-12
1.300947835976311248e-11
3.596639439304029206e-12
1.735122744156934239e-11
3.807025109792951876e-12
9.086921860005240320e-12
2.982020070748302045e-12
2.054584959763194782e-11
1.041102902745175825e-11
8.727443290098219236e-12
nan
8.166534014936012808e-12
7.872941495815142458e-12
5.293543067884077238e-12
1.415345216949650978e-11
1.071627666039418248e-11
5.059647147374544613e-12
8.367794412413863714e-12
5.329871973380686228e-12
4.654421234958097989e-12
2.034474514012392812e-12
2.444480957121700991e-12
6.364199522218241291e-12
6.111828005342328090e-12
4.004448632643888779e-12
6.509082569793347016e-12
4.836652777431053509e-12
9.907476849451527864e-12
3.976394822519480164e-12
5.987945399626745166e-12
1.247076190661202335e-11
5.883281854387476845e-12
6.017598304528493517e-12
7.171844379269905075e-12
