5.463566339591416136e-12
6.269103426010998858e-12
2.221384695596389402e-11
6.951966543594956683e-12
3.659021723017601965e-12
1.012833697654602673e-11
8.088291489962469136e-12
9.899121513993580412e-12
3.856205489613793821e-12
1.847005112281369206e-11
3.689933336018030523e-12
1.137625070635760610e-11
1.988270087050746515e-11
1.693213321369744562e-11
1.765317999466916559e-11
1.614692641427840408e-11
7.265573736473763549e-12
9.443555952758839886e-13
9.558323014127727999e-12
7.356578577029834305e-12
7.663427790891472144e-12
3.797798858923421668e-12
9.877058864039399752e-12
1.189565923839090037e-11
8.097173955910162035e-12
6.673811151952854753e-12
5.930526229373510710e-12
7.744526774861027675e-12
8.317190703141669554e-12
1.012988683368895067e-11
1.291461887458156486e-11
5.357174847856597172e-12
1.860207703146492553e-12
2.592210079288643862e-12
9.353944735193368021e-12
1.170081834804577416e-11
1.611532941412102421e-12
nan
1.325822116263414047e-11
4.472921945419334083e-12
1.252959943994417929e-11
nan
6.327356055109183192e-12
2.124970051942823511e-12
1.105288369746524291e-11
nan
1.348514384329787070e-12
4.444084433161314821e-12
1.229985319711380828e-11
nan
5.708491756488346406e-12
1.055285321533926236e-11
nan
9.692774893900097237e-12
4.776783402656876372e-12
7.014601047973832620e-12
6.377771915940120665e-12
7.048939297178397318e-12
1.930898355447087124e-11
6.514450507378028447e-12
2.038286426583535084e-11
7.559868200325720893e-12
1.151028180013979871e-11
9.145938804355676446e-12
1.068486382725724297e-11
1.254396422535840610e-12
1.093535703653450440e-11
7.765198490388109597e-12
7.474201765002552152e-12
9.790280536104528605e-12
3.626964762149671693e-12
7.443400782843791870e-12
5.867523671332011487e-12
6.311434822477947977e-12
2.031635920700033342e-12
9.842808130238237419e-12
2.757249211028286696e-12
4.880143891252700806e-12
2.612550494108499888e-12
1.338514272546366867e-11
1.701438530036365925e-12
5.752415696129999740e-12
nan
6.357461731718135197e-12
1.023305115544891189e-11
7.857802900517644577e-12
7.414781232686173497e-12
nan
1.160399882853494136e-11
8.218379514597185264e-12
2.561610461324228485e-12
2.716187627128929246e-12
3.795415635599644130e-12
1.043478934935730352e-11
nan
7.049817615818097884e-12
6.729286124030204726e-12
1.167444750435465555e-11
5.359731707217051481e-12
2.958153905446508242e-12
6.941671797969705861e-12
6.106774237833777739e-12
nan
2.320274243853151516e-11
nan
6.878221696817049312e-12
4.128724155424499979e-12
2.359900020853318150e-11
6.521202126923889360e-12
1.502768473698394951e-12
4.758169380694105100e-12
7.968502013251369362e-12
2.199207967632603105e-12
2.903805145303016400e-12
2.002149453172890742e-12
7.000695395206629732e-12
7.729057812063640149e-12
5.672968641107239161e-12
5.309163275660219214e-12
7.070221382340562844e-12
5.852888085078447963e-12
nan
2.528535343082355775e-12
6.919562717799614113e-12
8.198621551578689287e-12
1.836901791090742370e-12
6.324338901600438845e-12
2.498328530149483934e-12
7.538763105524665652e-12
1.490252624222089400e-11
6.133583922863546006e-12
5.740482295134985601e-12
6.158883009997126584e-12
6.352148576792304634e-12
3.438730658584976460e-14
1.648893772698849384e-12
7.413736595038847283e-12
nan
3.609911129490497940e-12
2.668937258397706572e-12
3.385755106202533350e-12
6.326339486889255141e-12
8.196418854227836906e-12
5.099706444684223008e-12
1.468630540628170936e-11
6.635449262107633200e-12
4.527212550397370933e-12
1.084276279998968946e-11
2.686944515678261405e-12
9.370723832968558065e-12
1.256883075269746213e-11
7.412122048720796381e-12
nan
1.547363923524187473e-11
1.162683538090423661e-11
1.495104888663184563e-11
2.830510735737318751e-12
1.379795025025341891e-11
9.959489109674198251e-12
2.888951392795352714e-12
4.399608510156412765e-12
5.032515728726271756e-12
1.296041623722506874e-11
nan
1.193122456352272152e-11
7.558200236378717482e-12
5.148009737313279166e-12
nan
nan
7.005361486365045192e-12
2.829885306579963566e-12
8.942541753831535112e-12
2.873643121965036415e-11
5.313738221928155864e-12
6.284034941832251684e-12
1.711839967214602257e-11
1.233122418566017465e-11
1.455075947906699402e-11
4.112655967156812439e-12
7.418950331878616873e-12
nan
nan
nan
1.148786208158601029e-11
3.418399752801233323e-12
3.045208244895900676e-11
4.009370680707070735e-12
3.886923187772315677e-12
1.461730070971229545e-11
1.825220650427824178e-12
1.027376144696184524e-11
1.755140207624668326e-11
4.775664093737770823e-12
5.351227658475606652e-12
4.186231878020620348e-12
7.882151574768016221e-12
9.680347877225710818e-12
1.543164838035825735e-11
6.799650920633161418e-12
1.951223111028524066e-12
2.496854769319736737e-12
1.426101799333813232e-12
3.386400338563771214e-12
5.163199980478695520e-12
1.139087418880299516e-11
6.144720732026852157e-12
5.460294439825550930e-12
6.153700856373447630e-12
8.365952977121517951e-12
2.958064662315243762e-12
8.823614573940525440e-12
6.883541558479370759e-12
9.838796782969458078e-12
3.983799074906571197e-14
6.012278159687127953e-12
8.904638950310876639e-12
6.686954256840215309e-12
nan
nan
8.590573684498113014e-12
nan
9.021247815231023333e-12
4.773578436967358541e-12
1.324098320845744094e-12
1.114861806517521024e-11
8.355056403768992003e-12
5.648955326621346622e-12
9.308675399753034125e-12
1.154224902514178540e-11
5.746721263117995092e-12
1.727614957383462995e-12
nan
2.353731820762112749e-12
2.598952699494600614e-12
4.647344501351776335e-12
8.074624349995681401e-12
2.713438147898085131e-12
8.884608160247060303e-12
1.236651357267554778e-11
1.464603072526366822e-11
5.058307222452935699e-12
8.279355335443993421e-12
3.113799038771651423e-12
1.846285143424939452e-12
4.853975468566326213e-12
4.235956546914329634e-12
3.654155751149918197e-12
6.481854553742335630e-12
6.609254868747127605e-12
2.841065827333109672e-11
6.064489953744260622e-12
1.213434699136952240e-12
8.987375972851518840e-12
9.411406245819208291e-12
1.383518830070920273e-11
1.779828897384805356e-12
1.166376506748955837e-11
2.337403498001107263e-12
3.450455515521108011e-12
4.788650711863234713e-12
9.444752304336158555e-12
5.115957334847645791e-12
5.479716941601484846e-12
9.074630197983383539e-12
6.456641839295251825e-12
8.690162222525903063e-12
3.796202497047403996e-12
1.158985684099541389e-11
7.531358053709775008e-12
3.403971692648401061e-12
7.598919612309882023e-12
3.433971849713011560e-12
6.236169524216440847e-12
4.826657114027863886e-12
2.553527809949345642e-12
6.134848078573734030e-12
6.154597204944164794e-12
8.151772728907385197e-12
3.614139456942040056e-12
9.361291685398864464e-12
8.208138509290536951e-12
nan
3.389585116474643945e-12
5.794300612786362020e-12
3.215151033839125882e-12
4.031240615264340315e-12
1.137622535568625524e-11
nan
8.507419983816101570e-12
3.863161085454590444e-12
4.088282193947842658e-12
2.040554497505974921e-11
4.872338152720941922e-12
6.570288589574507038e-12
nan
9.334631287787458304e-12
2.637063903407461545e-11
4.224039320004471152e-12
1.437514365221026796e-11
nan
3.067101726736928141e-12
9.028801796968437872e-12
6.490817777825678892e-14
1.153452504895020369e-11
7.609709670756139880e-12
nan
nan
5.251617057014103961e-12
5.531569097981396085e-12
4.573773117361750806e-12
7.682770206043657117e-12
8.126957010707938476e-12
4.821988721683058458e-12
8.267770350860960742e-12
1.429914142749020584e-11
1.129810483590551330e-11
7.609635182115734298e-12
5.005883210386048975e-12
6.655916868072516244e-12
3.806676305438922530e-12
9.569258593340453666e-12
2.399573093939036874e-11
9.521848438710770445e-12
8.545353659973153694e-12
3.557269539202533574e-12
5.389522118036876660e-12
1.660476531212984703e-12
2.515098238112612313e-12
7.647983561278013037e-12
2.785662889139398422e-11
3.590050935155141450e-12
1.981215635484101938e-11
6.413271099932983855e-12
3.783238935122070345e-12
2.045111269610688457e-11
9.537300469984406547e-12
1.042017591464906430e-11
7.101955968830788301e-12
nan
1.051546712501351699e-11
5.619205656150196258e-12
1.278360496118985558e-11
1.924390249921002823e-12
4.765641714571336243e-12
3.197047890943335983e-12
8.697540164953205457e-12
7.231323826728387948e-12
1.179903836236850821e-11
1.064521604848865327e-11
2.987446558899950226e-12
1.767278812899023364e-11
nan
9.317187199604827190e-12
6.627737607827590767e-12
5.453383326733756260e-12
nan
1.196627625771715329e-11
9.233797087296054772e-12
nan
5.943977020801993952e-12
7.244445785445451668e-12
2.351424498465141194e-13
nan
8.108612428360186479e-12
3.726205620243155748e-12
8.646898128278794475e-12
3.909379333982973509e-12
3.707386482226623439e-12
8.691776830225658723e-12
5.387962604014048495e-12
4.394951879515710877e-12
2.817419585081336903e-12
1.225561531476914055e-11
3.236993092389767613e-12
6.961115135983839076e-12
nan
1.509532871745077707e-11
8.694510541867227054e-12
4.560036910518150236e-12
1.483170083583997006e-11
1.053218704443227203e-11
5.091385296496959062e-12
8.045338035119147818e-12
4.328596724876041332e-12
9.073420696899330766e-12
9.949745545436713095e-12
3.986337817553969444e-12
nan
1.310727892211876923e-11
nan
5.854729726233206212e-12
5.175786323674579586e-12
5.697148088607926763e-12
3.043730455476513484e-12
3.836386603783682076e-12
nan
4.831337087588649109e-12
nan
2.158153351599368621e-12
2.222645102742449087e-12
4.750342516920800513e-12
7.490315353944930240e-12
2.698248796025041175e-12
5.119407353967721632e-12
1.320560644390532424e-11
1.663831638552727205e-12
1.384231133739013783e-11
7.003648214118221074e-12
2.933543148649230861e-12
2.288808891035836421e-12
6.332413454316977712e-12
8.709117333347675736e-12
5.493048559353921416e-12
1.236615838314176243e-11
6.301505869449880943e-12
nan
1.132956420928795959e-12
1.600143743214150083e-11
3.508861760864980849e-12
4.937909834916977699e-12
4.855337954545964338e-12
1.461420214882003463e-12
6.230646244783335150e-12
1.264797421422816234e-11
8.506348593301600046e-12
3.520713250549522685e-12
1.110461590255320893e-11
7.098132766309875304e-12
8.908634724423733881e-12
4.613846252113727205e-12
1.024462233342777183e-11
2.281949213296756214e-12
1.034183755183665366e-11
7.254432729946309615e-12
1.423786224616529990e-11
3.298794732081573825e-12
3.098572885726527840e-12
8.102475398757853201e-12
3.337074419661297331e-12
3.326139392617698849e-12
1.554252928635901461e-11
4.051532732214455401e-12
1.773231460764706325e-11
1.464044148657679113e-11
8.644414609355080874e-12
1.092020864326251577e-11
1.329717106750122171e-13
8.773508037989631471e-12
5.733285523491001167e-12
3.106647657140079413e-12
3.725807744243997234e-12
1.089882269088873293e-11
8.951410433583599464e-12
5.140187485994070737e-12
1.170566566740160499e-12
1.237343195692079282e-11
4.401745619797532556e-12
2.133580006267649245e-11
1.390307655880690534e-11
8.790078831870716225e-12
1.074093847243302551e-11
8.357032828965986513e-12
nan
9.820357138450638464e-12
3.638597914926155746e-12
1.271273484473611426e-11
1.765435004731659441e-12
1.292066993061139988e-11
3.404949971071612978e-12
1.727511068395574542e-11
3.569910866852495313e-12
9.382540729447514014e-12
2.618001639922117401e-12
2.015051092886540174e-11
1.006985053788554397e-11
8.883228993992024575e-12
nan
7.964721949105917448e-12
7.786333646708967916e-12
5.045561716590092624e-12
1.406929668378803624e-11
1.057334180790836898e-11
4.842470337669886517e-12
8.393707739767587708e-12
5.190593907806096805e-12
4.624454451080740848e-12
1.790063492916378592e-12
2.143153434593167548e-12
5.999903865033056569e-12
6.067526184665732190e-12
3.841823953311937610e-12
6.556801942827579114e-12
4.554301339492234673e-12
9.519148240634469743e-12
3.753620576739688705e-12
5.938394018654344116e-12
1.223815965003507301e-11
5.672311155553166726e-12
5.785167151806508787e-12
6.896008212173324237e-12
