1.182500873007125364e+01
1.429641942783462483e+01
6.682386933438570509e+01
1.657222348898419639e+01
7.001858374271370700e+00
2.559207495168388391e+01
2.012526980607752591e+01
2.458284098543721896e+01
7.396866188912351703e+00
5.429016530595294654e+01
6.961308795477741285e+00
3.065647462233113174e+01
5.957981411066222677e+01
4.935169707162127395e+01
4.948775752175411924e+01
4.621741484206178541e+01
1.641259631634980920e+01
1.302334762904921561e+00
2.332859766358026121e+01
1.794561150242670067e+01
1.757347868746465736e+01
6.942044501247401911e+00
2.320613523029823710e+01
3.232104007497353138e+01
2.012565363254957163e+01
1.511709725584206332e+01
1.208977105257232054e+01
1.905587990592929160e+01
2.059518985121298940e+01
2.659305967258685754e+01
3.486922800675931455e+01
9.912254964818210112e+00
2.972709085027386955e+00
4.946243568168175564e+00
2.225084157056878098e+01
3.066130610209710738e+01
2.665562786158706121e+00
1.943922476592995375e-03
3.656353393430143228e+01
7.612603218788345671e+00
3.365169878821873795e+01
1.580704223107339511e-03
1.488622843200143286e+01
3.695107713344443656e+00
2.766355170233691396e+01
7.951160076160968080e-05
2.205851551100007413e+00
8.732381483245232445e+00
3.325780961852640871e+01
1.754016440275808081e-02
1.241792610241442674e+01
2.792450658476888492e+01
1.393123621217392562e-02
2.447957881383086942e+01
9.767604150172717326e+00
1.630238054987209750e+01
1.430390063369502940e+01
1.577860072780454281e+01
5.720168242561738481e+01
1.371524126024129764e+01
5.822587767137548553e+01
1.737038025571865774e+01
2.931507256339564904e+01
2.342270334116430419e+01
2.593862239636649036e+01
1.930570986073552264e+00
2.674692605497813602e+01
1.891133990231901763e+01
1.655052908085713170e+01
2.353275971235057895e+01
6.691349919950886793e+00
1.757006961751270424e+01
1.359210323537094744e+01
1.345436732570169447e+01
3.547097472075945390e+00
2.424110234599456604e+01
4.859202253608197353e+00
1.020908449331110646e+01
4.411382560508663175e+00
3.531929601148894449e+01
2.776064263179004232e+00
1.235254012683690839e+01
6.994929264403282245e-04
1.304837305463696318e+01
2.684214026152523402e+01
1.749169930428992004e+01
1.630985443020874115e+01
4.952272205798197976e-06
2.851238592253120885e+01
2.012590429332792041e+01
4.629392595071292860e+00
4.621639718128887075e+00
7.075367426439914453e+00
2.744278498019802726e+01
8.922235209026567471e-03
1.655407344769391997e+01
1.530367306935244187e+01
3.144250610353286035e+01
1.129354218853935521e+01
5.148179755554029846e+00
1.485126706594707002e+01
1.419103558501830875e+01
8.654497735176566037e-03
6.959396420311463771e+01
4.952272205798197976e-06
1.595302409894860318e+01
7.909313855990808939e+00
6.814622655029285170e+01
1.457432958482880636e+01
2.503392700329796217e+00
9.985280289038552581e+00
1.970065173883153165e+01
3.821524218803015405e+00
5.089979048323979960e+00
3.404755697582954266e+00
1.680124564459573833e+01
1.830685179736361690e+01
1.115966505458800029e+01
1.007304833636802144e+01
1.641617864177719355e+01
1.311897751010652868e+01
9.264799557365060133e-05
4.244866987574415162e+00
1.542933406450647560e+01
1.886253345034173634e+01
2.960800889803528513e+00
1.372698193246912801e+01
4.503682452233918276e+00
1.743629431563874377e+01
4.084892064183760851e+01
1.288531783735396630e+01
1.134390027167606796e+01
1.302694426855920184e+01
1.406256328632651886e+01
9.176230259125395250e-02
2.720033573170256069e+00
1.781994483107922633e+01
1.094311051458492787e-04
6.739039870622091755e+00
4.943617026908738943e+00
6.261398368840724871e+00
1.376891845070177567e+01
1.826449010699136721e+01
1.053249491343027699e+01
4.113915794417883376e+01
1.410529236482550175e+01
7.957417590293774268e+00
2.749428707261372296e+01
5.133582465974288134e+00
2.209509395234668716e+01
3.188426104588096166e+01
1.603934658791702361e+01
5.052562169508070800e-03
4.364737657209109756e+01
3.122043173646134306e+01
4.213860891543884435e+01
5.443193448376153043e+00
3.831592933193487482e+01
2.401523906211117421e+01
4.955347530702375103e+00
8.769479525499910721e+00
1.043717968861704293e+01
3.312612161714898917e+01
5.438918858449218988e-05
3.222047061714313543e+01
1.830093800267163573e+01
9.579857863012943398e+00
2.284992986020493457e-04
4.952272205798197976e-06
1.649724507497909443e+01
5.134098790361705689e+00
2.268995350903608710e+01
8.968641962456040062e+01
1.113669222272832293e+01
1.460050946718176590e+01
4.949681105845462525e+01
3.347599435640289300e+01
3.978045044128645458e+01
8.120004784128578734e+00
1.749892212987320050e+01
3.311861639766931417e-03
1.939834896870876077e-05
2.469353277983614425e-02
3.080101005927333802e+01
6.577221813938835204e+00
9.137231264461141222e+01
7.623683744992525213e+00
7.254266161785858813e+00
3.812034953909865465e+01
2.930503456498887438e+00
2.600339980631945025e+01
4.944052609707462409e+01
9.636637415531716044e+00
1.125967614400628136e+01
8.365467253451013718e+00
1.791135599267950340e+01
2.430795348082509832e+01
4.110212756745119833e+01
1.444293707841376673e+01
3.158366512730002906e+00
4.154524902671406394e+00
2.321649561393718031e+00
6.236145233780201025e+00
1.088751290619085843e+01
3.009309604993630671e+01
1.255653893440509350e+01
1.155679118064148980e+01
1.342495546427135977e+01
1.892517232002474969e+01
5.243738452803704320e+00
2.090669693094660886e+01
1.458509741850190267e+01
2.437153850936334720e+01
4.789925602071230804e-02
1.309314173437535445e+01
2.249159439081986278e+01
1.503135396128475065e+01
4.952272205798197976e-06
1.416408757135084739e-02
2.013329354264870474e+01
8.981832086902118563e-05
2.108850272614124322e+01
9.563845928569685739e+00
2.053185356188703459e+00
2.957230185586073290e+01
2.031432912665135859e+01
1.247035481138984991e+01
2.373867260967082871e+01
2.880080705617652370e+01
1.128775815300440044e+01
2.701515516577612797e+00
3.788566989314073310e-04
4.004214108790068671e+00
4.625651571478019086e+00
8.113265154479289976e+00
1.820279900946707130e+01
4.602108124901089781e+00
2.135442822429755338e+01
3.229021659879155948e+01
4.103483375356731244e+01
9.933753091519122336e+00
1.882010536418894020e+01
5.622712921598930436e+00
3.004454371839893945e+00
8.520791820459701071e+00
8.157868064013067411e+00
7.085030481601283903e+00
1.453608329442260683e+01
1.507163620112513058e+01
8.832231853798393217e+01
1.395506320518953203e+01
1.884467109681511099e+00
2.238509430114190124e+01
2.321308804404096549e+01
3.831245303833730986e+01
2.926144499453694259e+00
3.119766998969939920e+01
3.893687440324633542e+00
6.337016205581509354e+00
9.650748485833162249e+00
2.302050388773171008e+01
1.088229263163767513e+01
1.140294646882425234e+01
2.167079880348726917e+01
1.425008478989044569e+01
2.163772838105390761e+01
7.570446389205319093e+00
3.093903164193559263e+01
1.639882337339354024e+01
6.408711516102755468e+00
1.688365292767671377e+01
6.182838514982734957e+00
1.238449434904880420e+01
9.787923267786355908e+00
4.436771464243995489e+00
1.230563059763523270e+01
1.416870898653021449e+01
1.935681899843571330e+01
6.827593847191333332e+00
2.209097269513975803e+01
1.833248182212005872e+01
1.061769931163463344e-03
6.218711943791819685e+00
1.258351469165028291e+01
5.866093398959691285e+00
7.946347149923679964e+00
2.999224549542976348e+01
5.881992525188344152e-03
1.949072064854351183e+01
7.172415228257313480e+00
8.033740832602905613e+00
5.853212909455299950e+01
9.898656296045658110e+00
1.378172165374934366e+01
3.210457277027677818e-04
2.361925983756589176e+01
7.951948123501146881e+01
8.093121699840008176e+00
3.963250789210886182e+01
2.202174523632678254e-05
5.750009858494880888e+00
2.146094849464313370e+01
8.331680970068716663e-02
2.941559363818333495e+01
1.768827162657935759e+01
5.912905738904780119e-05
6.727979941220397228e-05
9.823358961596539984e+00
1.161521906876620136e+01
9.099650516959700397e+00
1.852249271335463376e+01
1.998724180755965563e+01
9.255038699390425450e+00
1.887171995844542494e+01
3.718072272885073914e+01
2.752155222297692916e+01
1.661102043410285489e+01
1.023451934874287872e+01
1.561026028462716120e+01
7.348634995553949167e+00
2.225956419199498626e+01
7.272062455000093451e+01
2.233508761661902753e+01
2.123206307991951292e+01
6.831367351358722750e+00
1.130558609825264504e+01
2.525692505463396742e+00
4.677569406652272832e+00
1.677765045258838228e+01
8.512831123602913408e+01
6.720803694134559692e+00
5.832430814275236486e+01
1.488150046580156172e+01
7.014873577257702664e+00
5.869399746184407718e+01
2.427776465285115748e+01
2.629605449794394900e+01
1.522119187706178245e+01
1.465951926056507599e-05
2.737912936683902743e+01
1.068841564557411417e+01
3.467402101944332315e+01
3.060655171251151607e+00
9.514397257438073296e+00
5.774729476088573676e+00
2.110566021915844814e+01
1.724527595604427432e+01
3.147483889346859343e+01
2.676350381619000274e+01
5.298346141847409818e+00
4.972344862345483563e+01
1.014313171844204164e-02
2.148105213633019872e+01
1.363505258586378588e+01
1.140917357482091710e+01
1.121603544382031222e-04
3.137065027878327683e+01
2.174242001200310170e+01
2.349818381980356706e-05
1.312913980351272869e+01
1.640383975037190822e+01
8.649232981617682725e-02
1.110412788396001552e-04
1.896739237163255609e+01
6.973477639540424100e+00
2.149013824948416840e+01
7.468021412939239490e+00
7.205822302174214045e+00
2.166355552394455231e+01
1.133481231317598414e+01
7.240626546078482662e+00
4.918264663698478145e+00
3.291423635198593445e+01
6.162075677607011137e+00
1.571197190895882123e+01
3.428567037519316741e-04
4.232165530682831189e+01
2.012238320645887057e+01
8.612026284083562189e+00
4.099856735530816820e+01
2.657520038657178674e+01
1.041604051571216161e+01
1.918374789737418951e+01
8.362371559365366025e+00
2.277173074785106976e+01
2.536282004549939018e+01
7.467473847013203603e+00
1.196622286364409015e-03
3.269290822903121807e+01
3.530201001014214926e-03
1.295309151555560589e+01
9.247858913279555892e+00
1.121044163240609137e+01
5.577605038046486996e+00
7.185728166940238637e+00
2.873399084788437696e-05
9.537170968356699419e+00
3.639307916236314403e-04
3.501367151036518521e+00
3.840668881975380700e+00
9.491640245869907844e+00
1.749541958308162748e+01
4.425373149808267570e+00
1.047559823621149988e+01
3.589140810812328652e+01
2.513758409073746147e+00
3.803693220645645567e+01
1.621840655625339522e+01
5.130133098730952135e+00
3.708398008380078270e+00
1.398630235657876142e+01
2.161189298034055994e+01
1.144618008168437839e+01
3.321584146606699761e+01
1.331117644084914886e+01
8.725931285698383547e-05
1.550119210941266035e+00
4.453029679266487761e+01
6.341165197781027274e+00
9.952293890010054156e+00
9.794484129709655207e+00
2.363910411134585221e+00
1.353978561507652145e+01
3.382680813916257989e+01
2.058511286349731151e+01
6.588348379956400436e+00
2.758870182776021096e+01
1.550113251916608803e+01
2.224176434770140176e+01
9.041423026912788430e+00
2.548177247901735498e+01
3.691173006429397496e+00
2.532292903014426599e+01
1.724639204707016660e+01
3.914931252153240848e+01
5.949967812797839706e+00
5.491328128924939378e+00
1.828216793586056355e+01
6.335261261684681955e+00
6.010921186180165243e+00
4.372507419972356502e+01
7.647560139876813601e+00
4.899513180577925908e+01
3.767174983853468717e+01
2.032727878917818032e+01
2.728135270726889772e+01
8.772804830657768282e-02
2.056413534318330960e+01
1.223240280201754260e+01
5.808913020462364685e+00
7.035526280385052900e+00
2.716471599839174544e+01
2.239491005165109883e+01
9.409700371699166510e+00
1.623673300146585508e+00
3.301558717536543242e+01
8.400577185940688807e+00
6.321856065678898062e+01
3.528422574417270141e+01
2.186330364825575856e+01
2.793009389808304377e+01
1.905375064032290666e+01
4.952272205798197976e-06
2.309919041428287301e+01
6.731771546074257984e+00
3.295890456219919429e+01
2.906862996767018092e+00
3.402829758312589803e+01
6.147771838583480530e+00
4.926608228063005868e+01
6.641333823516637480e+00
2.170486926250728033e+01
4.833456635283128300e+00
5.910228043357805916e+01
2.560873666562441642e+01
2.049118024744592503e+01
4.060602440847477056e-05
1.864596895684765698e+01
1.803301158249840341e+01
1.044674496699035871e+01
3.847581272828803378e+01
2.656155089470944120e+01
9.761230617598599224e+00
1.940989695217223954e+01
1.045341080609225060e+01
8.738305876798150962e+00
2.762521357575538961e+00
3.616360923476782396e+00
1.360167048847290339e+01
1.288438190024825047e+01
7.079899573173157101e+00
1.397908329751699696e+01
9.188506647904127078e+00
2.403697458071169635e+01
7.016799427563852554e+00
1.247916515164648210e+01
3.241430473626064668e+01
1.188933660327708175e+01
1.231547395698038727e+01
1.553782086882137747e+01
1.290838196384597225e+01
1.285446096977244856e+01
8.451250817244103075e+01
5.658346062376182317e+00
5.468408188657718938e+00
5.154578218858567595e+00
5.588326847595573810e+01
1.719173306801018697e+01
1.563552153307102799e+01
2.701067281635708994e+01
1.145814548190007542e+01
1.110050954276650970e+01
1.847322369566228417e+01
3.396524731689548084e-03
9.958021391072350070e+00
2.477575295423614765e+00
1.950416718310825104e+01
4.952272205798197976e-06
1.368441244055483708e+01
7.591193014140126039e+00
3.746746900326552776e+00
1.281062559577862137e-01
6.213018073116523965e+01
1.270083085212766427e+01
3.542439578498598252e+00
5.190839233873538916e+01
3.337726579800786197e+01
6.702664718505022101e+00
1.756767357278644681e+01
2.527254354240545808e+01
2.899045211941604805e+00
9.743425108302801618e+00
1.535096488261285508e+01
4.521636749909331954e+00
4.417642164490730822e-05
4.952272205798197976e-06
6.397992509326979871e+01
1.239094036418239142e+01
1.235324715252665229e+01
8.358485286925930069e+00
5.186925361299755011e+00
2.067479108580970859e+01
1.997860441415158661e+01
1.739167021047151707e+01
1.889248542111494444e+01
7.566857145980440791e+00
1.056877865578049835e+01
3.508455947284765131e+01
1.415159609343234948e+01
9.195235486435924699e+00
2.337342164241168696e+00
2.414232958734846335e+01
9.480659949434301126e+00
1.657579316258959778e+01
1.578717989400106703e+01
1.882723412620967451e+01
7.963968573480059376e+01
8.654929719030860467e-05
1.274237214229614601e+01
1.513634543190617343e+01
5.077577791560193177e+00
6.202922281332647003e+00
1.154633064040077883e+01
2.597120142609361082e+00
1.831387133270969869e+01
3.348106881170676274e+01
3.419009805553423575e+01
4.325823251381661017e+00
1.129861748788639630e+01
7.132288452961328851e+00
4.952272205798197976e-06
8.321111786430149593e+00
7.909500587121935489e+00
3.664710456780549919e+01
4.759072075928159391e-05
1.171799129506216275e+01
1.425854811740788719e+01
6.065381454284531331e-05
2.271827323204915672e+01
4.258778072651735691e+00
3.414466387927570512e+00
1.278988792669904484e+01
1.727634639670177563e+01
2.357246664302547146e+00
2.224455261555856467e+01
5.357111088576670642e-03
1.174850655124291876e+01
5.349713472101463907e+01
4.007203971094730832e+01
7.724148011744746967e+00
5.053878113353407642e+00
1.350846138915363071e+01
2.711852569161999682e+00
1.340392309475866520e-04
1.042667758229634600e+01
3.674814806053151273e+01
2.003043876771009105e-02
6.296250936688372768e+00
7.753863542298195455e+01
6.326129510155034552e+00
3.071809266156380502e+01
3.458866411890698345e+01
4.868589373252681440e+01
6.617121302372697578e+00
5.811161074956185502e+00
2.709585087990328134e+01
3.338267461206407383e+00
3.455652842991165130e+01
1.608556030766722245e+01
4.077616701799028931e+01
7.316446203333940718e-03
3.479483906637643997e+01
5.031241067560985414e+01
2.529862237220214283e+01
5.591662874991023102e+00
2.019582494060994549e+01
4.230981802383265494e-04
4.955982475886969496e+01
3.194730828774545728e+00
6.939223527022255666e+01
1.364147610196849669e+01
1.494535784772553200e+01
2.449615869038318294e+01
1.671379377660402232e+00
3.316867644635589585e+01
9.929480462875098112e+00
2.356537634798513992e+01
2.034494458641879433e+01
2.417972733684987219e+00
7.906263672604764814e+00
8.809408144304773813e+00
2.723387449184215287e-03
6.804985316969299092e+00
1.155974389235288236e+01
5.597302319530823069e-05
2.682098736631696312e+01
1.955198661802707250e+01
1.955642277274920104e+01
2.214146970286658700e+01
2.041681012421894259e+00
5.279252256261020193e+01
1.661984673845730853e+01
2.857096507000554553e+01
7.014437519130552884e-03
1.760649790674758819e+01
2.844880038703116731e-02
1.573981524765206785e+01
1.773998630314832781e+01
3.807863991510563650e+00
1.801018151573491366e+01
3.526764730093522537e+00
4.871207698256281304e+00
6.980493946982127795e+01
7.713463160346710090e+00
2.082196566030697937e+01
2.787090901980433699e+01
3.801596151055752415e+01
1.130283049572379817e+01
3.102307805702269405e+01
2.787219988460862830e+00
9.502252730332948261e+00
1.445868952339309566e+01
1.563010987634518045e+01
2.001710809565582849e+01
1.923951789985826011e+01
2.859684761811598808e+00
1.583718047169577758e+01
2.152160623958492280e+00
3.763158799538168786e+00
2.525879057591891552e+01
1.855771162654747286e+01
1.135062028577356585e+01
2.224024045973989772e+01
3.318419597589198133e+01
1.192636784285033258e+01
2.861217241857569604e+01
2.009160306955719122e+01
5.297478691693962105e+01
3.880552498180032472e+01
2.446721320855956172e+00
1.004597301541502041e+01
1.354978076119746611e+01
3.478644322111031073e+01
8.310527790551045513e+00
6.452501806053952293e+00
1.896626094001561569e+01
4.382771995820935018e+00
1.333195612067051350e+01
1.264454588819682757e+00
3.986903141506766701e+01
1.004825089205317390e+01
1.675001536174759309e+01
1.410095521399374618e+01
1.015310329132730516e+01
5.112264262498461420e+01
1.508247947819802448e+01
1.171998428806327356e-05
3.347591204785396712e+01
1.258851615649168210e+01
7.277323688740557017e+00
1.557563207180876041e+01
5.904915787554930695e-05
1.019932535611490820e+01
3.891448899980152731e+01
2.820618034645865180e+01
2.585201818117978689e+01
8.351673680606310768e+00
5.129703666164476772e+01
1.615938428164159291e+01
4.952272205798197976e-06
3.330085643191505254e-04
1.564886880727419868e-02
1.048081226972568558e+01
1.474313118043349213e+01
6.558761193492928854e+00
4.590153546022050612e+00
3.530483428068590257e+01
2.032159753628317489e+01
1.040991975391814606e+01
8.418762475886872210e+00
1.015136113831741405e+01
6.932884662406364917e+00
3.933473200674971082e+00
1.216713790287570163e+01
1.021425961751291744e+01
4.013069820395896770e+00
1.951378103110866036e+01
2.074533713067371110e+01
3.635209317896261183e+01
1.794501359134473262e+01
8.892382757569029751e-05
2.929785807774193884e+01
1.954049475754548570e+00
1.536109812200817260e+01
2.504369046576356173e+00
3.864135588712022695e+01
2.155415391377329115e+01
3.434622396080717976e+01
1.846176744125829572e+01
1.670023178068339220e+01
7.190867373453762923e+00
1.397391900470059767e+01
7.481652977839135410e+00
1.608799988978638495e+01
1.238888862935466051e+01
1.771793403933959610e+01
9.583714572966114176e+00
2.198523371524321135e+01
2.725379163161250506e+00
3.716630076449305875e+01
2.057720969288646984e+01
2.221896819364501674e+00
2.677509415685992877e+01
3.833495692688315870e+01
2.510840768215036078e+01
2.324535598862371089e+01
2.420571143840783535e+00
5.073145032231957785e+00
1.439023716241666939e+01
1.284282255894651152e-04
1.067170682324768549e+01
8.027487739805529543e+00
1.627707289583645078e+01
1.673022727065728787e+01
5.683027777211408704e+01
2.946404316789197253e+01
1.035422620298982353e-03
5.271699861414541033e+01
2.036863703271771087e+01
1.138517774349537426e+01
1.506681759266644249e+01
2.525616474258993271e+00
1.296006812282790754e+01
1.140122686512415839e+02
1.826427797061556646e+01
1.343364425888605718e+00
1.322845518637278417e+01
3.675368520014609430e+01
5.077554363868886256e+00
1.736782742745297270e+01
3.498280661353995846e+00
5.898201220758251040e+00
7.169814539525392938e+00
5.211571647329718004e+00
2.348661601050517334e+01
6.941443133604323634e+01
2.095594370691583386e+00
4.305349369692674344e+00
2.155259707806126812e+01
1.818099064266201381e+01
3.197256837071428492e+00
5.452857387428580438e+01
7.438341550160215476e+00
5.460380499278130628e+00
1.314853347483826695e+01
8.987957955482482220e+00
1.298960633378805696e+01
2.023409306843871747e+01
1.066999339772074151e+01
1.756361994820953143e+01
3.053209277413992240e+01
6.892810642136007004e+01
1.574043966204973088e+01
6.775209881453973182e+00
6.214079920694564940e+00
1.245563301373181275e+01
6.887315870817900532e+00
3.173869976817914562e+01
1.419169200190853530e+01
1.144280416985183990e+01
8.128284444170454037e+00
7.537109149506418859e+00
1.266602462475770707e+01
7.578761984400427920e+00
3.027886185772446392e+00
7.644779526999570862e+00
3.401306075978435217e+01
4.023948696607314801e+00
3.457898895120688820e+01
2.693993123795851119e+01
4.505590178543289248e+00
1.939498476301944052e+01
5.795257484108512358e+01
1.638922827302305762e+01
1.020128946875141551e+01
7.300304100361766579e+00
9.444596884711755180e+00
3.363605631275071062e+00
5.227123378629431549e+00
1.160097002116247822e+01
7.502238642126054735e+00
4.829899953222054876e+01
1.753453572548306738e+01
5.222583868715354072e+01
2.118197963118115013e+01
2.297562915725245603e+01
1.789213010061299514e+00
5.692789553631340027e+01
8.438837272504095210e+00
1.487500551514899527e+01
1.856854229682476642e+01
7.183465433585231708e+00
3.886521994898760113e+01
2.197153385511729340e+00
2.648224066188012316e+01
1.050453366578867431e+01
2.222082674900077137e+01
5.394335396570873797e+00
2.204458928353204428e+01
1.297353619144947956e+01
1.128407818543690766e+01
4.574271587414928675e+00
1.433374043938133013e+01
3.002439168712261619e+01
2.390437354069822362e+01
1.501825792675339244e+01
1.615321446654849780e+00
7.099683876142430350e+00
2.396855257791758120e+01
6.407364705010934358e+00
4.356737773640812605e+01
1.489425254016412659e+01
1.988089857272493433e+01
1.223546284733607514e+01
2.120338568900989884e+01
1.581610671583348449e+01
1.135547123401757830e+01
1.245925666428148659e+01
4.952272205798197976e-06
1.298301133375166216e+01
2.297236084925267718e+01
1.617896982697719466e+01
1.413744465529156003e+01
4.261396734115640683e+00
2.113493258364435690e+01
6.141528289440077337e+00
1.919357679998759281e+00
6.357066700298575235e+00
7.138397336246345048e+01
1.283423781907964667e+01
2.285718477396148529e+01
3.010193875188470258e+01
2.677439602451942946e+01
7.037314696939821701e+00
2.513525808440612508e+01
5.107665976671615482e+00
4.980360949965468187e+00
6.181762815274711720e+00
4.899409709628382847e-02
3.184527165143558491e+01
4.204553824883625879e+01
6.596574414530412156e+00
4.723533610431140950e+00
1.254314335251580559e+01
1.382750292062579532e-05
7.915588265517972566e+00
1.177076530486962724e+01
2.657724751030440657e+01
1.401338893754952331e+01
1.536559402171118549e+01
2.140115407857118868e+01
2.260152373517185254e+01
1.194371632340105549e+01
9.682939696787615347e+00
2.206888580795821397e+00
1.726981330024884187e+01
1.326133742796709569e+01
1.281987367474641260e-01
6.313042937972679169e+01
3.366819865388352184e+01
2.492064548060487894e+01
1.329121202012971459e+01
2.502604987639461598e+01
4.049604394571924360e+01
1.811897424166284054e+01
7.202780719393285125e+00
2.424446532057674375e+01
5.942219482458347102e+01
2.887647053894091442e+01
1.425080013136689772e+01
6.731075669802231687e+01
8.172974765604132941e+00
1.442101517750957740e+01
2.392149562266006946e+00
1.075395585654823982e+01
6.890456102620522927e+01
4.481153770861892838e+01
1.194687057203742597e+01
5.404765695951173399e+00
2.053185764017243731e+00
7.480839843413415124e+00
2.538011059493225474e+01
8.114114142854083056e+00
1.669074032490899384e+01
4.322371224648458465e+00
2.184414916284357844e+01
1.573120287059223976e+01
1.857491229580832603e-03
2.928078074430135302e+01
2.124178020075115114e+01
4.534818129558594535e+00
8.803577322393887558e-03
1.784529091292993996e+01
3.304354415193818539e+01
1.893686196472134853e+01
1.442066526647337810e+01
7.803186118529849225e+00
6.832154256093726730e+00
2.735409916158772603e+01
2.545419882968512582e+01
5.645319649152742869e+00
1.743037626760022718e+01
2.380880049637571272e+00
1.742336495427566234e+01
2.364800052643838857e+00
1.353010444066874740e+01
9.052735991760972212e+00
2.347540575417776765e+01
2.328974370754547163e+00
1.875691025322213079e+01
1.479387133673346399e+00
1.765826707388866623e+01
5.313746022413086934e+01
1.494544893983924005e+01
3.233462791024766858e+01
4.952272205798197976e-06
1.043885509657077648e+01
2.145713000697513806e+01
6.687839823917278181e+01
2.684707747420048918e+01
1.720448819495937087e+01
7.463289264542556367e+00
1.471330853685749851e+01
5.509954620325955510e+00
2.593845798677446979e+01
9.988864723420915581e+00
4.191373489979218903e+01
1.156410843769036845e+01
1.205241169219103448e+01
1.332489341254419912e+01
6.680216088509559391e+00
5.079440270499646724e-05
1.013616794926693920e+01
1.195829425328054185e+01
1.009214023225230150e+01
1.296128449061373367e+01
2.632640755362612595e+01
2.906507666094813164e-05
1.128105034052251732e+01
6.159253618344463277e+00
3.209086634852964526e+00
4.719360822575056602e+01
6.138870569506357455e+00
1.383037218090227327e+01
2.890730509349585020e+01
1.730483738465367738e+00
6.272414993861441523e+00
6.675224896917805850e+00
1.112019934108349517e+01
5.988061787698335081e+00
3.632650779501691574e+00
