5.984795102620299470e-12
7.614772737485900206e-12
2.177002567519367236e-11
6.457076117425930387e-12
3.736574173546718473e-12
1.066167060461189551e-11
7.591534665277683736e-12
9.443584286304569005e-12
3.932806627267311905e-12
1.799932644897459631e-11
4.339281674125592769e-12
1.087664510505693728e-11
2.086116384312195215e-11
1.654124316055936493e-11
1.739254421032331353e-11
1.567472124772659344e-11
7.661080991874245858e-12
6.765483858687236552e-13
9.081857356284563190e-12
6.859406855872691897e-12
8.143856745393730595e-12
4.496417813145756931e-12
9.618817287116874066e-12
1.139621961126454826e-11
7.601242328417935091e-12
7.796469118670336100e-12
5.506859115147299983e-12
7.261968947527894205e-12
9.559887488969919875e-12
9.629981153601888897e-12
1.400687683201760117e-11
5.502016564486672202e-12
1.699764936436223156e-12
2.502058467523434604e-12
8.896568235166442428e-12
1.122099500173976307e-11
1.427653131787834683e-12
nan
1.316706627235767354e-11
4.657548027096652186e-12
1.306930408796707997e-11
nan
5.829084877228291309e-12
2.011472171274292243e-12
1.055829959114156866e-11
nan
1.165075064377865080e-12
4.466117363521934037e-12
1.326303723092856098e-11
nan
5.956496007470758874e-12
1.005332540556077873e-11
nan
9.214675634047077893e-12
5.418716701164386637e-12
8.268145278330686926e-12
6.791982281921947941e-12
6.613691850225333734e-12
1.886159191418688229e-11
6.384652398181597343e-12
2.169166100329474182e-11
8.172479351252179344e-12
1.207374330696377437e-11
8.653007568067403240e-12
1.092489470484813243e-11
9.830192094995630138e-13
1.063438845943996428e-11
7.277034885655646674e-12
7.700828839393009849e-12
9.882965411028537396e-12
3.630754954032942587e-12
8.070747849265991598e-12
5.374120144287245334e-12
5.889566849400344659e-12
1.901449248209273641e-12
1.021083929109428690e-11
2.726278511339337082e-12
5.186335751722899947e-12
2.502507817025881519e-12
1.296631594563398009e-11
1.508377268396507838e-12
5.269181842329804018e-12
nan
6.401577908547198978e-12
9.733610824545305354e-12
7.713885987149921319e-12
7.610646577220271642e-12
nan
1.170793762447522674e-11
8.495125859713797210e-12
2.496536131877739785e-12
2.609123525880842449e-12
4.711451039402716828e-12
1.166994204831009326e-11
nan
8.184579504393577863e-12
7.439689615853791229e-12
1.117479338032420841e-11
5.444233308467090628e-12
2.859808975744011321e-12
7.122388850397767700e-12
5.608120126447595364e-12
nan
2.278148310159521554e-11
nan
8.052857921710100850e-12
4.747645374956803265e-12
2.373017755222550275e-11
7.013403177955337200e-12
1.387322000456284552e-12
4.587290953070540153e-12
7.472768628507091396e-12
2.099310885602281245e-12
2.740345012329117410e-12
1.873871658832180313e-12
6.501624169910562774e-12
9.030669972021648878e-12
5.769847310063128501e-12
5.585939102559920645e-12
7.568665260346371451e-12
5.360696079251254494e-12
nan
2.423931667546813804e-12
6.476572328426227604e-12
8.315897342399651499e-12
1.681866234909503199e-12
6.487527032702374490e-12
2.439444267295797292e-12
8.223780021211349960e-12
1.441620977564705950e-11
5.752966576989570023e-12
5.348004004533655080e-12
6.779242044279379707e-12
6.863311978340140060e-12
nan
1.460437008545580563e-12
6.960263190803846500e-12
nan
4.250349175785075471e-12
2.568444822325560560e-12
3.516829359965208921e-12
6.467131059454693314e-12
8.404374097394931589e-12
5.968518455766718732e-12
1.554382820778571654e-11
7.016502501331873140e-12
4.817937587547562671e-12
1.151316746603334728e-11
2.569662143529060385e-12
8.949190267092790608e-12
1.211369210114675128e-11
7.228720132737967660e-12
nan
1.612861502731114056e-11
1.112704980534302071e-11
1.619720795452629862e-11
2.623668896401315645e-12
1.329861095574301782e-11
1.022652471154296478e-11
2.777097451821742205e-12
4.908248397349882245e-12
5.446607290565803982e-12
1.255034419224539948e-11
nan
1.197738644240093455e-11
7.066530310845648831e-12
5.066481258205651417e-12
nan
nan
6.512524619008808014e-12
2.791120116658553584e-12
8.450902976099556455e-12
2.823675656673704424e-11
6.264032299443708954e-12
5.786501407622207652e-12
1.661844121413223365e-11
1.183206846544166833e-11
1.410266596395669961e-11
4.230848557035667764e-12
7.971557085345983262e-12
nan
nan
nan
1.226770207258949301e-11
3.265957575799921380e-12
3.159727460424409222e-11
4.532374643876606756e-12
4.023950179304060777e-12
1.427297854591957459e-11
1.653618079831061404e-12
1.092718202362603104e-11
1.708026769104726607e-11
5.271689220264832941e-12
6.092486030352561092e-12
4.182846670826634494e-12
8.055829642649988738e-12
1.061908840161154335e-11
1.533414150259627436e-11
6.895771600119019824e-12
1.842181217815113675e-12
2.387778329019223333e-12
1.280830167042418914e-12
4.202952867186329172e-12
5.468376758676628551e-12
1.203066335316641131e-11
5.824736705794457334e-12
5.772899936684768808e-12
6.964869668508008068e-12
8.056530834861193964e-12
2.912987180780615270e-12
9.253787903903758835e-12
6.971389776953566867e-12
1.042250714146606260e-11
nan
5.874829692457885262e-12
8.707111697003457265e-12
7.812193804637894893e-12
nan
nan
8.734647360915024039e-12
nan
9.081456093493975409e-12
5.443501554755338219e-12
1.092994485949790160e-12
1.064911899825080421e-11
9.475056572233353340e-12
6.704831122753549173e-12
8.815447905045765349e-12
1.106646496851338467e-11
5.312070880914803945e-12
1.546227399531334207e-12
nan
2.273983060328649802e-12
2.522615282590971563e-12
4.804995085908920328e-12
8.096216322520247332e-12
2.599331257933399496e-12
9.462812252452988184e-12
1.322018747743860255e-11
1.414672810372972099e-11
5.700554683452234747e-12
8.263599747884884134e-12
3.086630421896312509e-12
1.443053919184994852e-12
4.897210216132400095e-12
4.306814606620691153e-12
3.615642016331074972e-12
6.974112800320469941e-12
6.582819457373343083e-12
2.791104300335948248e-11
5.566131179524882428e-12
9.447224699210622202e-13
9.788553589710161952e-12
1.028489491506622952e-11
1.334134590497584919e-11
1.621574457551918139e-12
1.116399508320376090e-11
2.249778251778855069e-12
4.333161898673903435e-12
5.019847122669099362e-12
9.920016692371397569e-12
5.079960328726988145e-12
5.527923883715310999e-12
9.429880288520659255e-12
7.429821947963879832e-12
8.374869087067996157e-12
3.712260103626715471e-12
1.108999538438375856e-11
7.219795197299872504e-12
3.394527101723684472e-12
7.128852372781966502e-12
3.325917009514151347e-12
6.507111461693084266e-12
5.862429635651096522e-12
2.475858466542285276e-12
6.243692960063043237e-12
5.657292512178874043e-12
8.530800177944831704e-12
3.664392744562143200e-12
9.610561874996812515e-12
7.846586439662537650e-12
nan
3.363877262033986755e-12
6.219004018700006619e-12
3.214900525797942790e-12
3.721926284707752032e-12
1.107819922969983400e-11
nan
8.691947963521211790e-12
4.139894628285362966e-12
4.123984998472608597e-12
2.009255754473512784e-11
5.853414702233151458e-12
6.632902463365957478e-12
nan
8.841446172813376190e-12
2.593863602045684615e-11
4.280338827489610528e-12
1.391733591131194106e-11
nan
2.909961851889623538e-12
9.446116833818495292e-12
nan
1.238734138232038160e-11
8.754111625009234569e-12
nan
nan
5.178259212209203747e-12
5.786634240451140081e-12
4.740145350331984873e-12
7.192562612661347570e-12
7.628752908560845408e-12
5.557212104482263443e-12
8.349077942796292286e-12
1.404860711641531827e-11
1.122340100461403586e-11
7.299870875343606883e-12
5.996642179280791165e-12
6.156799352338778266e-12
3.803168381932418264e-12
9.626078548760427530e-12
2.350062853569530613e-11
9.103632526189760672e-12
8.049089019336272363e-12
3.499365050715609207e-12
5.916471596464275690e-12
1.433831810522756413e-12
2.409614247206909448e-12
7.224563308659260626e-12
2.744708498718459121e-11
3.633184854535258074e-12
1.931217631246400119e-11
5.915375211656625799e-12
4.628791941138752588e-12
2.012104668669489748e-11
9.043488917190383117e-12
1.123007360107507962e-11
6.660346736801599982e-12
nan
1.001594564176675982e-11
5.817332458324073210e-12
1.387438973359172757e-11
1.779493354246454498e-12
4.950826175764459514e-12
3.520757424302698217e-12
9.893803099276959206e-12
6.733231772736138528e-12
1.129930498478584974e-11
1.129835710919039896e-11
2.945439191962596141e-12
1.735032169271307689e-11
nan
9.019607566663958522e-12
6.323046980785011280e-12
5.668805141069201519e-12
nan
1.147027542807175950e-11
9.424857047976285469e-12
nan
7.089029293778553415e-12
8.152380044979590115e-12
nan
nan
7.634440646210024741e-12
3.745583381289188906e-12
8.150245066486779028e-12
4.013554782780095242e-12
3.598650785033746735e-12
8.202621830140619216e-12
6.305244823249334695e-12
4.623676328991494053e-12
2.771674860821305632e-12
1.175590726590876018e-11
3.115028449390694459e-12
8.006006787502974998e-12
nan
1.472177739234669275e-11
8.948527608570336201e-12
5.287709475762479976e-12
1.439308699709457647e-11
1.157627657158810501e-11
5.782290539129685857e-12
7.560278314044021074e-12
4.231726021546822967e-12
8.590264759487826762e-12
9.450430128221990283e-12
4.203961109001988119e-12
nan
1.342022612295262726e-11
nan
5.360541793699333696e-12
5.216098837068386702e-12
5.312880196134656881e-12
2.966317926061732603e-12
3.844631416640671422e-12
nan
5.634771812951398748e-12
nan
2.030982406732019581e-12
2.107766019891100843e-12
4.880998609336676665e-12
8.793726878577935555e-12
2.538517284826212604e-12
5.199376213797743226e-12
1.407028096565975547e-11
1.411851725781170381e-12
1.334241040300798062e-11
6.509899685728125188e-12
2.882875184748857038e-12
2.136433455291821314e-12
5.849833527885316180e-12
8.220623155164013807e-12
6.261376665538739882e-12
1.186616100500093584e-11
5.914178036754370820e-12
nan
7.518830894330645341e-13
1.567386206599136659e-11
3.397596326634299552e-12
5.508849318088749585e-12
4.990672900720334804e-12
1.300122960381596925e-12
7.270275891104261042e-12
1.349644494627913302e-11
9.412112656683819161e-12
3.499299603005705769e-12
1.160751264179807731e-11
7.818207265189465175e-12
8.414901259862662189e-12
4.363251833747181185e-12
1.081343045743021342e-11
2.129832096723762992e-12
1.073082788463829740e-11
6.756307736814605962e-12
1.390357857031950554e-11
3.436621914007080511e-12
3.015005131066335521e-12
8.232348994577161407e-12
3.211912744438192420e-12
3.391540497643150987e-12
1.505342779572203871e-11
4.844196876459761848e-12
1.739507550081511547e-11
1.427975853955063052e-11
9.175749992008887552e-12
1.167138701719627502e-11
nan
8.959027719592142707e-12
6.649674149603523053e-12
2.949748332672359755e-12
3.764718273078718689e-12
1.040367051342406225e-11
8.462470074476361584e-12
5.103810948313419911e-12
7.864158866650262437e-13
1.187589106690628248e-11
4.381558086849843580e-12
2.083909654636591401e-11
1.367059164812266065e-11
8.305590793137560208e-12
1.024113888941304609e-11
8.450711898935586100e-12
nan
1.004973363387897679e-11
4.440529044612616008e-12
1.358345611900053389e-11
1.558443398981913650e-12
1.406308725932786498e-11
3.987306327698850222e-12
1.806358596479552502e-11
3.557429877439370619e-12
9.069604326095714741e-12
2.397136366186017322e-12
1.965364848114927834e-11
9.571311446719369344e-12
9.202660306441545084e-12
nan
8.343595730966207449e-12
8.547724368965962551e-12
6.146187265489884029e-12
1.507091893281880110e-11
1.007508993950344639e-11
4.901945614461876544e-12
7.934255628638517562e-12
5.349849673701412956e-12
5.374286312464131952e-12
1.603055606693426086e-12
2.004225302383239365e-12
5.515654970869907269e-12
5.616795606197221743e-12
4.632730939605128945e-12
6.117281006384037527e-12
4.701427011137216693e-12
9.025153632463920311e-12
3.753146773710043110e-12
6.740292316318801549e-12
1.334853232786626120e-11
5.832689168361786513e-12
6.135312492434460175e-12
7.158701802288592680e-12
