5.642136114091614196e+00
6.296338588212933907e+00
1.462957287186187649e+01
6.459763500599526864e+00
3.857778073345155878e+00
6.871598704291455917e+00
6.051296925806284754e+00
6.178609275330996020e+00
4.903862981135025834e+00
1.342790415189849895e+01
6.656215595063857293e+00
5.584312247350397662e+00
6.965666327763141652e+00
8.247704723611887445e+00
8.938131127036694323e+00
1.639664430714522680e+01
4.769749997990826884e+00
5.320651918001886749e+00
5.652595671305640224e+00
6.322108978372480870e+00
6.188979770613626918e+00
6.981977340076118921e+00
6.092576442727198227e+00
6.826038122098479377e+00
6.021397308910058754e+00
5.614931609709230109e+00
6.906935602819753939e+00
6.131610940107041330e+00
6.387937953178253636e+00
6.096762278315921435e+00
9.040607383685808074e+00
6.611830982598993600e+00
5.089213542557424752e+00
3.254333643826345490e+00
6.350632561672893139e+00
7.030113916032844301e+00
4.500671070346402125e+00
1.499259563903841741e+00
1.170099738321784422e+01
7.042288504987954667e+00
4.970521375416881327e+00
1.186626841430034940e+00
6.705147352090312651e+00
3.658815023207830031e+00
6.012354850831131081e+00
7.480793911342819014e-01
4.546521546302570549e+00
5.732094590634935649e+00
5.224161418117582834e+00
2.816597086961070584e+00
2.745540100464390232e+00
6.227712369437019113e+00
1.915787131322754799e+00
5.639320713496870141e+00
5.950275288456015943e+00
6.053295441104306285e+00
4.517081115792194623e+00
6.389213605349262970e+00
8.687141164400511428e+00
6.427376374792721947e+00
9.861557424267132888e+00
5.342642736675010440e+00
6.241507504449950616e+00
5.717165213723977679e+00
5.944399749073717487e+00
5.285640626764959826e+00
6.114174927845597018e+00
6.137623222892482744e+00
6.460954158951838444e+00
6.136102761940823491e+00
5.666606476696001593e+00
4.678917052522301390e+00
6.972154961783025406e+00
6.765833472369445545e+00
3.586453644177979960e+00
6.288399388045072591e+00
4.450372657850384606e+00
5.786971223842766854e+00
4.556047093139754089e+00
6.399243700603643781e+00
4.241782229012913241e+00
7.048353141579362990e+00
5.840608300848140200e-01
7.080160320368078075e+00
6.067036427598860193e+00
5.977358513168162801e+00
6.544407981269888985e+00
2.804548763069841799e-01
6.826087963042987816e+00
6.207771815690729333e+00
3.631613527296317923e+00
4.589317964398198946e+00
6.886974355603257436e+00
7.072054063595003548e+00
1.587470875167184436e+00
6.105546738124555617e+00
5.964679939233594297e+00
6.853491570022370638e+00
4.495740561079648145e+00
4.494895731839868347e+00
5.936752905034357042e+00
6.909639216752515800e+00
1.979817141219973653e+00
1.458141987166470877e+01
2.804548763069841799e-01
6.046022903563248008e+00
6.451625369307067537e+00
1.209355898823175224e+01
3.909638397577736235e+00
3.968147986796167093e+00
2.570910885350571551e+00
6.087399345735708955e+00
3.808413316607475174e+00
6.143843397564357822e+00
4.047935726344585206e+00
6.470677176730500690e+00
7.085806601494550883e+00
6.538228892650868929e+00
6.537723528775903681e+00
5.014746091994974009e+00
7.012304988371001357e+00
1.163010866757896222e+00
4.484604773786332821e+00
6.470664277358187277e+00
5.772639398094680629e+00
4.933466348515616495e+00
5.026763489080799729e+00
3.574370113942358262e+00
6.117768404682477623e+00
1.090116714609993842e+01
6.807305836478868777e+00
6.999602429850233953e+00
5.943377577198876160e+00
5.907016719943947614e+00
1.980872139616145056e+00
4.244386447419723041e+00
6.252522311624553630e+00
1.143409858577781213e+00
6.743512805170483126e+00
3.495007744779189629e+00
5.887632705916961307e+00
5.575648814373546536e+00
5.641958813319603472e+00
6.166764199270142299e+00
6.922164130508900115e+00
6.632970374590820839e+00
6.995767556263341014e+00
5.337303933815823243e+00
3.290944369882345288e+00
6.309149327344364622e+00
6.598470204373200865e+00
6.148899869024753606e+00
1.459842466546429574e+00
7.161144881778293225e+00
5.980177990082237827e+00
8.837661056369542578e+00
3.023994144052267075e+00
1.424732165225677960e+01
5.911625722381804060e+00
4.603242998934454100e+00
6.101677374144395039e+00
5.773413897554079632e+00
6.487239155868689267e+00
1.012118737333350671e+00
6.528997332834535428e+00
6.243036103364493883e+00
7.036578693919711469e+00
9.582181018094221292e-01
2.804548763069841799e-01
7.209061994635396431e+00
3.787623687138160111e+00
6.438344861517349749e+00
2.056125253927376662e+01
5.820670195089446608e+00
6.819581044846111162e+00
1.670365024291806577e+01
6.676707051793734138e+00
1.477379094047678798e+01
3.397078422142399745e+00
4.267070561465289735e+00
1.521222094164954353e+00
6.342197881307867213e-01
2.109926164630386403e+00
7.319859319263034791e+00
3.114712184054984068e+00
1.051856692994634379e+01
6.403177656018071318e+00
6.400260595497157645e+00
1.318183406483795927e+01
4.858355707691775827e+00
6.394737005349662162e+00
5.199694822678963213e+00
5.960733791473838750e+00
5.765478389859199915e+00
2.825008182442850568e+00
5.823943945583369697e+00
6.424388035519255524e+00
9.391210232989655182e+00
6.153398500449127617e+00
4.838417577511734180e+00
4.691660547819402893e+00
4.551509361763795170e+00
7.012017716599835637e+00
3.139846375087897101e+00
9.594880082458256965e+00
6.725907252331574604e+00
3.053530943923526308e+00
5.916118353654940876e+00
5.912840556783808488e+00
4.397826342996623339e+00
6.222503639393382358e+00
6.180393375075525775e+00
6.908072481950124022e+00
1.994965944174263317e+00
6.673367507557074418e+00
6.274015101757314028e+00
5.951622053152984648e+00
2.804548763069841799e-01
2.121750536594126046e+00
6.324444088190793956e+00
1.270793921384546499e+00
5.625216530627674238e+00
6.030716974470350600e+00
5.330768681897056993e+00
6.079984610544310719e+00
6.360641375382741103e+00
6.507167358464664986e+00
6.313482441869046724e+00
5.823730487359894958e+00
7.015403106179502579e+00
5.029449151423242448e+00
1.643406175110075251e+00
4.416403294305006888e+00
3.825538253916634268e+00
7.005550357666280092e+00
5.805375466214285574e+00
4.559025991724596771e+00
5.185466046399540119e+00
1.074069984346628104e+01
1.655286165581809144e+01
6.415645157231224971e+00
5.756992605461014989e+00
4.100519557231002032e+00
3.589338651365704180e+00
7.003357877996232439e+00
4.822125365568531663e+00
3.295739932755629376e+00
4.540623540977636985e+00
6.343064954876899364e+00
2.066664239148298776e+01
6.985086870359049627e+00
4.838944250212775522e+00
5.813406520783900966e+00
6.006290671692954497e+00
1.498488702154821794e+01
4.574380643334653662e+00
5.811369982593589611e+00
4.873339640796184646e+00
7.023976830972565644e+00
4.275546497470802620e+00
5.692092150582207744e+00
2.468622734646002570e+00
4.589523368312252494e+00
5.896694900194804134e+00
5.778251942594845758e+00
6.289626836114459607e+00
2.890413318309518864e+00
5.775385108788808175e+00
6.200178965164555578e+00
3.514998381568325669e+00
6.211192975938319982e+00
5.531973823838764126e+00
6.211193500326739780e+00
6.211193912393516925e+00
4.143587105307314111e+00
6.366780716545052066e+00
6.909309307005670142e+00
4.468344135979811504e+00
3.736120473941167308e+00
6.083802200489573764e+00
5.963663879798517975e+00
1.973232733905315506e+00
5.423869615130954003e+00
3.074115631182988473e+00
4.300376880632506449e+00
3.028773932324515528e+00
5.837408822278181475e+00
1.469098862674501182e+00
5.642323284877670986e+00
6.462761574486891369e+00
3.291456301742129664e+00
1.477076857325103632e+01
6.236804702778656839e+00
6.272725102106730510e+00
1.370524510741233826e+00
5.681338854498333646e+00
1.395146022074752423e+01
4.899638322691123093e+00
1.335448820067776587e+01
6.818472483091884140e-01
3.433015415105554968e+00
6.077681723104582545e+00
2.638275453216499589e+00
8.900025008685059191e+00
6.599960319664742947e+00
8.598304827014605634e-01
1.173637109961774616e+00
6.986378479235701988e+00
4.249764610065354553e+00
5.950624777906471152e+00
6.220010421673456413e+00
6.069002338084909631e+00
6.455162360899977969e+00
5.780129667752318845e+00
1.244670469664865031e+01
7.019991405639383508e+00
6.153027740948729729e+00
6.153028282324473075e+00
6.688243223991658937e+00
3.316412269737985419e+00
6.076188066138161759e+00
1.497852027707629752e+01
6.239714724189705741e+00
5.957388544248209961e+00
3.326670731372303624e+00
5.667824762364228164e+00
4.771953115993075478e+00
3.250518929395410872e+00
6.178456317815515852e+00
1.369682152489821192e+01
3.948511773314741014e+00
1.804035629067156066e+01
6.678908674783176735e+00
6.921911850108040554e+00
1.440907197319799060e+01
6.304622356295585206e+00
5.305968929992781469e+00
6.390687804718812259e+00
4.615127878718905952e-01
6.018419716788662832e+00
6.460460575554106022e+00
7.198958572049935611e+00
5.063348696099387425e+00
4.290340081983142539e+00
7.012685986128118110e+00
6.332836012674702530e+00
6.392050739659203451e+00
7.059792803724606713e+00
5.701249699261452974e+00
4.098710395130845896e+00
1.421729488846328593e+01
2.879274588392840339e+00
6.307138742771413398e+00
6.507823009259171343e+00
5.546602205468548874e+00
1.242247004277176270e+00
5.841383124258783255e+00
6.172852431899971570e+00
7.649322924017906145e-01
5.762969262500604373e+00
6.316285707387659265e+00
3.772922825382815315e+00
1.387354944017198388e+00
6.090634696185588837e+00
5.055208350883590107e+00
6.588577040731906642e+00
4.623803830676608939e+00
2.884005120694637103e+00
5.856397809750504280e+00
6.069239677720600135e+00
7.057081834177176383e+00
4.225386559102270567e+00
5.745256494614813469e+00
3.279765359693103566e+00
5.613909080690807407e+00
1.107688300874498211e+00
1.030468052970038606e+01
6.164710939692126246e+00
6.514113190008534282e+00
1.195494518531693373e+01
5.731575645539495945e+00
5.843902968267599363e+00
6.064197795755333686e+00
4.854429025815592880e+00
5.738026537431610841e+00
5.587277248038185817e+00
6.357022634512848214e+00
1.728374079498979698e+00
1.260638545413812039e+01
1.786348179545667492e+00
7.028943300180965359e+00
6.949259706570042106e+00
7.024808351298172937e+00
3.586710792250103363e+00
5.319315431515375892e+00
4.329735581080118578e-01
6.363154447509183242e+00
1.703882546524206898e+00
4.847774026393889990e+00
3.376750378145112030e+00
