2.700799370532475873e-12
3.187149757184776965e-12
9.262574622686115339e-12
3.682556265333221911e-12
1.769676885344827775e-12
4.739658346299935774e-12
4.172534957376744825e-12
4.923350446788417428e-12
1.872036294547815145e-12
8.082472567645366996e-12
1.923302584765844123e-12
5.482241053432209523e-12
8.327777085837772702e-12
7.936491313899806683e-12
7.929280529074865590e-12
7.268329961095484042e-12
3.199119885013288828e-12
7.250300079800194685e-13
4.690606926935484075e-12
3.852971800303389208e-12
3.573088280652291015e-12
1.967116288512628690e-12
4.801335545468951863e-12
5.674008964459769575e-12
4.172575877959781499e-12
3.390941619906189696e-12
3.071726493595944552e-12
4.025112962881867945e-12
4.020595025540744697e-12
4.992380900806010659e-12
5.861816228955910904e-12
2.556216614982337767e-12
9.409512246167175475e-13
1.091433195453835301e-12
4.608989342005089921e-12
5.562925830278549297e-12
8.922831496779104012e-13
1.903069647139355682e-13
6.447510434773908868e-12
2.117036622075773257e-12
5.599963749231413950e-12
2.139540079370810070e-13
3.393765577962300439e-12
9.671467196627595735e-13
5.350396151751268686e-12
6.872666549719680349e-14
8.360927274640941859e-13
2.149045521050524644e-12
5.531998804056386660e-12
5.885114052341184946e-13
2.313115277342762339e-12
5.154203521627888782e-12
4.646064822697863312e-13
4.795523883113679689e-12
2.418675683092651120e-12
3.477285780843306441e-12
2.878115622384076611e-12
3.718341653560569291e-12
8.716604053704978468e-12
3.132085947692547693e-12
8.596405826851774799e-12
3.586718399981830879e-12
5.252218576034020190e-12
4.617463409221316108e-12
5.038585484055405118e-12
7.870105353768029649e-13
5.190092144912204489e-12
4.024148923148488837e-12
3.472475632244977375e-12
4.740255050365241245e-12
1.837202816300404882e-12
3.297921840692655841e-12
3.212693774470971423e-12
3.270061119575098466e-12
9.651010654354333737e-13
4.655775648062457139e-12
1.347038570047819790e-12
2.435378462357167951e-12
1.248624117363301920e-12
6.250798361726315765e-12
8.480132980589120697e-13
3.135973195669450439e-12
1.575880362091453408e-13
2.981569622617778373e-12
5.023957868914529488e-12
3.796803839219545654e-12
3.481844779131541346e-12
2.446666545787249861e-14
5.483203804911245617e-12
3.992821288117751528e-12
1.103763457617577454e-12
1.300273169292445379e-12
1.986363470426279303e-12
4.946570515743594385e-12
3.985255628034766152e-13
3.571267854338576004e-12
3.248633192551465868e-12
5.581149403689733998e-12
2.544558696811417326e-12
1.458826794191714166e-12
3.252929035692565735e-12
3.283441834827525089e-12
3.460619101210319258e-13
9.570709383784671598e-12
2.029802018854494369e-14
3.432450945350418709e-12
2.119580583032940023e-12
9.773981437223838343e-12
2.793747097743778271e-12
7.880384865359812553e-13
1.751904085481589816e-12
4.108650950000416024e-12
9.995209437502006414e-13
1.523203978379151028e-12
9.166093490372345667e-13
3.683433335502499877e-12
3.851461384600277794e-12
2.717241308380179897e-12
2.567862674078632127e-12
3.197421089485843902e-12
3.176776809074326710e-12
7.875362944103089155e-14
1.118251345310230025e-12
3.648202368876257023e-12
3.932867795080185711e-12
9.338021346927993579e-13
2.824757322539213855e-12
1.084894643023943318e-12
3.556448896361087919e-12
6.772705556514644266e-12
3.214184448193219121e-12
2.837300226530508059e-12
3.007401729970460522e-12
3.061288405652998007e-12
9.014303355575773877e-13
8.364928566903659731e-13
3.886782304859128155e-12
8.439156148014885839e-14
1.881944155267748198e-12
1.140096089379022270e-12
1.762024382284832333e-12
2.997641152810456391e-12
3.866747720474097593e-12
2.618436790085569556e-12
6.419362475701416886e-12
3.138989825856485785e-12
2.207556414447200818e-12
4.969363384914382522e-12
1.128764536127034798e-12
4.596257253849470848e-12
5.914796772548396159e-12
3.578169391146395448e-12
2.764215487303331276e-13
6.689875696615605172e-12
5.552136281197616084e-12
6.532731385717490572e-12
1.156978556384947932e-12
6.353632290524859315e-12
4.761558693798982998e-12
1.414484453556234025e-12
2.256135279707193471e-12
2.495386162110677164e-12
6.079409638223694618e-12
6.733734424509405212e-14
5.943076213496566029e-12
3.924235901613645505e-12
2.509974405546953809e-12
9.449888437868713680e-14
1.304820233592615709e-14
3.683333954657551991e-12
1.276101456265924860e-12
4.519797713660631414e-12
1.120124406680861373e-11
2.652975601081123198e-12
3.355623576794292313e-12
7.534957848037171094e-12
5.816883153031690808e-12
6.654914828051631164e-12
1.891344492644007687e-12
3.191509922023055287e-12
2.180683052487726706e-13
2.456584560315812240e-14
5.372624638253059932e-13
5.274407146141865146e-12
1.402856843590536438e-12
1.198617529021946434e-11
2.046567777789254803e-12
1.960106716563355866e-12
6.733400637856425512e-12
9.240224455164427156e-13
4.763883832717903167e-12
7.682977978786217797e-12
2.385875059603362841e-12
2.643491482862422122e-12
1.659268241109683765e-12
3.757246705109650228e-12
4.493761486568592287e-12
6.982903828910284552e-12
3.193153404890736395e-12
9.693793646781883839e-13
1.143261671958919829e-12
8.495436362496494699e-13
1.802123354528820432e-12
2.287568779670221162e-12
5.359621341760884582e-12
3.074155083617443508e-12
2.371420022500590598e-12
3.043287604329503189e-12
4.124443055695343987e-12
1.471633371009334172e-12
4.185556436996406700e-12
3.235171067178853879e-12
4.570107330161430794e-12
6.935575322968950241e-13
3.168171362594474889e-12
4.584148408612194881e-12
3.278539434908052534e-12
1.957303843356621860e-14
4.993012029553711167e-13
4.106220938271314399e-12
8.784073259674049787e-14
4.306819342462685070e-12
2.404481064367779555e-12
8.097376096505759221e-13
5.354418897794135781e-12
3.987519806361907728e-12
2.878691742420833970e-12
4.655736254308977648e-12
5.509466115759395068e-12
2.896503572401832634e-12
9.009959228440234744e-13
1.281310313123739265e-13
1.053017293407992061e-12
1.105728058847570543e-12
2.229926416406625722e-12
3.898129926844580079e-12
1.317823535342101418e-12
3.947547706583179470e-12
5.513000917896925929e-12
6.665087261869817885e-12
2.532144721424092208e-12
3.980606648663301196e-12
1.501047972903716314e-12
3.012210602620291781e-12
2.315544255042115448e-12
2.026805345841690829e-12
1.579924285839636917e-12
2.896402502259500678e-12
3.487882570599693733e-12
1.108559068430196810e-11
3.247742559236044982e-12
7.845472506925995306e-13
4.195947334164471108e-12
4.386268637771549168e-12
6.351535104947987845e-12
9.241593522223291624e-13
5.551079562810559832e-12
1.085573533035636774e-12
1.824634777354955740e-12
2.190912212757945517e-12
4.504249160701586401e-12
1.844171243289861314e-12
2.586646299804489293e-12
4.233315568635704527e-12
3.231267388818602162e-12
4.415381036140021275e-12
1.542665292846940347e-12
5.515932093098701999e-12
3.695352002977320640e-12
1.554449533225277856e-12
3.872096881975218129e-12
1.724822430040078622e-12
2.938857235002825621e-12
2.487756969116081100e-12
1.108006694421783093e-12
2.880798007557566423e-12
3.283423444632864577e-12
3.498484285912822465e-12
1.703365553857489434e-12
4.427077435681192491e-12
4.033144255815076827e-12
1.969935602713831379e-13
1.720025540636918836e-12
2.527039849344645579e-12
1.608562424527042673e-12
1.691044942433148517e-12
5.715744926324045604e-12
3.080095509230132629e-13
3.993231340139742053e-12
1.945152375267023236e-12
1.799009838457604874e-12
8.647393447404137545e-12
2.508800185146726572e-12
3.085809718307706157e-12
1.096194343928419945e-13
4.654144988368449422e-12
1.046062465269464643e-11
2.016396762639793847e-12
6.560720373498181858e-12
3.014049364957971003e-14
1.333455348022684721e-12
4.311867997642742796e-12
9.470741049074895715e-13
5.157516624230328726e-12
3.677086247729850764e-12
4.088478473066380440e-14
4.314770005151314269e-14
2.528761493396246270e-12
2.448849946525462958e-12
2.273011498542388493e-12
3.959735047676743513e-12
4.137298267945978992e-12
2.416423132979658397e-12
3.911430543774725487e-12
6.619370209496680081e-12
5.391544122628936680e-12
3.713893302101330700e-12
2.545221139086863392e-12
3.502549160259611377e-12
1.675496125494042571e-12
4.491264183150251749e-12
9.742798383342566335e-12
4.566238432827358952e-12
4.312712648961960652e-12
1.534506285330989827e-12
2.622668525335557173e-12
8.770829803603489134e-13
1.072097282395182779e-12
3.813057289471950477e-12
1.090017981809471281e-11
1.740548292753270298e-12
8.406256452039028219e-12
3.394387737968925726e-12
1.969500268042324764e-12
8.649319798699851842e-12
4.721486228532247160e-12
4.771799495937440592e-12
3.558659470256632343e-12
2.787539164035221066e-14
5.089271831953058112e-12
2.719138844042500034e-12
5.754266656736860580e-12
9.530771157310540714e-13
2.151194228056443532e-12
1.680957652121612041e-12
4.137982332863548704e-12
3.752050516163010050e-12
5.582894729864619854e-12
4.901230645685565754e-12
1.412904680697683512e-12
7.726326152564785829e-12
4.179250859372487843e-13
4.495294502182730208e-12
3.220609843898243910e-12
2.635523249713056296e-12
4.652458699292735187e-14
5.641251000225494959e-12
4.365894467278241767e-12
3.630957577938482359e-14
2.992906344820673552e-12
3.619355188393633838e-12
1.161993427912355048e-12
5.947246037232837184e-14
4.133130915204001220e-12
1.800345962591452722e-12
4.350343535459846102e-12
1.835207978400929920e-12
1.485827273151494662e-12
4.385997125443418132e-12
2.746069511519283228e-12
2.055832198322498108e-12
1.341283556206965554e-12
5.745348945784060498e-12
1.356097711003878607e-12
3.483244545827927385e-12
1.250460424180612170e-13
6.916367245491568767e-12
3.997460844925583286e-12
2.278538633401437320e-12
6.715868802923765450e-12
4.856540514270156127e-12
2.526254774943792506e-12
4.107126753376828163e-12
2.056498537088062374e-12
4.547562778839176300e-12
4.858114197627500789e-12
1.999906789097122862e-12
1.712218819614917773e-13
6.029316406328773753e-12
2.515946348983044153e-13
3.137852289504473206e-12
2.472575000610670422e-12
2.837217043350825993e-12
1.343959732325790500e-12
1.900585656294531437e-12
3.617505652153006554e-14
2.443342973484540563e-12
1.484569304983728510e-13
1.019755128252013425e-12
1.008835926198570815e-12
2.243994265336649556e-12
3.658046185174109046e-12
1.241120139410409920e-12
2.473041415710995725e-12
5.866816201233541635e-12
8.748298221668755233e-13
6.327568262276128569e-12
3.646057970570468780e-12
1.432378776341863155e-12
1.020095727519378910e-12
3.355373283898904695e-12
4.386164061541673178e-12
2.768067039571056937e-12
5.791391270580242673e-12
3.255046424501516553e-12
6.659411720560284394e-14
7.458929165916860893e-13
7.228106319562987357e-12
1.774605423060150223e-12
2.446083190532990028e-12
2.307450085165491816e-12
8.472247269343395472e-13
3.101967859615775025e-12
5.769555742231404308e-12
4.002611065785275690e-12
1.603573022040610232e-12
5.082443243396547052e-12
3.512353316782273204e-12
4.459078612954604435e-12
2.288045882909411525e-12
4.695895245162907381e-12
1.019440110590306548e-12
4.259738159149963283e-12
3.751111659237002612e-12
6.560580738109358191e-12
1.714156547769867013e-12
1.606562561169225366e-12
3.834309467374264894e-12
1.393074139717859646e-12
1.722418333381071199e-12
6.960042700645401050e-12
2.064476974227332099e-12
7.725456167681018996e-12
6.668453833801388834e-12
3.957272685057943613e-12
4.949048136544952871e-12
1.234242771666992232e-12
4.166268366985778693e-12
2.889572916145610577e-12
1.333661161535487270e-12
1.684454562477989408e-12
5.166387887432324018e-12
4.489004984051542196e-12
2.491141042752888522e-12
7.556996807056516631e-13
5.782554686348880549e-12
2.080036475386538183e-12
8.876236017395596432e-12
6.378438364907284904e-12
4.426613933389224273e-12
5.156965248919795088e-12
3.930246737651153802e-12
2.084175663653615780e-14
4.597300549940558232e-12
1.897166332620593630e-12
5.707193392337746805e-12
9.067822479076959016e-13
5.734629043232248979e-12
1.758942016505692925e-12
7.389221761364600198e-12
1.658514276232532648e-12
4.558010648408007157e-12
1.058549830022236851e-12
8.483753574593155293e-12
4.891126449879816828e-12
4.013220861927188969e-12
4.634063439862759718e-14
3.684820367641775540e-12
3.636511498998696131e-12
2.556971802038914975e-12
6.152682545164474451e-12
5.084709967597309510e-12
1.942213213817765255e-12
4.128953233567954087e-12
2.489303448117535923e-12
2.319867922365234569e-12
9.127254555641637653e-13
9.756881621954472902e-13
3.357115597450312719e-12
3.246492738614981101e-12
1.986864637516010195e-12
3.408241406327709569e-12
1.971127108925718497e-12
4.688934337721905309e-12
1.847406513458238765e-12
2.944418027594935617e-12
5.493052794481637316e-12
2.653497867737201486e-12
2.766560803124566858e-12
3.189196417456461516e-12
