2.616159626125984884e-12
3.103169809822453401e-12
9.165940957997736472e-12
3.582605317903020511e-12
1.681900904471981989e-12
4.647156855316755046e-12
4.072550162248607515e-12
4.827733270041323990e-12
1.782938065112854909e-12
7.983993869892570487e-12
1.837599906672440000e-12
5.383113500605085114e-12
8.229315120353262755e-12
7.839105505041628204e-12
7.852451057523935017e-12
7.169872775281725690e-12
3.107194891000339369e-12
6.293926221561257988e-13
4.685955186196704654e-12
3.752979487038329554e-12
3.484438786739746044e-12
1.882903461509647474e-12
4.842447644711112668e-12
5.576402350327814031e-12
4.072587240730726485e-12
3.307312906575523674e-12
3.183400423794345270e-12
3.925299564203337744e-12
3.931337675665362960e-12
4.892380976568916818e-12
5.767455682171787249e-12
2.474338792243189587e-12
8.475494133070340618e-13
9.948721494877867930e-13
4.560996691150220169e-12
5.508156664975636786e-12
7.964991859488046403e-13
9.854950439612213144e-14
6.347580928202737136e-12
2.035164955328997211e-12
5.508837812949981134e-12
1.205502637057973715e-13
3.293791462859848486e-12
8.713462543151893857e-13
5.252697323071737882e-12
8.573983941899809598e-15
7.390402695491996561e-13
2.063381892181667297e-12
5.436609676441980593e-12
5.510847257009476325e-13
2.217591534798636655e-12
5.055233638227001425e-12
4.050406410650261838e-13
4.719252312492416668e-12
2.330372217095746377e-12
3.391778010908395426e-12
2.786180010773177022e-12
3.651386413027695392e-12
8.617606307657695158e-12
3.261632041781347175e-12
8.499234111690676347e-12
3.498520805446887376e-12
5.159168762569030212e-12
4.518650131254766196e-12
5.006840212883181948e-12
6.921172666438446008e-13
5.189177051036834771e-12
3.925171858970026719e-12
3.380991854075300343e-12
4.731176003071315711e-12
1.749447250657977557e-12
3.208324965312968474e-12
3.112697821234594093e-12
3.328656588652734470e-12
8.675322247406499106e-13
4.562582492583756679e-12
1.261555548236997996e-12
2.349179252032558323e-12
1.166141138704945645e-12
6.153573521053621481e-12
7.510469379891134157e-13
3.037998597881252975e-12
6.848923299214930624e-14
2.915922549789316752e-12
4.923966626918963440e-12
3.943290689647299322e-12
3.387760814439629646e-12
nan
5.534408798899274390e-12
3.899677087636282585e-12
1.011029148936262190e-12
1.215618441511133420e-12
1.899331234195879200e-12
4.854070996878999795e-12
3.027861529477338074e-13
3.485897601510862502e-12
3.160861254757792874e-12
5.481682042282266041e-12
2.459487737724556878e-12
1.370357675770135544e-12
3.160934107367292089e-12
3.183456222599267094e-12
2.640383011120181985e-13
9.471798068471375828e-12
nan
3.339398910516506382e-12
2.034235137986993744e-12
9.674605793915652113e-12
2.697974553670688149e-12
6.902693687081204325e-13
1.654511025164195524e-12
4.008659776589838186e-12
9.042401284883988259e-13
1.437596170890974720e-12
8.198173833895199586e-13
3.583436503997539662e-12
3.765939404466602100e-12
2.626985733038401296e-12
2.486417503136439866e-12
3.105825685360795259e-12
3.076829148932501045e-12
1.931640404675014761e-14
1.037471308153781391e-12
3.583316523338264565e-12
3.976335084674849426e-12
8.396554056733553026e-13
2.733769255500038139e-12
9.897663041684282820e-13
3.466769566489852299e-12
6.676530850354646935e-12
3.256054501514855899e-12
3.052550717213902746e-12
2.913923848891718907e-12
2.974003205829138424e-12
8.162511609507549778e-13
7.394901522060036521e-13
3.786791246251138076e-12
2.562235594645865433e-14
1.793596854350744597e-12
1.054657615938417450e-12
1.673658004502668823e-12
2.910592627425686468e-12
3.776555654584819119e-12
2.537858037680275220e-12
6.323004835790682542e-12
3.051161132749789667e-12
2.123692319351735664e-12
4.874508002091443434e-12
1.035161508391854207e-12
4.531354032323011358e-12
5.821067478251203217e-12
3.748490119558979592e-12
1.943614910192527825e-13
6.594285691753103509e-12
5.453263271342657678e-12
6.434799045253794622e-12
1.067100176846981082e-12
6.254492723026462469e-12
4.708852965629154552e-12
1.327429802251557370e-12
2.165214916216581288e-12
2.412175468924696604e-12
5.986311872659741699e-12
2.381460350863420196e-14
5.844463770044702725e-12
3.824251522159034109e-12
2.510553898497638332e-12
6.547111011668691651e-14
nan
3.583416167179880438e-12
1.188079451025367925e-12
4.419835901088244885e-12
1.110136165599261174e-11
2.567638283887330250e-12
3.255645436396934012e-12
7.434958214794886023e-12
5.720037676536786670e-12
6.558589990474982759e-12
1.799406714914094330e-12
3.100286921538610374e-12
1.540390223811447020e-13
nan
4.729236304439157690e-13
5.182680040983095099e-12
1.309530293578210523e-12
1.188714063307542518e-11
1.962077576761680912e-12
1.873209375220965766e-12
6.734404966198940157e-12
8.290123138822302547e-13
4.670422879148475005e-12
7.591323875802131565e-12
2.298148237390096908e-12
2.557794744541414605e-12
1.563339570027676618e-12
3.737710422078724907e-12
4.403064838262257827e-12
6.983884035573036550e-12
3.116264178226987351e-12
8.750758250710973009e-13
1.070485239865214407e-12
7.534557628942429232e-13
1.715038022044890195e-12
2.195099453149197652e-12
5.265301730957131393e-12
3.246619061196127093e-12
2.279268064872921404e-12
2.947021330991924757e-12
4.216290058906144633e-12
1.384597116312365509e-12
4.090966453491032023e-12
3.196409834691513425e-12
4.480442414851832022e-12
6.194956623182172215e-13
3.075855429841899258e-12
4.491209039378921429e-12
3.192912551433856837e-12
nan
4.072013049263002549e-13
4.062034632278338838e-12
9.105130688728037105e-15
4.258193787016845560e-12
2.323720432456034750e-12
7.145493384086712728e-13
5.255212106377262206e-12
3.901380342812184464e-12
2.795504590007628901e-12
4.555904561296887420e-12
5.411500079044223094e-12
3.071646451111830620e-12
8.059877126104504970e-13
4.092369563755082784e-14
9.597298756954025414e-13
1.018514018396026441e-12
2.144033762419443043e-12
3.890356638020767622e-12
1.231553428884329384e-12
3.859548096136738739e-12
5.419655489570182831e-12
6.566297454688244579e-12
2.446695241811007002e-12
3.967422335637199568e-12
1.414540541242853994e-12
2.919063032446255250e-12
2.230820487850851665e-12
1.938590101451669037e-12
1.487165898519055362e-12
2.804546568965300854e-12
3.392803771515246408e-12
1.098567995357495957e-11
3.147753428987364113e-12
6.888005212768218477e-13
4.109217367549707646e-12
4.299967864411487048e-12
6.251541673659975480e-12
8.286454850574889586e-13
5.451348930401987381e-12
9.962236324438399766e-13
1.737230165140207391e-12
2.102074683118201777e-12
4.412968342447482532e-12
1.746895141307411969e-12
2.497120130218305081e-12
4.141850580848428752e-12
3.148108982826867185e-12
4.322014772087484955e-12
1.446308636228701901e-12
5.415938077804425956e-12
3.863874920465748271e-12
1.463182770876977426e-12
3.858796760519519411e-12
1.634613695284862254e-12
2.843607826531997255e-12
2.397421403901327583e-12
1.021467932681598119e-12
2.789226404609778763e-12
3.183441882714973306e-12
3.407898076357947180e-12
1.611979615777987260e-12
4.414539330034570077e-12
4.120398999426365109e-12
1.081351459326298496e-13
1.629143414327708084e-12
2.434544546437217229e-12
1.522628546160667962e-12
1.596083981362082041e-12
5.619712750691409562e-12
2.217257913635019929e-13
3.900489895299028390e-12
1.857721140055064517e-12
1.706258619642061231e-12
8.556938849794863480e-12
2.422877652672866258e-12
3.013941366400429580e-12
2.145958751215566433e-14
4.557521983679688644e-12
1.036634032224199750e-11
1.926164973980486958e-12
6.462209052198772936e-12
nan
1.242035440001873011e-12
4.244036779834177911e-12
1.010248179825368017e-12
5.060643709798433224e-12
3.590222723443191946e-12
nan
nan
2.596179395268966343e-12
2.355970552088405694e-12
2.190422285111826556e-12
3.859752354344573237e-12
4.037301488706171326e-12
2.330556828829879257e-12
3.864606286682463136e-12
6.637140415356465455e-12
5.447467994883555169e-12
3.865250844678391286e-12
2.460897535535191931e-12
3.402554731660294086e-12
1.582790108683326886e-12
4.586554892583159033e-12
9.644311522106614508e-12
4.571151488430674736e-12
4.212720775103405947e-12
1.441998727552302117e-12
2.535282251303108514e-12
7.824727746130978638e-13
9.752290831770751105e-13
3.880854482819298876e-12
1.080451690346758224e-11
1.650937918712006885e-12
8.306267097551162744e-12
3.294449665480297183e-12
1.884163825953420680e-12
8.561164290058113696e-12
4.621496262966537046e-12
4.684500069771658854e-12
3.640228230971020937e-12
nan
4.989738122378223008e-12
2.625786912889653866e-12
5.656763293318441037e-12
8.592803626488717673e-13
2.059334784221230341e-12
1.593690572240530703e-12
4.051106903877022107e-12
3.652069266358896296e-12
5.483676993060493257e-12
4.806792730605342485e-12
1.326330367133091391e-12
7.644022869245794426e-12
3.484935823396483024e-13
4.516842270221398269e-12
3.410258188883068415e-12
2.549012452267065437e-12
nan
5.542997886783489632e-12
4.371646422032392429e-12
nan
2.909027111422049694e-12
3.533202413989150991e-12
1.075927023601149272e-12
nan
4.036438945916203575e-12
1.711126859798077140e-12
4.250357289519779292e-12
1.744703120391423816e-12
1.389206272186627637e-12
4.286004458118025916e-12
2.663498734812293682e-12
1.969761083281893139e-12
1.256747662356557002e-12
5.646700859571701725e-12
1.263243751476002547e-12
3.397572381921567253e-12
6.642083930471820200e-14
6.819298716289756953e-12
3.907389387811654860e-12
2.195287040587277492e-12
6.620438570527851245e-12
4.769281644138669057e-12
2.439782166726880376e-12
4.007822635262343651e-12
1.970295382765164414e-12
4.447952636911776996e-12
4.758663769250062382e-12
1.914272179514212707e-12
9.724664527744395210e-14
6.058129278605486159e-12
1.599905446751835606e-13
3.038064567860263948e-12
2.395468965058380674e-12
3.022210534935315011e-12
1.252981351148765807e-12
1.814786342119232905e-12
nan
2.355127402430766757e-12
6.684211806398809846e-14
9.262538038758749080e-13
9.112160583791081425e-13
2.156117601237304811e-12
3.571276138637946368e-12
1.160388511738758179e-12
2.383044539368647155e-12
5.770768249481887523e-12
7.794855488474170152e-13
6.227749767125054640e-12
3.546240076894975551e-12
1.345981254716170263e-12
9.264343193490960504e-13
3.255674916649663835e-12
4.286852966486042966e-12
2.684919586608055344e-12
5.691391270672434559e-12
3.293653127218916832e-12
7.737911734093805530e-15
6.498130021883834042e-13
7.133376645436733477e-12
1.686068823895712501e-12
2.363068825075298149e-12
2.218098364889010573e-12
7.512544833276630445e-13
3.018412908091151493e-12
5.680345885302415144e-12
3.913638921626800738e-12
1.512093406651857326e-12
4.986893266198134520e-12
3.426275760604586909e-12
4.359085459257523856e-12
2.202843214267328499e-12
4.600778379029004491e-12
9.260761968819752508e-13
4.166681836772336751e-12
3.651128968666835253e-12
6.460608344338317193e-12
1.625621506666339788e-12
1.518333609592874665e-12
3.848192832473807458e-12
1.300008532810629900e-12
1.633920546310215155e-12
6.860129617367383110e-12
1.980703313404459926e-12
7.641646672634893888e-12
6.581138402120035083e-12
3.869295542343747050e-12
4.852885034469214979e-12
1.184039764202074295e-12
4.104112486063765848e-12
2.807031176809027316e-12
1.241448969804362190e-12
1.593335331341702629e-12
5.122809966583396923e-12
4.393265612120237475e-12
2.467146742331022532e-12
6.599916377953920674e-13
5.683505765303288298e-12
1.994822184623107660e-12
8.777546113776250093e-12
6.343486209959810631e-12
4.327295501002635573e-12
5.056965450859321313e-12
3.873547718598821318e-12
nan
4.574584960877016828e-12
1.808589631315844324e-12
5.614519905239257526e-12
8.101884383436085193e-13
5.637291159331046000e-12
1.672332636505881690e-12
7.290544196760087580e-12
1.568625631985974715e-12
4.526190523547630003e-12
9.604641026653953232e-13
8.386705319549894395e-12
4.792583041252446585e-12
3.919762751953306866e-12
nan
3.595701925863980473e-12
3.545673142794976941e-12
2.466082030078908638e-12
6.055892502128312479e-12
4.986461870712983006e-12
1.846884853190169732e-12
4.142200578614985455e-12
2.406688053951699676e-12
2.235694565466539830e-12
8.190324386325880623e-13
8.793279996137127194e-13
3.260689068413265578e-12
3.147602158603949501e-12
1.901295630276720721e-12
3.365352797290722975e-12
1.878519743839973270e-12
4.588995498685407818e-12
1.758844401757323120e-12
2.858193438931107204e-12
5.397307514361771845e-12
2.568021691106780870e-12
2.679519322348299164e-12
3.100249370128959439e-12
