3.097968367242521135e-12
3.659693187141232575e-12
8.794233977845422196e-12
3.182618967934788903e-12
1.765131466631617121e-12
5.203805338940223584e-12
3.672556228660253305e-12
4.429162260498724734e-12
1.870829067194976870e-12
7.586431022954536031e-12
2.203083265783298162e-12
4.983903608096021215e-12
8.427226524584371875e-12
7.454250302106598234e-12
7.489008814623560783e-12
6.773836700009145290e-12
3.459840575423902858e-12
3.714925466051298224e-13
4.287297944701048428e-12
3.352984135858433500e-12
4.154625126830042646e-12
2.347545246577443394e-12
4.490331242023624406e-12
5.176749758421985841e-12
3.672595076002748795e-12
3.820481712281920852e-12
2.783653431419107059e-12
3.525329444734196059e-12
4.346067505785355780e-12
4.492381018214014702e-12
6.566135721057166956e-12
2.901799559454248449e-12
7.612898166937152057e-13
1.119730214822234685e-12
4.222203424482659799e-12
5.112487521523228562e-12
5.770655412782035215e-13
nan
5.951313042421824962e-12
2.557232595032470114e-12
6.155449872262611278e-12
nan
2.893795511700062107e-12
8.537456804754491611e-13
4.854979804327189654e-12
nan
4.880560709097184911e-13
2.164201324229731236e-12
5.902310814192574894e-12
5.614278092244772709e-13
2.473314680512954777e-12
4.655246623057784820e-12
1.871645973414226917e-13
4.319656174884098997e-12
2.654727851054143048e-12
3.896803901590745003e-12
3.068618814208937804e-12
3.251530069278246323e-12
8.222561826331581352e-12
3.214848702770625544e-12
8.959931913392535620e-12
3.802565838069923446e-12
5.812782094619095399e-12
4.118796088323668672e-12
5.048689136669998850e-12
4.474429844826186675e-13
4.885735508464990732e-12
3.525224099868243762e-12
3.948964930326169297e-12
4.621910201889820284e-12
1.885583179984442489e-12
3.566022558034844773e-12
2.712711233682865978e-12
2.928764288102733336e-12
8.632222470141236767e-13
4.975739407292076543e-12
1.269128453618255394e-12
2.564006526107181765e-12
1.193374276540703294e-12
5.756437989108386973e-12
5.372646972017684114e-13
2.638175955232122208e-12
nan
3.310789390669188149e-12
4.524656782440618841e-12
3.744222340712076119e-12
3.895771515734728291e-12
nan
5.318793159974827622e-12
4.356872707354575248e-12
1.142112763301751116e-12
1.230504918955141872e-12
2.344472992719164448e-12
5.140319347889402300e-12
1.313548289299962545e-13
4.046662080451684513e-12
3.716940780311410881e-12
5.082224551356517164e-12
2.591486637014675984e-12
1.359363726437015586e-12
3.703180669664273847e-12
2.783467648871764327e-12
4.110528131591975127e-14
9.085435095411003210e-12
nan
3.901361617476237352e-12
2.397400810109279532e-12
9.411096475895743041e-12
2.980019008504676741e-12
6.632911920106633107e-13
1.758161800280586168e-12
3.608704867241441419e-12
9.470977905988615271e-13
1.395857908416281692e-12
6.152700451414762063e-13
3.183438316193677534e-12
4.270676115366184772e-12
3.071453824253971531e-12
2.929383639633046227e-12
3.459005131299461237e-12
2.676859442242201455e-12
nan
1.134368364264886576e-12
3.183412167873145236e-12
4.020207881167418941e-12
7.182210426078847478e-13
3.017458139911576902e-12
1.116754027236586883e-12
4.110623833145833843e-12
6.282135728074510060e-12
2.856328662950214700e-12
2.712102163001657336e-12
3.428488404524171818e-12
3.446708702808229327e-12
8.521743191976606781e-13
5.260263568894208604e-13
3.386862449334465515e-12
nan
2.162090931349189034e-12
1.170593440423610632e-12
1.834827078536872531e-12
3.153150228769785449e-12
4.181725813022851859e-12
2.945544544322461072e-12
6.633013183792631070e-12
3.601361805921827348e-12
2.594248069808029509e-12
5.495729543042838113e-12
1.158925980201483034e-12
4.222323110559115109e-12
5.422575092243561426e-12
3.526569258495696572e-12
nan
6.878934987051806346e-12
5.053282811950218182e-12
7.377385174366158288e-12
1.157690327495462416e-12
5.855534886888718561e-12
4.783267504637446988e-12
1.306984933195726882e-12
2.437862127021986754e-12
2.669757411223595133e-12
5.589128429014671358e-12
nan
5.448253403689082025e-12
3.424259910577293934e-12
2.638851532683777121e-12
nan
nan
3.183448011591447307e-12
1.268343062204220707e-12
4.019870128762344973e-12
1.070148191957473325e-11
2.987292882640247195e-12
2.855666402807533828e-12
7.034958536145348474e-12
5.320910421429000344e-12
6.163793871424745808e-12
1.923339530786952223e-12
3.452819208809617075e-12
nan
nan
5.887642108456786756e-13
5.779398455120404810e-12
1.379012517577611268e-12
1.172645162727451455e-11
2.275663631893772997e-12
2.053175868279979032e-12
6.368752417792585578e-12
6.217318095666158555e-13
5.267522503549378275e-12
7.197959916483488277e-12
2.581678189791065453e-12
3.080733385608898994e-12
1.658289650565941986e-12
3.957359374643399585e-12
5.046557700693543830e-12
6.736856100326027305e-12
3.516719094834561885e-12
8.326841313406316149e-13
1.144810788519224341e-12
5.124468741170469123e-13
2.126788070797731614e-12
2.378512711731509307e-12
5.739299530178232746e-12
2.893485775080647290e-12
2.497640064234535831e-12
3.446004290260987631e-12
3.853838017219942789e-12
1.371379629046117963e-12
4.510699562568607023e-12
3.487849975598417425e-12
5.060657299191470960e-12
6.428591959212746781e-13
2.965805751360740211e-12
4.264278109242516504e-12
3.652106811620601242e-12
nan
2.390428465711245056e-13
4.197951322169672143e-12
nan
4.342818472908292669e-12
2.678659096460206689e-12
4.683663789779393136e-13
4.855657025029635756e-12
4.311621213429478835e-12
3.248391066509526044e-12
4.156578729433970121e-12
5.013546806361435276e-12
2.676993108571244355e-12
5.952049650035679099e-13
nan
1.055923269148393969e-12
1.156728705364647669e-12
2.612592702796264898e-12
3.963041734220302620e-12
1.239498802431694748e-12
4.354997218004461601e-12
6.170732193921955981e-12
6.167026474865656469e-12
2.884972712104517119e-12
4.016385871545197429e-12
1.438625854695067794e-12
2.547021941639920718e-12
2.665274385491122533e-12
2.057700327778961930e-12
1.580612556276000985e-12
3.096899760937744736e-12
3.320089169884768579e-12
1.058581362930941730e-11
2.747759145316845786e-12
4.355226551214507571e-13
4.396269953610873775e-12
4.637581650819733017e-12
5.852718136467340394e-12
7.046937993064991978e-13
5.051360392317237574e-12
1.095098630862444543e-12
2.173030619880114342e-12
2.242957334990052147e-12
4.779127983761198261e-12
1.854956187233078171e-12
2.680026005604417196e-12
4.715302518922532944e-12
3.650250056290205050e-12
4.165077075340454482e-12
1.506962626730939826e-12
5.015938158047370653e-12
3.490626327428675323e-12
1.524145924008154701e-12
3.459074266479728454e-12
1.662121600908447376e-12
3.342963639024605147e-12
2.808076421104412133e-12
1.157064322826858188e-12
3.267844783586619705e-12
2.783454270983991136e-12
3.814324346459488794e-12
1.685865885767366419e-12
4.517314719829024355e-12
3.744903764458363507e-12
nan
1.663939323244173936e-12
2.642377637056070729e-12
1.532777857144603943e-12
1.525909666965294738e-12
5.343451187890796891e-12
7.797772934282791607e-14
4.211433093639156513e-12
2.110689779249156970e-12
1.845407130368681133e-12
8.182712509734532671e-12
2.827784568985336423e-12
3.379410558255518130e-12
nan
4.157998736409143785e-12
1.001906449980870085e-11
2.033888218382218770e-12
6.062945474465278163e-12
nan
1.319106235220745090e-12
4.488788246870075083e-12
7.816486777818029969e-13
5.868497307208080880e-12
4.111699666784481489e-12
nan
nan
2.638584944794751810e-12
2.560118250463923923e-12
2.336730639467387942e-12
3.459763278148211510e-12
3.637307308798690726e-12
2.770982420119396651e-12
4.005212910147418892e-12
6.307317229063398987e-12
5.079749959974809055e-12
3.527633130300322718e-12
2.868506981023571764e-12
3.002555872677077439e-12
1.689726430082696563e-12
4.487372565845270623e-12
9.245776504420938080e-12
4.255922318498408887e-12
3.812725428624908843e-12
1.522541904167442736e-12
3.019139523685112533e-12
5.563696772857637724e-13
1.086279037697802736e-12
3.491663240742734539e-12
1.043879656354407919e-11
1.733952736391916710e-12
7.906274253272595928e-12
2.894455161400365765e-12
2.326379333028931320e-12
8.184673045914718779e-12
4.221504821389154369e-12
4.958367891689769159e-12
3.252121169584499776e-12
nan
4.589738227364273209e-12
3.060293556990384317e-12
5.995825803153777454e-12
7.970191612804036647e-13
2.213625845981301076e-12
1.891091388269698998e-12
4.474359100791393152e-12
3.252073649020177889e-12
5.084741536329797200e-12
5.374858736406021791e-12
1.357731636760738476e-12
7.250280147963482307e-12
3.305831746254570778e-13
4.221298746102275155e-12
3.112812902533804869e-12
2.777487889932393763e-12
nan
5.143961626759739869e-12
4.430468853707449704e-12
nan
3.447332171725583792e-12
3.953002407209662993e-12
7.459234055065825959e-13
nan
3.638470404959759376e-12
1.789074270130027269e-12
3.850369441960915936e-12
1.844899322035230758e-12
1.450787636080988795e-12
3.886303300458238669e-12
3.091335331755356427e-12
2.515809991953370330e-12
1.274708624924880390e-12
5.247578258111191663e-12
1.353798661005023900e-12
3.849846811955042241e-12
nan
6.426917581051400579e-12
4.421697636298701793e-12
2.631460214428970546e-12
6.224318158230651083e-12
5.078296424930418112e-12
2.804116050302511131e-12
3.609515089365692284e-12
2.008162089463054479e-12
4.050844466573083264e-12
4.358744758473056563e-12
2.118145476046947345e-12
nan
5.885493461154640995e-12
nan
2.638248885423918588e-12
2.774898915180255418e-12
2.638442955242638714e-12
1.342048179656965737e-12
1.888794166080288968e-12
nan
2.773207303166327539e-12
nan
9.620991195141325329e-13
9.343210603881539847e-13
2.283181859498697362e-12
4.057454575796639612e-12
1.188921665556489815e-12
2.551658253979163094e-12
6.457020735673573805e-12
5.500780717607906239e-13
5.827915372326752014e-12
3.146263000653461052e-12
1.343179321146383380e-12
9.802222087509786624e-13
2.855728399278735538e-12
3.886933592779343671e-12
3.140402193206796875e-12
5.291391271984743765e-12
2.893934412870591547e-12
nan
3.995065902519899427e-13
6.740781466131979541e-12
1.702990215784997874e-12
2.672430670506019961e-12
2.342894795792655139e-12
5.190623104375319063e-13
3.554690753644174987e-12
5.902024563919280914e-12
4.297660446437777331e-12
1.576110324466004853e-12
5.484297700728238272e-12
3.878511303540727773e-12
3.959089202749066294e-12
2.122597918846325821e-12
5.230607927362646416e-12
9.759429075512708615e-13
4.721837323654523760e-12
3.251133499639352588e-12
6.062548749808631217e-12
1.808972141075772276e-12
1.535544593988493139e-12
3.957547146546796607e-12
1.389899574133679893e-12
1.771737292212306718e-12
6.460167034276437807e-12
2.383214444349240898e-12
7.249761545833503861e-12
6.193076554136226715e-12
4.557462154000201295e-12
5.486684615392910348e-12
9.250920198578713109e-13
4.251061962787399405e-12
3.247227743317787829e-12
1.320608147490882217e-12
1.691725016549858963e-12
4.725233211391692168e-12
3.993331286912589326e-12
2.638022112197771418e-12
4.068041983181855010e-13
5.284470431302057091e-12
2.105132772374538756e-12
8.377778909646418789e-12
5.953721382574862622e-12
3.927329939838817591e-12
4.656968853433132191e-12
4.050038342943890309e-12
nan
4.654327956807625000e-12
2.223704740996170760e-12
6.205756987303209251e-12
6.234019286011844643e-13
6.480980462186094632e-12
2.044620466654687989e-12
7.402729101367977592e-12
1.618059868475887167e-12
4.222779868440973756e-12
1.106045841555364770e-12
7.987627612341282901e-12
4.392984658569823373e-12
4.604004572432699149e-12
nan
3.886604964849676864e-12
4.185318102066842326e-12
2.884131040667246235e-12
6.306462575753129006e-12
4.587901898774889932e-12
2.024411029901598912e-12
3.746286617062707910e-12
2.626066218575791618e-12
2.657879527698892539e-12
6.504633399114570066e-13
8.831824971543974241e-13
2.873425359734592186e-12
2.747698932902661712e-12
2.342167238015764405e-12
2.965822504344513538e-12
2.042709211628815072e-12
4.189018512694922008e-12
1.822442594927472760e-12
3.325616397367023588e-12
5.664601962980721827e-12
2.803025508272208255e-12
2.899814948513711909e-12
3.427852732405777648e-12
