1.407815807736112479e+00
1.777818482565436398e+00
8.498770195724986820e+00
2.130277283730439564e+00
7.116703709317900861e-01
3.199238104955070217e+00
2.569284581749610386e+00
3.294238094395506078e+00
7.804946507994268146e-01
6.927140100833167224e+00
8.211329725098932553e-01
3.869546781405650115e+00
7.363650068111125435e+00
6.875038971449652259e+00
6.757940536869609716e+00
5.907350627490830064e+00
1.805712316005557261e+00
1.586843869499561244e-01
3.075195541054461135e+00
2.279843184007981360e+00
2.097341316352313356e+00
8.526614106706915663e-01
3.233728306713526734e+00
4.074575863702115441e+00
2.569323575891729217e+00
1.952011826407769268e+00
1.665544636782568588e+00
2.434402465930501247e+00
2.523372260750459617e+00
3.362598130876225166e+00
4.521170432067359357e+00
1.273771171211414366e+00
2.577050677814588520e-01
3.373109322268611487e-01
2.993064414932356421e+00
3.995851093846743751e+00
2.297275346690534903e-01
6.397907427903684260e-03
4.936548436257687911e+00
9.494390460883834759e-01
4.160059066066990496e+00
6.476015204533730127e-03
1.884659943272075644e+00
2.681061669972388817e-01
3.731834737276535474e+00
1.028724274756205809e-03
2.028141282781668886e-01
9.661827237317017758e-01
3.994535428985617198e+00
1.336486852264057168e-01
1.076095982266037421e+00
3.527639187547042532e+00
5.699186330802148703e-02
3.188222311698010181e+00
1.173490561602793525e+00
2.031108800514628498e+00
1.531249108765669664e+00
2.177171688498797053e+00
7.788964381247799551e+00
1.784531432115133320e+00
8.018977300099747296e+00
2.137486496174078709e+00
3.889847844552797529e+00
2.991586838972757345e+00
3.563834250802937476e+00
1.851108567689212503e-01
3.648114543000446908e+00
2.433849849985175062e+00
2.013588419707704080e+00
3.198595416210175291e+00
7.620054554457718066e-01
1.884169591519241571e+00
1.735892455168565718e+00
1.840130764953580300e+00
2.677534791822581695e-01
3.136731127192366131e+00
4.713211606859339931e-01
1.189925592821865497e+00
4.206297716804263676e-01
4.711561315755719015e+00
2.097794325698592588e-01
1.675485732921281112e+00
3.884385022635760201e-03
1.595751271966604046e+00
3.394745368731778790e+00
2.364809245529467141e+00
2.011869920169204740e+00
4.952272193262468652e-06
4.033981915355621339e+00
2.505113124964881699e+00
3.443732416061885404e-01
4.469906494384197626e-01
8.637115463870734811e-01
3.370801655696503474e+00
4.438970312389167033e-02
2.109883299732427275e+00
1.854851335875608020e+00
3.974732703691971736e+00
1.260600894842083042e+00
5.311858446591726235e-01
1.805654395010404922e+00
1.793508712584021225e+00
2.152185857162226823e-02
8.927120525855428923e+00
4.952272193262468652e-06
1.937908624921459211e+00
9.441969827801538484e-01
9.335134408688777086e+00
1.444085415810578255e+00
1.853569841800811469e-01
6.990579153399621992e-01
2.510502709741404992e+00
2.855651529874358996e-01
5.666220857554351564e-01
2.427402173156444076e-01
2.131031535474203320e+00
2.359845005140860597e+00
1.378072398687414157e+00
1.289990260612213113e+00
1.804679493193610984e+00
1.706830814652911421e+00
1.472671377314288587e-03
3.532983605691493723e-01
2.122556493008444178e+00
2.488528445295419722e+00
2.541889183515001482e-01
1.500885818986874565e+00
3.332819538318171904e-01
2.085855428066113681e+00
5.314310091307610229e+00
1.781876105776375452e+00
1.518756789852130362e+00
1.601419266882248671e+00
1.703370216493998779e+00
2.278863954565620575e-01
2.056379073552348224e-01
2.309937533702027146e+00
1.794103797134947911e-03
7.941970544067478155e-01
3.654046236045981888e-01
7.120978986774473274e-01
1.657075574370875382e+00
2.336865882864091137e+00
1.323904670599814315e+00
4.965426425287361667e+00
1.720445542943990436e+00
1.003377102287210665e+00
3.497091525835181791e+00
3.644935579397890479e-01
2.988985716316833408e+00
4.340761990191267294e+00
2.172944632595237735e+00
1.584895785346084052e-02
5.269950155583389417e+00
3.943862025192375498e+00
5.284505019169989382e+00
3.835200657875060815e-01
4.828063494398262101e+00
3.238561852731160151e+00
5.071550276091862930e-01
1.039244541491152196e+00
1.240955928092237759e+00
4.522678595389982625e+00
1.786860009369901480e-03
4.371826506067513662e+00
2.343387842302637303e+00
1.208063535291400648e+00
3.467868679340334673e-03
4.952272193262468652e-06
2.130962959280641833e+00
4.345108730343999470e-01
2.896624917056717763e+00
1.130131065269021207e+01
1.364536199466488187e+00
1.852975934309988748e+00
6.235073411719748826e+00
4.229603229520327190e+00
5.176700380332299289e+00
7.863852982003376457e-01
1.781255158277034845e+00
1.149491084319639346e-02
9.200823950811348718e-05
8.289384077641417936e-02
3.729687632254350405e+00
5.009235200759019069e-01
1.272485010585292997e+01
9.005759750137757313e-01
8.430256964960630706e-01
5.354950182046961160e+00
2.494435738211888409e-01
3.173161710028988391e+00
6.422813218632310139e+00
1.144257016000958638e+00
1.362598202542438131e+00
6.443466725743953738e-01
2.319818752872477408e+00
2.934725649606573228e+00
5.702284872367696877e+00
1.764739276683293667e+00
2.728348633139429658e-01
3.714929103603281102e-01
2.093246194773268620e-01
7.408313908142897253e-01
1.056387232257893327e+00
4.037750883308192762e+00
1.685546203846820301e+00
1.114358684528516719e+00
1.621865773863149451e+00
2.635321116342376424e+00
5.381438147150759965e-01
2.614876265456125282e+00
1.828577825506009447e+00
2.997937715276215442e+00
1.237965163965092791e-01
1.750136410442933332e+00
3.049327764748614111e+00
1.858127920995693794e+00
4.952272193262468652e-06
6.751150069657572972e-02
2.589732729456120541e+00
1.005566863171827256e-03
2.753914687553564278e+00
1.162877320490080413e+00
1.944792638901637616e-01
3.735080099824587663e+00
2.500120278271990237e+00
1.548733244902511297e+00
3.028302046774455025e+00
3.899694086772028445e+00
1.558281072053782967e+00
2.371255602219151659e-01
1.660828841875562579e-03
3.190679100214283137e-01
3.453667312161365910e-01
1.020784135616691568e+00
2.414852944760347953e+00
4.560713641775113181e-01
2.477338887664378042e+00
4.224339403958349948e+00
5.187222822854788973e+00
1.257992232373302377e+00
2.479488289522896238e+00
5.544119615107556687e-01
1.611146122935247949e+00
1.082120891195670564e+00
8.851454960369748992e-01
5.986830752223670782e-01
1.545358372067489050e+00
2.057424714497497753e+00
1.112681363740954410e+01
1.764337560651707548e+00
1.818270104032400358e-01
2.693884790482835356e+00
2.880719649982773412e+00
4.825678245046193027e+00
2.463848168593156529e-01
3.942618348583874610e+00
3.386223061696542191e-01
7.563705692799502778e-01
9.968144073644700232e-01
3.002654882097194111e+00
7.550081811887477956e-01
1.314671947368081018e+00
2.716507491876452463e+00
1.820207756710090052e+00
2.932103061938783561e+00
5.775244412843257846e-01
3.905212676092540747e+00
2.257052883530944243e+00
5.842606038841811067e-01
2.329547986148987171e+00
6.828945234379945051e-01
1.545524588844454428e+00
1.220840306241115059e+00
3.470999266015595830e-01
1.502462931483365516e+00
1.793494474001667838e+00
2.056608202336381197e+00
6.701609993536359333e-01
2.944683845280455348e+00
2.515349647331715843e+00
7.869862970343649219e-03
6.799473185747586523e-01
1.219067525765224591e+00
6.150268112436430012e-01
6.629452644469683298e-01
4.212414191386720574e+00
2.526186567464444241e-02
2.444690163360479396e+00
8.343929192420430629e-01
7.274383082797766242e-01
7.667532413613462161e+00
1.240987454948672575e+00
1.677065654935231631e+00
1.578563942514991892e-03
3.028815743086381573e+00
1.020536127689401695e+01
8.778216158142151393e-01
5.066056935188634647e+00
1.543216731291815872e-04
4.642153103748143383e-01
2.781906334375515932e+00
2.453442122152141025e-01
3.658844038880674443e+00
2.207362471793807401e+00
3.469147757711536751e-04
5.596710326540787431e-04
1.229512703435349019e+00
1.171523706531329978e+00
1.055698283171357721e+00
2.375259898625892152e+00
2.536805100289022175e+00
1.168326888640951466e+00
2.415579586452730521e+00
5.246948555466303787e+00
3.888112459259442044e+00
2.276588714266355673e+00
1.275618125321239527e+00
1.975998398462339933e+00
6.538202721462360589e-01
3.052090255307565059e+00
9.167939809494596304e+00
3.023600992517156083e+00
2.699841309715421023e+00
5.730556985656503066e-01
1.348684559523181781e+00
2.262420861394267846e-01
3.263198202437712636e-01
2.319768975033825509e+00
1.085114033984989490e+01
6.922619066436457302e-01
7.347286574934987158e+00
1.885178984757668763e+00
8.540023587964266083e-01
7.669459178157405077e+00
3.092657052549487862e+00
3.258366550337866041e+00
2.100170674852756214e+00
9.374372058847433393e-05
3.461131358543791059e+00
1.366814063113712674e+00
4.202352986023395687e+00
2.635966675417912297e-01
9.680037444863566209e-01
6.578532555573787244e-01
2.630522412757605011e+00
2.190856624128211472e+00
3.976622001093552683e+00
3.455803503653243069e+00
5.063093026821099407e-01
6.478311635736918817e+00
4.874601533149217070e-02
2.953790484291907603e+00
1.825895352515295667e+00
1.356551625213394008e+00
5.299387170446670037e-04
4.039763418502015924e+00
2.875267370818419543e+00
2.391020077838433013e-04
1.622842675997152817e+00
2.157175463844584140e+00
3.752877774406158107e-01
6.601412383029870920e-04
2.535996493621505365e+00
7.341273499393518032e-01
2.735255896897534456e+00
7.515568366723349714e-01
5.457891519898943056e-01
2.769089878796509474e+00
1.443129444105193171e+00
9.108087386384464690e-01
4.682344409256418150e-01
4.151410979998476414e+00
4.760902983424863955e-01
2.030417690192975577e+00
3.316649037440268406e-03
5.483888519450337284e+00
2.507428240834945754e+00
1.067966849521214012e+00
5.247208968947542296e+00
3.333062037381236298e+00
1.262465257071704317e+00
2.509234668211357544e+00
9.070988536517121670e-01
2.927161527306664457e+00
3.227905127702367150e+00
8.694353055694878929e-01
6.900945551827422642e-03
4.628143279539393973e+00
1.205428132522493728e-02
1.675552603776108818e+00
1.198742413927504025e+00
1.507227183074446142e+00
4.695430763185863277e-01
8.045414571772508960e-01
1.575712905772743322e-04
1.189403256164245803e+00
2.854937376105484963e-03
2.990606518164941052e-01
2.934564025679916588e-01
1.027146420155439888e+00
2.171970476479324841e+00
4.173232665146786591e-01
1.208833325555669358e+00
4.445772018858614061e+00
2.244716131181149210e-01
4.798098820478279514e+00
2.098797384629835783e+00
5.165719635660607212e-01
2.988299995889236449e-01
1.852903510046142177e+00
2.769235403789329197e+00
1.456881570219531241e+00
4.201369928672535003e+00
1.820738567327115254e+00
9.163836727382749158e-04
1.691033187490450507e-01
5.861640462193546952e+00
7.177948334184898194e-01
1.202217161435955806e+00
1.065311450891625711e+00
2.122396949950579870e-01
1.711461750643306745e+00
4.328941293205367913e+00
2.515444656873877971e+00
6.121724539237611840e-01
3.656993228220593917e+00
2.062487016473775192e+00
2.838444940940967331e+00
1.061055197012868323e+00
3.129948644812295733e+00
2.987134197860126794e-01
2.773040474364774965e+00
2.190034803181710732e+00
5.066763809358945991e+00
6.800118540026229841e-01
6.138746748193885105e-01
2.387969310665599476e+00
4.956936419724388143e-01
6.858503821951790203e-01
5.535235738360109181e+00
9.133236262825459306e-01
6.480816082093701525e+00
5.195576719947265332e+00
2.457382035212881455e+00
3.455162739260555949e+00
4.086752332405346744e-01
2.645255462520924361e+00
1.542187653074209797e+00
4.643225795220502494e-01
6.590704223915897497e-01
3.574424022403475121e+00
2.870360255449237563e+00
1.196148327782624365e+00
1.713194760272958306e-01
4.191939119331131280e+00
9.213476809155849434e-01
7.972106423570355815e+00
4.922036871158714355e+00
2.807690030814497639e+00
3.530254249966334967e+00
2.421965493568528416e+00
4.952272193262468652e-06
3.117741101359907230e+00
8.023775797294081524e-01
4.423018834648355657e+00
2.392748065922526979e-01
4.407936005360697962e+00
7.113012114092031046e-01
6.116520972926338118e+00
6.439014967534004708e-01
2.982360794415739758e+00
3.185609965585679548e-01
7.449241511373092983e+00
3.261063031218639718e+00
2.531986237372108484e+00
3.470033248160986307e-04
2.231145554037821555e+00
2.147576095392552009e+00
1.271670755076719894e+00
4.668555378537029732e+00
3.457062644087678827e+00
8.160116609123994058e-01
2.559772603280297876e+00
1.224959682139751926e+00
1.101642178278969375e+00
2.431923663941977787e-01
2.734444422415952536e-01
1.880790537297547527e+00
1.763523119941740713e+00
8.658800573011771196e-01
1.930315979012841243e+00
8.389974146676557609e-01
3.060735508472938626e+00
7.670583797548218286e-01
1.547266811717869395e+00
3.928530177126450251e+00
1.355597223501542770e+00
1.467731774759586605e+00
1.801943034998726656e+00
1.574554947996304577e+00
1.549741834154124920e+00
1.064283579581538675e+01
6.541735274422832980e-01
6.242994673485470214e-01
4.811144853415868505e-01
7.071538697547784302e+00
2.048283197878840056e+00
2.056401791409403490e+00
3.688068518652658945e+00
1.417868876095837560e+00
1.196463211067863908e+00
2.341539278146145264e+00
7.854984334999723025e-03
8.685018719252231012e-01
1.926783375112754160e-01
2.270495946988612346e+00
4.952272193262468652e-06
1.809559133988390078e+00
6.568462290132723869e-01
2.890075915767472692e-01
3.469316381653977377e-01
7.707365668615719478e+00
1.692078915485327739e+00
2.983324841948122863e-01
7.315753330707491564e+00
4.357307741758548403e+00
7.607520514609291684e-01
2.242636621776400219e+00
3.036070124950833282e+00
2.368296767141177539e-01
1.070434983185703182e+00
1.802014726490573926e+00
3.650793014498761591e-01
5.048596829589788388e-04
4.952272193262468652e-06
8.242488491725739053e+00
1.511134432946028117e+00
1.511286469235117114e+00
8.547165347475746966e-01
3.480769178877043402e-01
2.433903233421766288e+00
2.537843252623126489e+00
2.412997260981748937e+00
2.327337142088186539e+00
8.806673588136649800e-01
1.236713483269765712e+00
4.617050028493451919e+00
1.853204171719066817e+00
1.137030056106199227e+00
2.094349917101275271e-01
3.318671949743259297e+00
1.131098310256573036e+00
2.193561170899039237e+00
1.964613711632247295e+00
2.404698280707828761e+00
1.076188379709664211e+01
9.832985547681598673e-04
1.560716533323886823e+00
1.913595403820220309e+00
5.451565038736899682e-01
6.824098784715961763e-01
1.390272534123040415e+00
2.248301213258337983e-01
2.489065267450541796e+00
4.081841978846653340e+00
4.379438120055271888e+00
3.275068306458019385e-01
1.448763966196297659e+00
8.329647762104754882e-01
4.952272193262468652e-06
6.325680134326834292e-01
9.454734217136743224e-01
4.418679701915601221e+00
3.026381406770847120e-04
1.508482455063753669e+00
1.375134218810958986e+00
2.325463060921539079e-04
2.760165289952152268e+00
3.790509247300136719e-01
2.801980993300061118e-01
1.587955076620542361e+00
2.383115178528857570e+00
1.801819185049935435e-01
2.754418331640240414e+00
9.947609260026041983e-03
1.436926747289739570e+00
7.270245322430497481e+00
5.065725630863783024e+00
9.101593812200986511e-01
4.977155434609126239e-01
1.507093583847462392e+00
2.317379214695446943e-01
1.536478001290281226e-03
1.138770027395417106e+00
4.624816249555858683e+00
1.169963664034215506e-01
7.500142806207044099e-01
1.059386360357838974e+01
6.919934943811646422e-01
4.292628331945202547e+00
4.839449046948501199e+00
6.536965038501742598e+00
6.622167690482820834e-01
6.340839670170761444e-01
3.525207188374537282e+00
2.907458136102776258e-01
4.891851629105159915e+00
2.046718289589171569e+00
4.991482161180138988e+00
4.697509719900867797e-02
4.384006724357404572e+00
6.590885867731463676e+00
3.292953435734456313e+00
5.591543571239864230e-01
2.382238605549124699e+00
3.227884724401083698e-03
6.260508299299013757e+00
2.307428613983551757e-01
8.828373062058982867e+00
1.666585569833667790e+00
1.580294523132185880e+00
2.943213684088116899e+00
1.733085289883438407e-01
4.340671003462968969e+00
9.292357357395355510e-01
2.992631171680137037e+00
2.792231671500822632e+00
2.142265375507435843e-01
8.001339399988292023e-01
1.064779557834493184e+00
6.600785011232116438e-03
6.608032077122150127e-01
1.444796791869671360e+00
4.375983166980971974e-04
3.529225307219665542e+00
2.509050852652548791e+00
1.879167473706940150e+00
2.839963501080128072e+00
1.935715959182674195e-01
6.788260682842516935e+00
2.207785457714630972e+00
3.865120553632622080e+00
1.306364527639530468e-02
2.234152792465515347e+00
1.560061094090316181e-01
1.891517128201620768e+00
2.279578196627801034e+00
3.056936000502095130e-01
2.403157247580299138e+00
2.694501984353018242e-01
5.340513592567371903e-01
8.695836827231456567e+00
5.930945180079316703e-01
2.834576544041562229e+00
3.695343504114152910e+00
4.806115169779577201e+00
1.387238594183062723e+00
4.279299941105156435e+00
2.405663735402205905e-01
1.172625257307746027e+00
1.812316283300194453e+00
2.130384541616171301e+00
2.735480975384638747e+00
2.156642646620920978e+00
2.349335288132795851e-01
2.005888312200815982e+00
1.969210954226822963e-01
2.779520041240290396e-01
3.193716221168170666e+00
2.404554914741860561e+00
9.631890016504709440e-01
2.941718298175981072e+00
4.249061322211169056e+00
1.672618855139518912e+00
3.720189702139878651e+00
2.802080436254868356e+00
6.683207013159929488e+00
4.719806925803919917e+00
2.213296063735671337e-01
1.301533847649743558e+00
1.852448996404186587e+00
4.380834234050226428e+00
1.043236126800435093e+00
7.054720258204363326e-01
2.403420761584596832e+00
4.172295505830470597e-01
1.735155626510214155e+00
1.563209830201121864e-01
5.022671619032534451e+00
1.272288114840771200e+00
2.300820249301757769e+00
1.750306754306064194e+00
1.293379199410692681e+00
6.634906429982246223e+00
1.830581094494094119e+00
2.811189829149304177e-05
4.231538167034023523e+00
1.728397110265057934e+00
8.390591499866657532e-01
1.878193445616471724e+00
2.266387083146044869e-04
1.195131370757815947e+00
4.911011366137181255e+00
3.568567933827165195e+00
3.358550418044589758e+00
6.534714648988984020e-01
6.550615234342585858e+00
1.586670198193771864e+00
4.952272193262468652e-06
1.064507520743898867e-03
8.540787608480654436e-02
1.070712701891296970e+00
2.038611213923017029e+00
7.078795362680622150e-01
4.741734381766162798e-01
4.451582893142175479e+00
2.272850088748485931e+00
1.299014317455616574e+00
8.927005464054830197e-01
1.205004202465386864e+00
8.058486835546885274e-01
3.082096038304759089e-01
1.697775107109795290e+00
7.831190001128014444e-01
2.809306518213405823e-01
2.521628763549969232e+00
2.346020131508296025e+00
4.572063465443880759e+00
2.040197025314003376e+00
1.533497416337942839e-03
3.701920368890575741e+00
1.873810867052880802e-01
1.734128807531364114e+00
2.214506026942852646e-01
4.630259397173816183e+00
2.737564606578968274e+00
4.707240129057970179e+00
2.374476335670100191e+00
2.247983452592333897e+00
5.762716878716696023e-01
1.765118791175364965e+00
8.569562853232413069e-01
2.035569770555155866e+00
1.508071984799724596e+00
2.252484059643422576e+00
1.183570477120886144e+00
2.650318445747251062e+00
2.356013892498758922e-01
4.541912912306814931e+00
2.637432747858801108e+00
2.025445345756760607e-01
3.730832952630266597e+00
4.824529428264117570e+00
3.422165811076327557e+00
2.882694678179392511e+00
2.171969508031934282e-01
4.362624951212906721e-01
1.754665259350949080e+00
1.562171458667488758e-03
1.336145656270895321e+00
9.726785717569738088e-01
1.956676354532005169e+00
2.098967428114586031e+00
7.165655207309917785e+00
3.732922093519851714e+00
2.398662686878001282e-03
6.900160870222990184e+00
2.600476032432485596e+00
1.397053810000841612e+00
1.862042375641590253e+00
2.072556283274260003e-01
1.423840052890271268e+00
1.439722908879815932e+01
2.447397936905876037e+00
1.595575221284308010e-01
1.676236276204605025e+00
4.413917931454334642e+00
4.247907236108285356e-01
2.216582755656600234e+00
2.834701802170772056e-01
5.442681860791803716e-01
7.465722656243412025e-01
5.205776294746307098e-01
2.993981244177837731e+00
8.749352352743024142e+00
1.951662299686428292e-01
3.852076052866282296e-01
2.827304036054413494e+00
2.311076196288566198e+00
2.301833973404911471e-01
6.980137514093829765e+00
5.657687089166023586e-01
5.768574471738355802e-01
1.693418102102117739e+00
7.650424804615540975e-01
1.314875942531352093e+00
2.568536879380656668e+00
1.249413583819807050e+00
2.250414383892482828e+00
3.867474560958658714e+00
8.689913620495399726e+00
1.870336418386324917e+00
5.560894334869865840e-01
7.164322120574125874e-01
1.703042773971786383e+00
7.872261424571721511e-01
4.368821954556719511e+00
1.750895744861391989e+00
1.461198802430605070e+00
7.085451428677946861e-01
9.346704009264190649e-01
1.579424217945692099e+00
5.321838983419409086e-01
2.440384527192117903e-01
6.551473661493316669e-01
4.558273591243171552e+00
3.305597409810098752e-01
4.644306005850189933e+00
3.446745444396932534e+00
3.697939578488420587e-01
2.372638548982051176e+00
7.858399301383148128e+00
1.993990835028979891e+00
1.087734826645607056e+00
7.387913599830542299e-01
1.224035543335404652e+00
2.450763362355262986e-01
5.749219933607689903e-01
9.742055597929765165e-01
9.108185330250098133e-01
6.561156800666759104e+00
2.099589708988817804e+00
6.584025796123452068e+00
2.699749757449779075e+00
2.935360120829993757e+00
1.770432722416706850e-01
7.170814963393836727e+00
8.081325538993424651e-01
2.005001442574155135e+00
2.237045866677372263e+00
7.046193609681613568e-01
5.443525623655718348e+00
2.037226346904446594e-01
3.588443495715159415e+00
1.333501726273861987e+00
2.938237420354534724e+00
4.055568741073807271e-01
2.748872278164723237e+00
1.712820685846738966e+00
1.429439437600954488e+00
4.402646900476490099e-01
1.741834125765625574e+00
3.662399796340832570e+00
3.282147681655252835e+00
2.057163725008196220e+00
1.710848642556717369e-01
6.352328253165333560e-01
3.057221662679221019e+00
7.367814671575575458e-01
5.535791181907931957e+00
1.882955148368263387e+00
2.476789300543536854e+00
1.485292526776540667e+00
2.278124137810856542e+00
2.171748673620953696e+00
1.423877359587498503e+00
1.543151698540223604e+00
4.952272193262468652e-06
1.553429796740736446e+00
2.731953939774497186e+00
2.064101327269768582e+00
1.731801799012520293e+00
3.126233087455100312e-01
2.623014251824413723e+00
6.617049793907426869e-01
1.873043537954400262e-01
6.113670767492997982e-01
8.996159861192795759e+00
1.560481791835287346e+00
2.981982945817195141e+00
3.673225926831880983e+00
3.560663980815855112e+00
5.522996915323030720e-01
3.054790316585684451e+00
5.744359940698180456e-01
3.471112711792599392e-01
6.550974893271975796e-01
3.130752630037363371e-01
4.357827333967478012e+00
5.354419449263661868e+00
7.652849013623426178e-01
3.487219244793421380e-01
1.561057615976475521e+00
3.723135015733597072e-05
8.334733802176301776e-01
1.366488262116522190e+00
3.253570935324309854e+00
1.919313368594848912e+00
1.947119428871330715e+00
2.175091644040699990e+00
2.710522610630993423e+00
1.309850951111142248e+00
1.184459318665299410e+00
2.036038164699554009e-01
2.053147829719341733e+00
1.674692748501231065e+00
4.239933005390711385e-01
8.602522463515526852e+00
4.337914152619137376e+00
3.156915694539828898e+00
1.634412707423030575e+00
3.191965518038091254e+00
5.665314296211274581e+00
2.293389653245063275e+00
9.038045305985189515e-01
3.276353600318567594e+00
7.491750233017041793e+00
3.551253856802631059e+00
1.652814576161734994e+00
8.486809626630030579e+00
6.717036168116674588e-01
1.785319013341178485e+00
1.815355395240605130e-01
1.185294720192393569e+00
8.693384681235869493e+00
5.707226980798841609e+00
1.461323752905752782e+00
6.114915873299036075e-01
1.924233888557048966e-01
7.576762971118795598e-01
3.355835779482159609e+00
9.665880085150071466e-01
2.123319276441143266e+00
3.186997032713972944e-01
2.681084991884481461e+00
2.005689217049749118e+00
9.446226528591726221e-03
3.699572221683205875e+00
2.595331889555667626e+00
3.267764738739987740e-01
3.515492896457450556e-02
2.400895083419312570e+00
4.259015993292162960e+00
2.300848816672692809e+00
1.778468976484049335e+00
9.544060422430534762e-01
8.132554601445909359e-01
3.457448483736146549e+00
3.512775997299048214e+00
6.000746876734889268e-01
2.282033205292552935e+00
2.130130878352199109e-01
2.193507297210675056e+00
2.124096282335702912e-01
1.662036819270527488e+00
6.826981105874911915e-01
2.792307489876564297e+00
2.116831465200768869e-01
2.566004695439503713e+00
1.663487416527743568e-01
1.916592924039708823e+00
6.761250474987750003e+00
1.911246418134129099e+00
4.075489850745441345e+00
4.952272193262468652e-06
9.735817983472574433e-01
2.735300791354999816e+00
8.944878880879500116e+00
3.389912720250483957e+00
2.157173697073404117e+00
6.501424935129300753e-01
1.929185043908771213e+00
5.387157497535675077e-01
3.295249917099449810e+00
1.248806968721614563e+00
5.295071053981688536e+00
1.405632965261967016e+00
1.475730739481563525e+00
1.460386209994894102e+00
7.485030419502417542e-01
3.287256536536245347e-04
1.239948514680200065e+00
1.497245192753379417e+00
1.300180465637613914e+00
1.643172820184297667e+00
3.327087751702544338e+00
1.712575005997370007e-04
9.557091854727226554e-01
6.997626173498621149e-01
2.331173450859671537e-01
5.951047709274316588e+00
5.535322787580841952e-01
1.765062605927616213e+00
3.964611121154103301e+00
1.772975162080969447e-01
6.103191551711819596e-01
7.710188806133889683e-01
1.336058140887534496e+00
5.857970585282188392e-01
3.060898473272345433e-01
