3.215307006738620644e-12
3.626619024996534962e-12
8.300313458780213396e-12
2.682624143083755597e-12
2.406177839788904192e-12
4.783230729352558165e-12
3.172558942357867106e-12
3.929860403072434559e-12
2.546097149902428429e-12
7.087534992176501786e-12
2.147270813940070214e-12
4.484115936930568704e-12
9.060101929540486913e-12
7.152738229487894928e-12
6.995640536252546381e-12
6.274387061536842089e-12
4.316549561073335556e-12
4.194557380330340205e-13
3.787625622498330356e-12
2.852986985201800868e-12
3.893008442416386841e-12
2.193729794245479032e-12
3.991026885375803448e-12
4.676770861641104772e-12
3.172599203657223149e-12
3.676073938911484718e-12
2.283686998117542328e-12
3.025342154984464093e-12
4.538345044862401323e-12
3.992381037172461309e-12
6.083746978742495148e-12
2.536616814939535691e-12
1.085245625710575959e-12
1.790753025246720297e-12
3.722341261370749014e-12
4.613253947965733678e-12
1.077142201966195240e-12
nan
5.453956776926841378e-12
2.138244470559330301e-12
6.401450936964986696e-12
nan
2.393797000181758443e-12
1.530415464347553601e-12
4.355516678915905436e-12
nan
8.435985869230019939e-13
2.664713163011891584e-12
6.264088149982757607e-12
1.108068604109774922e-13
3.845909428782334836e-12
4.155248831205847238e-12
1.545732507731571708e-13
3.820589329339647578e-12
2.701760005202352121e-12
3.952772059806984580e-12
4.001841341564595293e-12
2.751579624606588842e-12
7.743733040881363185e-12
2.715364612757066258e-12
8.471145091394243437e-12
4.124016634641234832e-12
5.317373220171548687e-12
3.618822400527577950e-12
4.549600947948124029e-12
6.795799751237002602e-13
4.386318467807919597e-12
3.025251617273526413e-12
3.516955161711107616e-12
4.122732411216622335e-12
1.953086626007758201e-12
4.603001949201824014e-12
2.212725870284616170e-12
2.428801482799001273e-12
1.439747015763354230e-12
4.480179667831322236e-12
1.754453750225294641e-12
2.700081396155915536e-12
1.634189563716317268e-12
5.257454900739681201e-12
1.198624252515038235e-12
2.138236307717156755e-12
nan
2.819869169747152399e-12
4.024691507447216861e-12
3.244578680849670978e-12
3.422513078919456677e-12
nan
4.819980795773247912e-12
3.892996247098177637e-12
1.752242685346192685e-12
1.672295948770056481e-12
2.229303862475210846e-12
5.478708629721501095e-12
nan
3.873679255127458035e-12
3.842718519148425357e-12
4.582529956267634980e-12
3.116892904178484404e-12
1.777698756078770460e-12
3.310217108099678592e-12
2.283474396108488700e-12
nan
8.592288015176976180e-12
nan
3.898474030474193597e-12
2.358081994387248680e-12
8.946559313729092854e-12
4.515580045765083720e-12
1.107158152632172964e-12
2.956196219366041856e-12
3.109263156051692764e-12
1.533495705998562564e-12
1.538777492032743160e-12
1.363945611497799553e-12
2.683439099247055222e-12
4.250627275482903918e-12
2.574054539102631455e-12
2.642954232210891027e-12
4.177279651858277753e-12
2.176911553175457461e-12
nan
1.581543393699947984e-12
2.683452950339095510e-12
3.522079983778332131e-12
1.104617667428798146e-12
3.764977218997529141e-12
1.726626799523175467e-12
3.939292748948766777e-12
5.784018194335798761e-12
2.356387533476926323e-12
2.212310935454059659e-12
3.224993151717622543e-12
3.640980080722289413e-12
4.947307875026965194e-13
1.068496138555679092e-12
2.886894447474738935e-12
nan
2.126046559713228363e-12
1.829457682765874546e-12
1.864414829011793748e-12
3.512110679095023510e-12
3.753829716202198097e-12
2.903347054437892706e-12
7.111510880329665200e-12
3.276700339160650863e-12
2.212298950258289139e-12
5.053400723133949877e-12
1.865746398058765979e-12
3.722399466646461394e-12
4.922966669858591122e-12
3.026671112106329785e-12
nan
7.328120905594853970e-12
4.553283580507876020e-12
7.136104226933057954e-12
1.903693463013073637e-12
5.355731337509383133e-12
4.284544886514204912e-12
1.708887324657682807e-12
2.455635188320450757e-12
2.809349065784301845e-12
5.089631640267317118e-12
nan
4.949560277591783367e-12
2.924264869581232995e-12
2.139005072500175547e-12
nan
nan
2.683455485699246162e-12
1.867228741393539941e-12
3.520014648512946476e-12
1.020154375320036372e-11
3.036815943729618015e-12
2.355674951376337085e-12
6.534958729514319943e-12
4.821586720828663864e-12
5.664659079663512713e-12
2.845732558792512777e-12
4.932217421416773835e-12
nan
nan
1.736720623893108851e-13
5.834939755155498520e-12
2.226654837502457282e-12
1.123362647325843105e-11
2.225495115141568333e-12
2.112413369730024050e-12
5.871786489633277753e-12
1.096170767381089800e-12
5.182734418628858022e-12
6.700702858042918165e-12
2.639389189670128593e-12
3.088297000516521344e-12
2.737256164823360708e-12
3.459762030269723880e-12
4.998955679435436415e-12
6.239973045749071839e-12
3.026722759023329018e-12
1.215784023406723515e-12
1.555476060795365844e-12
9.036593211215637921e-13
2.057447804933500886e-12
3.579208579192585168e-12
5.381779884108765123e-12
2.393526590388406707e-12
3.791695126002579356e-12
3.306826076703752665e-12
3.354230442518767902e-12
1.826470369334077564e-12
4.119343440127295727e-12
2.991660622738615993e-12
4.780132894623098430e-12
3.002191761630592950e-13
2.466107468724497789e-12
3.905637455945378069e-12
3.740416325618616622e-12
nan
1.461498710822160100e-13
3.753688702175196618e-12
nan
3.859555359640090800e-12
2.689831633742078690e-12
7.307202538832236026e-13
4.355677793783512542e-12
4.516609076818759281e-12
3.259897143888774533e-12
3.656962664259520723e-12
4.513873359891373204e-12
2.177034758929499106e-12
1.007139854043323864e-12
nan
1.524066091947021272e-12
1.723587576625395508e-12
2.212357640292023682e-12
3.489321448469620899e-12
1.695301173359896258e-12
4.953386099007155801e-12
5.687121156715948018e-12
5.667105166646031690e-12
2.732479656398394191e-12
3.554464670782326877e-12
2.018328695475724735e-12
2.067073301042852895e-12
2.212713863106441304e-12
2.709431313163096381e-12
2.436173511913232603e-12
4.066689275043862683e-12
2.820270074436049928e-12
1.008588896826195653e-11
2.247761895157156390e-12
6.844896951646518864e-13
4.636356969043454756e-12
4.865978487249520751e-12
5.353218750815697594e-12
1.174436587571239962e-12
4.551364102421151645e-12
1.419899666901651238e-12
2.082466841434233262e-12
3.053318005670009893e-12
4.282363832393144554e-12
3.079042835230059482e-12
3.131666805979190537e-12
4.226340438368646871e-12
3.458522637226319941e-12
3.844510839541885469e-12
2.471259538864906423e-12
4.515938182774108755e-12
2.990718991469151271e-12
2.278391272225561785e-12
2.959103775533772966e-12
1.887495638897861414e-12
2.956349119306895829e-12
2.787975124930270466e-12
1.654734375866212652e-12
2.781780200483092866e-12
2.283461192080199142e-12
4.931520543055057703e-12
2.387837046135935997e-12
4.018004234758173814e-12
3.244982394173269835e-12
nan
1.918723218559231236e-12
4.005278786451770496e-12
1.949463048816829406e-12
2.459265074899448548e-12
4.848336118547691231e-12
nan
3.819169312209924742e-12
2.100230708488952980e-12
2.768214243661510457e-12
7.689617375034808838e-12
2.812740234796614344e-12
2.886981216881252361e-12
nan
3.658021831764592214e-12
9.526982469503866757e-12
2.617651871538756563e-12
5.563201230573893816e-12
nan
2.028343853245332485e-12
3.990134166202605888e-12
3.457807728146783957e-13
5.481379092111886631e-12
4.173427147922211452e-12
nan
nan
2.138686040701497328e-12
3.810831889420723186e-12
2.485975857903554347e-12
2.959770180517239068e-12
3.137311981618230901e-12
2.640992731397555814e-12
3.585890422007324384e-12
5.810083906096393460e-12
4.581726374490777471e-12
3.027706550610915956e-12
2.874216511850006333e-12
2.502556403829475593e-12
2.464805227885943841e-12
3.988725312403535947e-12
8.747558031317799136e-12
3.756451464293426774e-12
3.312727339061246698e-12
2.351795061379498348e-12
3.090649118756403035e-12
9.999176130731003335e-13
1.725254195786550114e-12
2.991704931601093827e-12
9.942376069715373334e-12
2.340594378306090181e-12
7.406277872563708544e-12
2.394457092207903114e-12
2.211876326900142072e-12
7.686683656427821627e-12
3.721508202086840303e-12
5.179552874342665781e-12
2.752228320913005323e-12
nan
4.089738252815174817e-12
2.683049540884746829e-12
6.430418101648157867e-12
1.113291821794330035e-12
3.117836196733976910e-12
1.792068254781686013e-12
4.634486923198038550e-12
2.752075680176227732e-12
4.584915361945357996e-12
4.883422205159049411e-12
1.937930702581237704e-12
6.754230278748474914e-12
1.680549061323084526e-14
3.722003798118602199e-12
2.613192997227481439e-12
3.023878333095630870e-12
nan
4.644353633263388683e-12
3.931304564323335714e-12
nan
3.371967934103498501e-12
3.749766215359198578e-12
2.919714377022362578e-13
nan
3.138800550081986835e-12
2.228428844104855602e-12
3.350377238326361639e-12
2.510221385536095283e-12
2.388555390045871120e-12
3.386347976456648547e-12
3.011965455549683913e-12
2.102625899643884160e-12
1.816940699760604248e-12
4.747621427698751807e-12
2.111408466024695459e-12
3.705451584653001282e-12
nan
5.927755887398066778e-12
3.926893931987368194e-12
2.542522983988546469e-12
5.724900106749383872e-12
5.279538934092506340e-12
2.855123012676828211e-12
3.109615017880793507e-12
2.728652713472501505e-12
3.553367304400056699e-12
3.858767069974121738e-12
2.155537005148836823e-12
nan
5.386458398443435451e-12
nan
2.138322074122666016e-12
2.283511151288853708e-12
2.138581832775678507e-12
2.017302037853892607e-12
2.141335286862738872e-12
nan
2.714294140649083564e-12
nan
1.276793277630643291e-12
1.512965783750594611e-12
2.798189314216669798e-12
4.192172471597162444e-12
1.606629829174252952e-12
2.927438611022852428e-12
6.521594921710259384e-12
9.782790784941789476e-13
5.327978484957315477e-12
2.646278674163463069e-12
1.855533849503404131e-12
1.413226355132910500e-12
2.355742894609925001e-12
3.386951694408496949e-12
3.010009344713922534e-12
4.791391282331778945e-12
2.394000805496007462e-12
nan
5.290439873220226957e-13
6.241841645174791471e-12
1.832479090377204540e-12
2.744966316982756350e-12
2.871323534636682351e-12
9.239628499895641778e-13
3.464494319560336685e-12
6.122149358450923594e-12
4.535664863682926499e-12
2.349076851485806335e-12
4.985620835544379024e-12
3.546736944421746533e-12
3.459091016253781299e-12
2.353657234941077507e-12
4.782280994954526497e-12
1.401452266181340603e-12
5.968175012040205587e-12
2.751134980476705741e-12
5.563818807720918912e-12
1.810126234790703928e-12
1.625649045405430035e-12
3.458116845098510998e-12
2.173341684395114433e-12
1.816130373751488068e-12
5.960182357322655852e-12
2.300262457030442221e-12
6.752570553587117283e-12
5.693597031014884812e-12
4.277105137128920798e-12
5.085671397032995310e-12
6.175492537339327662e-13
3.824037543857258756e-12
3.188029932953056494e-12
2.043116440868218310e-12
2.486999552706096280e-12
4.225617034471826506e-12
3.493342492469721677e-12
2.138258824227282796e-12
5.644546621421845564e-13
4.784785377052310232e-12
2.643265059798971241e-12
7.877831946589169295e-12
5.454838091980424914e-12
3.427345128020643418e-12
4.156968872043225900e-12
3.618870236299132108e-12
nan
4.155744731125325874e-12
2.148443108979514730e-12
5.716332983899107347e-12
1.174175863178798209e-12
5.998961556338426745e-12
1.962163438752032528e-12
7.786762190413206003e-12
2.359579804691300535e-12
3.722834393415088093e-12
1.791661861295763894e-12
7.487635843721027287e-12
3.893025684539411089e-12
4.190887715439700155e-12
nan
4.192102869805463599e-12
4.053711544408902251e-12
2.888861031180960167e-12
6.754439440853587429e-12
4.087928859339550563e-12
3.183965881584983569e-12
3.246323643094812499e-12
2.883188454814528692e-12
2.579612126272397012e-12
1.017416368843801236e-12
1.472623317475561999e-12
2.381565394290431956e-12
2.247753228920956297e-12
2.230111322306952799e-12
2.465854297404587641e-12
3.084006601971455702e-12
3.689023915109099513e-12
2.155324481952015534e-12
3.143037244641394273e-12
6.078970403408590095e-12
3.354406011081805062e-12
3.215109199483088012e-12
3.841211254718935604e-12
