6.791314833371861483e-12
3.833469381124551748e-12
5.693002149799090133e-12
3.793045237621858442e-12
7.159376685333182857e-12
5.730688125238634153e-12
5.609150933674127624e-12
5.065994579380400083e-12
3.251300672005331205e-12
3.946961469698422971e-12
3.661634943255293331e-12
4.729578563520927987e-12
1.213318009372127371e-12
3.892632697015168932e-12
4.397026347808308034e-12
5.193104909579897911e-12
nan
9.484774032034311299e-13
3.733208027686090592e-12
nan
4.678968400901167323e-12
2.945120098822008306e-12
nan
3.197140763994702727e-12
3.047777317310679109e-12
5.962629356717905781e-12
6.878898731611464575e-12
3.346373106988532926e-12
4.219638746577656605e-12
3.807901499134445577e-12
3.725807470379275809e-12
3.469542003624781902e-12
8.561159680921648134e-13
3.707552801152216842e-12
4.303958910892636556e-12
nan
4.025161007857163626e-12
1.233038456510084368e-12
4.235447835865273869e-12
nan
3.039656136997847031e-12
3.897420852394898559e-12
2.480283341988185389e-12
7.077103110830441739e-12
7.387865643008889603e-12
3.191256804179186304e-12
nan
2.247488877236889344e-12
9.987090242692573530e-13
3.380542558740651037e-12
3.199169605002403997e-12
2.924689487105071581e-12
1.203185275094195540e-12
4.646091037931441575e-12
2.898593310443724685e-12
nan
1.267483895417784324e-12
2.809219136726609075e-12
5.451455420838102607e-12
4.039857638054654856e-12
1.296832855129324631e-12
4.146884793757591580e-12
nan
5.516445887272049980e-12
3.844716716925421851e-12
5.457839648790080228e-12
1.295972167642351260e-12
4.371015678788626162e-12
3.657195627649393370e-12
4.245115742557723107e-12
4.100347951527109121e-12
nan
8.739028001766364862e-12
5.278376106802341317e-12
4.050352992025842497e-12
4.598353557133586337e-12
2.091856298561469724e-12
3.505834313755571597e-12
nan
4.424682193599088347e-12
1.579280407803876495e-12
9.867427173586583478e-12
4.713729629684234280e-12
3.974768412688932745e-12
5.388587088163529813e-12
2.050875661237894609e-12
3.897877958265079200e-12
5.017733092254338137e-12
2.586987898674208067e-12
4.181143577763608546e-12
2.722159713339241395e-12
3.825478339376681183e-12
nan
3.740678459892229201e-12
3.656874125581261902e-12
3.834320930994471566e-12
3.841213825248516211e-12
4.463291237843600210e-12
4.611703354874137671e-12
1.768926664249273241e-12
3.057900826372905547e-12
8.644656158843163202e-12
3.804206305332614384e-12
3.928443781316367645e-12
4.408869266536333976e-12
3.845084503799183385e-12
2.358080583025224629e-12
3.617662847590219095e-12
2.423932642226302882e-12
2.432053086768970740e-12
3.507574829098152977e-12
1.808000933490452518e-12
3.846419812857455898e-12
1.683788754398858370e-12
3.724270904800031713e-12
2.867773574294566450e-12
2.729409305530701816e-12
4.005014628029634983e-12
nan
2.056056663408525543e-12
6.245337430730420771e-12
7.989883961950162530e-12
4.507575711124269408e-12
1.483552539057882527e-12
4.242479642170925852e-12
3.408092929439805043e-12
2.704493745890475097e-12
4.658384245485994838e-12
3.882814634035242875e-12
1.902660631296698197e-12
7.222252739060378293e-12
1.714760495440310400e-12
1.186464782431397999e-12
8.489419957645535850e-12
5.966564653275318401e-12
6.247059042513995763e-12
4.270974877611268550e-12
4.842031809732819887e-12
2.338305613274588658e-12
3.758239779681859453e-12
3.898442625546087836e-12
3.971070240235569990e-12
5.426414596556475310e-12
3.942241119897446136e-12
1.727047308847084446e-12
4.001851584452613779e-12
1.486459217996421360e-12
nan
4.749036431292710355e-12
4.602680918472214997e-12
4.333741720056067753e-12
4.376556183028905323e-12
1.457577858755627121e-12
nan
9.850988908730554095e-13
3.298354734133924898e-12
4.860445233847086840e-12
4.371540170384720600e-12
4.060391178105493403e-12
5.000344067142007542e-12
5.133640729039454065e-12
3.696252122249294623e-12
1.737356902008764707e-12
4.034506436808474085e-12
3.871870397368534876e-12
4.457262487107884234e-12
4.486504981429847730e-12
1.539592730431398223e-12
4.819952573086376771e-12
5.430286986265334138e-12
4.587819586332160620e-12
3.430095717523513545e-12
4.094280115588152663e-12
1.508135757813641815e-12
1.836298486375687565e-12
3.629377931778827963e-12
4.048392536074391908e-12
6.443961406480527061e-12
4.443727740043314615e-12
4.500570735276738138e-12
5.712745716975699222e-13
4.692927411417571159e-12
6.277652498836477010e-12
1.265910748710553696e-12
6.098284260169735056e-12
3.364236880688256949e-12
5.248915566183315792e-12
2.396957111850063297e-12
9.141537347631839185e-13
2.292753726375744368e-12
4.651190098907354342e-12
2.551735429456718656e-12
3.015018341884241081e-12
8.230574867472247807e-12
5.806976186575136326e-12
3.197078986206347043e-12
3.991278503138535972e-12
2.479857512121111773e-12
nan
2.498572800407854897e-12
3.531096158931317438e-12
nan
1.922316389144618191e-12
nan
7.522968931031197593e-12
6.141033777916431938e-12
4.613063907829142082e-12
3.943076096672798431e-12
5.740188310673922497e-13
3.022147290011115616e-12
nan
6.640840708161259378e-12
2.107862537077042234e-12
1.282216001940229146e-12
3.562252265274937496e-12
3.509297359169727327e-12
4.254816285421965707e-12
3.611124128977595338e-12
3.212889837024354954e-12
9.282958776668325107e-12
4.684118897166579860e-12
4.111710745917289017e-12
1.978973609219483342e-12
4.946080984579302430e-12
nan
3.286985726671196722e-12
3.798249602546204166e-12
nan
3.551558443821025628e-12
5.915980030464709763e-12
4.515407249689305701e-12
2.839314835542495570e-12
nan
2.391020848277143262e-12
4.316872218903566637e-12
8.956997734321823259e-12
4.221309944000854316e-12
4.554962828356417233e-12
5.459165662062966688e-12
4.518712913718520955e-12
5.364907784489059685e-12
4.163617127373468692e-12
5.452961289625008573e-12
3.379600142031975494e-12
5.317017388788656925e-12
7.031939250722899709e-12
3.127094061083341402e-12
3.973547450916900941e-12
4.096387426314485519e-12
2.421743804745788731e-12
1.983289967642205540e-12
1.833072434828197511e-12
4.051500482492774982e-12
5.584498744524683084e-12
3.785477010138134429e-12
3.249178906046778192e-12
3.093948279425641220e-12
8.167976883042423763e-12
1.859627961227571509e-12
3.684438030295460911e-12
5.631589459129709474e-12
4.297235362744380700e-12
3.568157506274826716e-12
nan
nan
9.489215696590010702e-13
2.765788467670655111e-12
4.584225581145855032e-12
3.736119169110281346e-12
5.546347269581118938e-12
5.131675907137007885e-12
4.159451343616552685e-12
4.517812709134526480e-12
5.469141458390251571e-12
4.049260285571463762e-12
3.091146360784818514e-12
4.417379804163203851e-12
2.055110763328339948e-12
5.446271639255890892e-12
3.519481948448490060e-12
2.473468378117030444e-12
4.837885186473068746e-12
3.783739935232925492e-12
2.448069965982174780e-12
1.059311872780318713e-12
3.378677555342953142e-12
3.684012955382785200e-12
4.261919548648193636e-12
3.456688407310107458e-12
3.693102162657142629e-12
3.024557209999644847e-12
5.211079991388051033e-12
4.696537769570772208e-12
1.772676473924923758e-12
3.872824702626724089e-12
4.998884800721955550e-12
3.868055930259047979e-12
4.373651570639659319e-12
3.752094768086510015e-12
3.699953950875310629e-12
nan
2.978488602510444453e-12
3.185648252447664249e-12
5.851146555441323913e-12
3.738295433401897765e-12
5.669077897638926752e-12
nan
2.740727298265687641e-12
1.126187358215791373e-11
4.938570922256486829e-12
6.937100627605867683e-12
5.727510279343382270e-12
1.787352000860826826e-12
2.247443339108020402e-12
2.923608476122440700e-12
3.841496975796166600e-12
6.888962912231402405e-12
1.650633321713690496e-12
4.274883073577231387e-12
2.043862258455736503e-12
1.752423068034134425e-12
5.983527132436947645e-13
1.941646627667141681e-12
4.594222895296274044e-12
4.696892645178823953e-12
4.349352426659543249e-12
6.394133437449203016e-12
3.140825622804295467e-12
2.006735085911841074e-12
2.744227441555032068e-12
5.463326713482317798e-12
3.218674462455664864e-12
5.493096452931165452e-12
5.906863836912218633e-12
2.122836630825855208e-12
1.907806263367859066e-12
4.856111362448780610e-12
3.893425161648878744e-12
1.338719787860966446e-12
3.533709250639075648e-12
4.292617059923040233e-12
3.610636776678629169e-12
1.826479156939578053e-12
4.818921850274678576e-12
3.966198342072011476e-12
2.718769412070159917e-12
3.811404602335562964e-12
3.500174800161644706e-12
7.079281003810685245e-12
4.334257798793194472e-12
3.955845870482370445e-12
1.722098064641239406e-12
3.957203348198170057e-12
1.216897939498343370e-12
4.190589935464235592e-12
4.705820265299838742e-12
1.238521871812357252e-12
3.961158625424318683e-12
4.167908408986432462e-12
3.808610448675229983e-12
2.605465839076980079e-12
nan
6.924400071558270202e-12
5.097135490919788460e-12
4.966582847523060220e-12
3.737572543896979909e-12
6.095965837353953291e-12
4.202948144119466923e-12
2.879356338966404492e-12
6.787973499069664760e-12
2.545588668911243371e-12
3.001298065787999957e-12
nan
2.476919518761371145e-12
6.936867797035087869e-12
4.904725224117306515e-12
3.823769201285501595e-12
nan
3.689447374889793426e-12
3.666335597732986920e-12
1.201310129075748624e-12
4.099193619739729573e-12
3.465320856631664194e-12
3.721261934089459761e-12
2.195762608367609445e-12
3.867213969958329633e-12
3.433150432702215140e-12
5.598797777913210828e-12
3.951460164541106027e-12
nan
2.573828093417040073e-12
7.128912306558688701e-12
1.896039993314590244e-12
4.664214395747366415e-12
2.778305637330665878e-12
nan
nan
2.767858004944233750e-12
5.078699414048028351e-12
1.652863464518551993e-12
3.931487853032374467e-12
5.021545483252716709e-12
1.555465544015316654e-12
3.191291921186062174e-12
3.152995630261901352e-12
5.976312432248276538e-12
5.042187864026937771e-12
4.516155314665312602e-12
1.370468497958894739e-12
nan
5.027950903228102140e-12
2.123464331992641580e-12
1.372961097874571197e-12
9.259221098538518098e-13
4.569617362177641256e-12
4.701358169096664231e-12
1.228283919350494889e-12
3.456676801464975174e-12
2.156066815769463176e-12
1.195051495412469550e-12
3.614610826004239022e-12
5.745231110839369471e-12
4.255584479687934329e-12
4.700080218190223521e-12
4.706071990449051048e-12
3.417682288018268782e-12
3.901633330935443479e-12
nan
2.833359639953870615e-12
3.696212857212357891e-12
2.125420806569030300e-12
3.565736258127980063e-12
nan
4.423631087464149743e-12
1.859087400199375995e-12
nan
4.768503686098397620e-12
5.003914340334187664e-12
1.978309117190235415e-12
2.068885479887647768e-12
3.512127460099214547e-12
2.840201352658587091e-12
3.153129761965753789e-12
4.145643159888971985e-12
4.154817156600075149e-12
5.035572308183666390e-12
3.398105499949009015e-12
7.129101889790906862e-12
5.389153534283497622e-12
4.204669982555063900e-12
5.648492034739064442e-12
3.775116964546559983e-12
nan
3.691949868523686495e-12
6.189291732599393874e-12
3.635386517027304015e-12
2.338486693985309836e-12
3.636762578890011728e-12
4.041751050584681003e-12
4.311165179910592177e-12
4.891436073845470498e-12
7.221008147380225990e-12
1.274055704587465268e-11
4.761307847939134035e-12
nan
1.475716506413219920e-11
6.444467434309641157e-12
4.848265455311351046e-12
2.921408991675324187e-12
4.675016649044566902e-12
1.200281654059269054e-12
4.774512460498101170e-12
4.659723216056632374e-12
4.752029114999386998e-12
2.296399402954729383e-12
3.219186449966475869e-12
1.078087133071390058e-11
7.302512064480812143e-12
5.809311926200301989e-12
4.212108841758175996e-12
4.686233968837388304e-12
2.825476763820093765e-12
4.258806233434461769e-12
4.342365133760573556e-12
4.679185442699005208e-12
2.339470181756704095e-12
5.008671289261232151e-12
3.964194826229804165e-12
3.872049823550262726e-12
nan
6.740952885762945270e-12
4.053183123284215453e-12
9.986200067736495983e-13
4.084299556081105532e-12
2.212992097808285048e-12
6.300250853622726778e-12
4.298588368918045529e-12
3.509745786980090788e-12
2.954230290174357506e-12
2.763070510671038792e-12
