7.259831431305258324e-12
3.972341752915403537e-12
6.089466515079216508e-12
4.046808301564378704e-12
7.372837793771944978e-12
6.080705597998873324e-12
6.008837551480347820e-12
5.415009751832469027e-12
3.176088225944099679e-12
4.215671410711129389e-12
3.759127511727575004e-12
4.927045382765439768e-12
1.177198454747849287e-12
4.150195813091961054e-12
4.630176031902487073e-12
5.032631020660746539e-12
nan
9.098196119035989748e-13
3.965456753287459395e-12
nan
4.840819678253679579e-12
2.790437111724378348e-12
nan
3.302610694811858777e-12
2.941295831723893525e-12
6.150351876652575812e-12
7.292111170254798835e-12
3.331147556342895857e-12
4.414023757322601379e-12
3.955453551674261323e-12
3.906773526394692285e-12
3.359830408733024810e-12
8.234081184520370092e-13
3.846067968153284738e-12
4.600011133156282506e-12
nan
4.250647984803038517e-12
1.218189395010711844e-12
4.331452294406537855e-12
nan
3.013883297520919069e-12
4.160938849183435392e-12
2.435440166671100712e-12
7.566347962233362692e-12
7.891965590599824432e-12
3.035053174357904172e-12
nan
2.154675295002368586e-12
9.597739629648164588e-13
3.474856697806836944e-12
3.145064462011682005e-12
2.838261190759652973e-12
1.177854561396287701e-12
4.964597888227653238e-12
2.840768774493375625e-12
nan
1.233208070272420312e-12
2.765177892727592982e-12
5.678688608405642887e-12
4.196560762602317232e-12
1.266616333606828822e-12
4.432963387871492611e-12
nan
5.793564533443016751e-12
4.103524554296114850e-12
5.679743879497301832e-12
1.254018823551986078e-12
4.666424864520972481e-12
3.818758412798918829e-12
4.528249687861756654e-12
4.300635508921412676e-12
nan
9.336857292971524204e-12
5.649687557423894431e-12
4.328015011716303237e-12
4.916272619763321807e-12
2.022473781032749096e-12
3.391976442760271954e-12
nan
4.518631524113538017e-12
1.534384081564610456e-12
1.008623039174836383e-11
5.011576398381383115e-12
4.164013648092258401e-12
5.782013546310962630e-12
1.983944496235655622e-12
4.029010399030597882e-12
5.361374040155364587e-12
2.463836959287265634e-12
4.343737286900144490e-12
2.597200854381314753e-12
3.982850544426477684e-12
nan
3.988885250488959935e-12
3.752052917794448287e-12
4.069495692016542168e-12
3.783636382915860119e-12
4.648916831636989194e-12
4.929439911344101120e-12
1.729019736156228624e-12
2.948371718877461211e-12
9.236482688252219970e-12
3.771966523802677616e-12
3.877687662322583969e-12
4.710291889520724683e-12
4.102858175189620962e-12
2.279707654248114923e-12
3.754521685034682499e-12
2.280410985583687617e-12
2.437019392559499997e-12
3.637574378020527070e-12
1.742293654929954372e-12
4.106316016598053023e-12
1.667183068994678374e-12
3.620811800260900789e-12
2.720689069716030895e-12
2.765184906162174202e-12
4.193919566338663420e-12
nan
2.003747069044729484e-12
6.668504080308201803e-12
8.533994103790255076e-12
4.817455356422271165e-12
1.454421947724330705e-12
4.405374971454467901e-12
3.449825919649678792e-12
2.587796885241357246e-12
4.946110014366753804e-12
4.060871574412082130e-12
1.868705989942408003e-12
7.723080590578192889e-12
1.688889166958576614e-12
1.151911473425305325e-12
9.067820837870919527e-12
6.387791554584112850e-12
6.672578056207403952e-12
4.216860400206092873e-12
4.991338779920422597e-12
2.269850480416313157e-12
3.822637887908652213e-12
4.162243652114814393e-12
4.117187810735211070e-12
5.826521849099472089e-12
4.209925249006318290e-12
1.668174939357786437e-12
4.272764505194009070e-12
1.454992882197680684e-12
nan
5.074405834547888525e-12
4.917770818024363304e-12
4.309619651221842869e-12
4.621273125837342599e-12
1.442719646705051375e-12
nan
9.550225226244721292e-13
3.413744458575508331e-12
5.092133133413354802e-12
4.666592325234393359e-12
4.334425095296164481e-12
5.339759628915787842e-12
5.020699244217174455e-12
3.695154151761468224e-12
1.726720660280903543e-12
4.196556183334671707e-12
4.018526081571520220e-12
4.360431735967611588e-12
4.744176604877906834e-12
1.506227907691844003e-12
5.153583078758500390e-12
5.827216413439224239e-12
4.891319358974330692e-12
3.552051549311202586e-12
4.245207539303551442e-12
1.482998808709732986e-12
1.810046748107937126e-12
3.859288245196149003e-12
4.323962910333165398e-12
6.887109266582173989e-12
4.714762246786301621e-12
4.697363517460655546e-12
5.734579075610809327e-13
4.818640813622908403e-12
6.488231207884780916e-12
1.229531950426294705e-12
6.523720576700482525e-12
3.335826455814121163e-12
5.436323672178919205e-12
2.315053900108241254e-12
8.645408662116594364e-13
2.210026613657827976e-12
4.752506654424433189e-12
2.507456517287551251e-12
2.966835081346257586e-12
8.796777672822211036e-12
6.210993386863847127e-12
3.157028298742403303e-12
4.135331996809489913e-12
2.416786536507261556e-12
nan
2.384221171954407403e-12
3.516431535616977327e-12
nan
1.871944613029027678e-12
nan
7.682071338803901769e-12
6.571443532686611519e-12
4.795841415668090737e-12
4.076462832744450005e-12
5.772839179432169629e-13
2.958440620139386979e-12
nan
7.097544158621428915e-12
2.062294741567377125e-12
1.251583703008938060e-12
3.689718472657145495e-12
3.575482781859323754e-12
4.546610477559000781e-12
3.766332977458837859e-12
3.243910418617742077e-12
9.624534352043688718e-12
4.889282614287527850e-12
4.321818127933921971e-12
1.905171590295182793e-12
5.171724027519579222e-12
nan
3.152315738391475734e-12
3.947026240101253859e-12
nan
3.686383589585039537e-12
6.349202962661310863e-12
4.824869584150421353e-12
2.794212386303205596e-12
nan
2.317657838339950219e-12
4.609336517054943788e-12
9.314758855926949752e-12
4.434864417172959840e-12
4.820808528614124853e-12
5.851552708032441529e-12
4.787468084441931555e-12
5.577283751073457468e-12
4.444846055112958998e-12
5.846715450482425779e-12
3.529939154403132601e-12
5.696021811488850899e-12
7.518043442678887855e-12
3.009656823960953418e-12
4.068741638029506688e-12
4.379354588966708899e-12
2.330031065360656046e-12
1.954372046107661494e-12
1.811801553844403182e-12
3.891981241493817879e-12
5.981919522735232544e-12
4.028852163919636387e-12
3.351300186098788935e-12
3.043023672492003522e-12
8.311163159342068887e-12
1.785549471068321792e-12
3.925632885746669680e-12
5.466236500758122684e-12
4.501455615959178423e-12
3.510287519889488107e-12
nan
nan
9.230771923208164181e-13
2.615793893738827539e-12
4.766197626557147984e-12
3.977596295916842444e-12
5.947542848106276161e-12
5.324750050506844756e-12
4.441194729866723882e-12
4.827006705694628154e-12
5.867913933101765609e-12
4.325523756098705392e-12
3.039739139718272258e-12
4.719127927012896280e-12
1.981994981383495528e-12
5.853349610601340667e-12
3.371666923200643619e-12
2.387490127141797626e-12
5.009167268808747584e-12
3.701296963828732625e-12
2.327821019411912161e-12
1.013493925857966433e-12
3.527899798748948927e-12
3.658279689286457546e-12
4.551628324422251810e-12
3.366737256616883765e-12
3.942500761116437279e-12
2.979793083344597541e-12
5.374238905897267148e-12
4.896617455250791807e-12
1.724426377777737607e-12
3.807118091392405147e-12
5.225110759816846392e-12
4.031895116387459913e-12
4.668500890484523647e-12
3.894763607631999607e-12
3.850198294006648857e-12
nan
2.933495930040732874e-12
3.156004167744446113e-12
6.258518571228839824e-12
3.985179828945822056e-12
6.070308677741293769e-12
nan
2.700222398627880788e-12
1.122047153993505395e-11
5.185498945520675485e-12
7.416860937332494007e-12
6.129880994087374273e-12
1.719274951290094626e-12
2.167274212876397392e-12
2.794908655031935032e-12
4.096464504724568355e-12
7.366354012380610841e-12
1.614247020017368339e-12
4.504594651718661747e-12
1.986245217618542342e-12
1.690623043842469604e-12
5.965801292848146975e-13
1.893428237879921201e-12
4.815411669904406811e-12
4.890433883190113567e-12
4.408058126638224971e-12
6.838507012832796814e-12
3.213815899168932475e-12
1.964399316728436621e-12
2.597504349170864805e-12
5.853528378913330763e-12
3.333622154933403841e-12
5.903317400922108520e-12
6.323635935651172551e-12
2.075588449620786518e-12
1.879194523955078611e-12
5.188521613789786531e-12
4.021095450072661132e-12
1.301448229136753930e-12
3.626792487831512381e-12
4.474145931869697773e-12
3.753207122598383555e-12
1.794597438909860875e-12
5.153655244409529474e-12
3.903839932363681378e-12
2.662492528962044623e-12
3.870446606771838877e-12
3.656631087443421494e-12
7.568356124995794282e-12
4.448825704433512468e-12
4.088531552085425150e-12
1.663115437251817824e-12
4.133673844143823691e-12
1.179590321659489067e-12
4.461674172231720827e-12
5.028638844707645541e-12
1.222539619815582649e-12
4.124485711354685519e-12
4.038902852671444932e-12
3.830659067281730810e-12
2.512853317899387556e-12
nan
7.399551769672252989e-12
4.967593343244047740e-12
5.312836214645023967e-12
3.895982362995300520e-12
6.521921337154830724e-12
4.370972702928489421e-12
2.853013645107900643e-12
7.257812020400152523e-12
2.484853015101048819e-12
3.010796419028144941e-12
nan
2.419852872101602428e-12
7.417184825766519824e-12
5.246555988061706444e-12
3.751014871214926707e-12
nan
3.934248795790834743e-12
3.773469976364006351e-12
1.165768488106619571e-12
4.381516176648148391e-12
3.475641908679728758e-12
3.918791593439606147e-12
2.088208687355127974e-12
3.936636357918973193e-12
3.315887709900066940e-12
6.000777845053511811e-12
4.220525734846992218e-12
nan
2.419683735692550365e-12
7.621967460129873730e-12
1.846967292562797516e-12
4.984870422248990129e-12
2.732733077590786595e-12
nan
nan
2.621566249414921544e-12
5.431195155190005962e-12
1.643109037990614335e-12
4.173307799028568518e-12
5.215521735361128402e-12
1.533783110782385644e-12
3.270566727237160853e-12
3.183293082060793532e-12
6.406397682810411521e-12
4.920836741235976178e-12
4.826618692683093862e-12
1.339185364256623065e-12
nan
5.378567950639858737e-12
2.071266834707042545e-12
1.343577030005671073e-12
8.839114862386251626e-13
4.881827035643716552e-12
5.024451856023767035e-12
1.200169689593506834e-12
3.465040980609069833e-12
2.102276925609601866e-12
1.150906755366739668e-12
3.662353835633154164e-12
6.145050953347605287e-12
4.547337153545655431e-12
4.924945125620062287e-12
5.030786282679628902e-12
3.555397616691788859e-12
4.166100576453864154e-12
nan
2.722247679247762992e-12
3.793872929560776974e-12
2.084837932803910931e-12
3.452581548982544322e-12
nan
4.649216665450817743e-12
1.802542356230054828e-12
nan
4.980278562123555917e-12
5.229324336699706651e-12
1.953087513740813216e-12
2.004880755774905572e-12
3.497025098638594495e-12
2.801185527980632593e-12
3.257523124960334735e-12
4.128760929112998882e-12
4.437939467236337296e-12
5.376284497307079549e-12
3.260230393957513037e-12
7.622248987952167277e-12
5.204879437089548790e-12
4.492399815560660370e-12
5.992401289067222643e-12
3.877877626148668592e-12
nan
3.940846652189124403e-12
6.618003241604754667e-12
3.864643887789935894e-12
2.219852051913614542e-12
3.878440920299638571e-12
4.316838688029507533e-12
4.606746725420399261e-12
5.225549430904156471e-12
7.722567682135760949e-12
1.301061253521921009e-11
5.090228897872331503e-12
nan
1.506188763804902700e-11
6.887580779213357606e-12
5.028048646281662189e-12
2.894943902108593253e-12
4.963562037036505692e-12
1.158283899950472983e-12
5.064742236145892579e-12
4.869809347237990474e-12
5.077267804131727351e-12
2.234069207576715850e-12
3.177299408618636594e-12
1.074092092603454200e-11
7.614708757654243964e-12
6.118804768763289684e-12
4.497735829331163521e-12
4.987705983380732300e-12
2.724024868475288515e-12
4.489109037334888906e-12
4.253435646667643945e-12
4.874394868289059235e-12
2.283292494744093870e-12
4.989095956719583431e-12
3.834813629591430342e-12
3.932257069840811891e-12
nan
7.206643717144149205e-12
4.328672098842686650e-12
9.745041256491189754e-13
4.144432873626614808e-12
2.168322663632554971e-12
6.739408811573407442e-12
4.345482976111578756e-12
3.439692813525212685e-12
2.952431272414173326e-12
2.733594868538005939e-12
