7.570481861382109966e-12
3.823541564106442685e-12
6.550852892741959209e-12
4.679316630698297766e-12
7.165273864349909903e-12
6.619164401516457489e-12
6.043370647119858786e-12
5.941544312238607100e-12
3.327273201018031988e-12
4.836314623162940773e-12
3.427880025846988665e-12
4.868312424510258257e-12
1.450911206901652739e-12
4.603191317828833870e-12
4.695175272290552023e-12
5.035277150221631391e-12
nan
1.250727155570467731e-12
4.365394266046562199e-12
nan
4.501118338387892316e-12
2.913608209237068055e-12
1.577460099657027595e-14
3.027221032632560590e-12
3.083487122355878981e-12
6.034419389559718195e-12
6.898769400695465584e-12
3.231301666711315363e-12
4.394385438896144368e-12
4.114228159228000733e-12
4.147044237168265931e-12
3.458874610288417542e-12
1.185572905966485286e-12
3.823074719359459934e-12
4.953107689080642755e-12
nan
4.440001205464714140e-12
1.474636129786951608e-12
4.037818523371090544e-12
nan
2.966102650744058219e-12
4.786100717129844171e-12
2.636939900263334052e-12
7.672623628993514249e-12
7.633022631458787402e-12
3.164844077871606774e-12
1.420806528861825566e-13
2.379325250076901347e-12
1.287216088882316148e-12
3.224189165255916333e-12
3.308556786749186933e-12
3.017718111312916971e-12
1.465448213017671033e-12
5.379511163821123185e-12
2.813132839800762254e-12
9.422896501241768963e-14
1.492147977765415543e-12
2.815981571497288735e-12
5.314468403641953410e-12
4.070845257161986875e-12
1.498127655357346163e-12
4.748577262477336122e-12
nan
5.475315598826026766e-12
4.735260038477804811e-12
5.583196239812077782e-12
1.517886470991370764e-12
5.252479315374149563e-12
3.949698773101242974e-12
4.809215170347365146e-12
4.450106005054774325e-12
nan
9.638780887419485154e-12
6.175142557483640869e-12
4.930457904618624721e-12
5.307574281400148648e-12
2.246970433134722255e-12
3.458523786559610607e-12
nan
4.284875120901314640e-12
1.684393185252856709e-12
9.794499779528160944e-12
5.154923542818514898e-12
3.816333179213779181e-12
6.147415969277573985e-12
2.192137925035436289e-12
3.715688976889597686e-12
5.381378592578156928e-12
2.637354464555769214e-12
4.167957352165283011e-12
2.748554293948940866e-12
3.760876444878056042e-12
3.034534852581556090e-14
4.620524594024024795e-12
3.419267887004631321e-12
4.396154051911330374e-12
3.957716191372972359e-12
4.649954357661239477e-12
5.501391250501955412e-12
1.983662321459642119e-12
3.102526211524217222e-12
9.543776633513787174e-12
3.627057022724939483e-12
3.695050599811793828e-12
5.210107767733757752e-12
4.734097897207365340e-12
2.450937400243064851e-12
3.732227507679852084e-12
2.485366153303333801e-12
2.625163483137558590e-12
3.537167432778073095e-12
2.017953161308937575e-12
4.740883943736927017e-12
1.911018394461884793e-12
3.697958473859183897e-12
2.868183467047747709e-12
3.564586693315097040e-12
4.891952100025265735e-12
nan
2.217902385593725762e-12
6.776216990783549035e-12
8.588999337195165240e-12
5.293413777937065432e-12
1.678303444572015577e-12
4.228676613251858078e-12
3.180891336752844017e-12
2.752297042964884031e-12
5.060601271836506306e-12
4.299781635498762743e-12
2.099849749163835956e-12
8.121664801238785255e-12
1.947762306842432663e-12
1.435594909048043586e-12
9.231382175201897333e-12
6.855456100819081798e-12
6.802684334569631021e-12
4.057587661761235366e-12
4.651322888567749278e-12
2.457331407319344396e-12
3.519802701950921177e-12
4.789585297130085661e-12
4.056141470625056043e-12
6.136988054645487286e-12
4.719479471791486058e-12
1.944340600860623787e-12
4.891752279596487298e-12
1.675748479882487619e-12
nan
5.549941832283268668e-12
5.388253728821970569e-12
4.040831811012722489e-12
4.745375565947969485e-12
1.653779995497340732e-12
nan
1.308335926175406411e-12
3.128253720256146504e-12
4.752445202581912678e-12
5.267406764050420224e-12
4.958047174919111033e-12
5.627874983371446224e-12
4.772372647174066386e-12
3.470214788171984839e-12
1.956182484537361025e-12
4.184597849026192064e-12
3.871464732353680928e-12
4.369512986111464792e-12
4.876060557285483758e-12
1.744649674819386302e-12
5.717110358349340435e-12
6.107875934390820432e-12
5.100794310999407716e-12
3.371592031867541558e-12
4.072799928173009224e-12
1.709558364200236530e-12
2.008737830005850425e-12
4.353707950194563202e-12
4.895275581876310819e-12
7.343397693503440474e-12
4.895092322695032572e-12
4.744318326722906918e-12
1.004211861711316692e-12
4.807135355703484432e-12
6.031864517757095379e-12
1.448840796920023253e-12
6.996499719133260045e-12
3.362866573065842741e-12
5.042684132263555793e-12
2.474104684762811299e-12
1.203495753011363785e-12
2.408227370479671440e-12
4.446780940193547155e-12
2.724667672337227466e-12
3.068504691059153785e-12
9.130542641552188483e-12
6.686976454436106030e-12
3.200775657110171847e-12
4.285397434020298379e-12
2.637118968392776303e-12
nan
2.540635259285776127e-12
3.639960414625384046e-12
nan
2.095907928978178255e-12
9.952699608181199871e-14
7.432568239583364532e-12
6.363343868519069830e-12
4.745752589106843503e-12
3.801296630878995200e-12
1.003743025348985654e-12
3.035103533259156762e-12
nan
7.306373192258877419e-12
2.270100651175224289e-12
1.454474124911435855e-12
3.400162054517406088e-12
3.259838735811353239e-12
4.955210432285432917e-12
3.966175597335567492e-12
3.033195021355216035e-12
8.910779032705240282e-12
4.556978944423851934e-12
4.513882450330624604e-12
2.135899098026814066e-12
4.851582371064739501e-12
nan
3.217200822698220237e-12
3.617324071743924798e-12
2.281461222736737166e-13
3.516635721788507425e-12
6.405071182880346295e-12
5.399812737835060811e-12
2.980634851110090484e-12
nan
2.547994283538919199e-12
5.214218905760878113e-12
8.731755038313145106e-12
4.590308031153701647e-12
4.878877941144338795e-12
6.031399934997747034e-12
4.916571086919442947e-12
5.317284269428831321e-12
5.060612704217326761e-12
5.776723904841830505e-12
3.320827648214674388e-12
6.187923411959206140e-12
7.836048156872068359e-12
3.169151277227757747e-12
3.743122517359154313e-12
4.792656494107251646e-12
2.505908906501603207e-12
2.124552277208679642e-12
2.003957112914496474e-12
3.881740591269422382e-12
6.434584106958822275e-12
4.333974954965812392e-12
3.097131089419185010e-12
2.998405395511695897e-12
8.204185945313281171e-12
2.044588365114653029e-12
4.335877801487005625e-12
5.332731965684844034e-12
4.608684127132147357e-12
3.666276750939245558e-12
8.041561233209458263e-14
1.174211932121560747e-13
1.245380236420500853e-12
2.762331889265939209e-12
4.645665386199865642e-12
4.475360760840611534e-12
6.443664725391536665e-12
5.029189726161906177e-12
5.045521548018399358e-12
5.408117752011252194e-12
6.221558638553300630e-12
4.927129206986490815e-12
3.002805794767524646e-12
5.302503030767378086e-12
2.195562719203604099e-12
6.324734762091047816e-12
3.428854912406447694e-12
2.570454733218528221e-12
4.831212283753552066e-12
3.838723347247091566e-12
2.504196676167083052e-12
1.356209556654525126e-12
3.272870147979266884e-12
3.823679349730566664e-12
5.150537759137411758e-12
3.529355255072613115e-12
4.588190539033635637e-12
3.169109914458013214e-12
5.035152234364891458e-12
4.960317872636911392e-12
1.980422179472089176e-12
3.923782918920712566e-12
4.879408083282883606e-12
4.506031492739927038e-12
5.267308298319408433e-12
4.010106267544383683e-12
3.641292446307310172e-12
2.429779835516063624e-13
2.904242396156100503e-12
3.059252478729405315e-12
6.702309395866285655e-12
4.600857529871527173e-12
6.265925196299442533e-12
2.924397385385349161e-13
2.902999944458802724e-12
1.202765915279751714e-11
4.808976010858702910e-12
7.835471961982122187e-12
6.620187378874877078e-12
1.989235323023456209e-12
2.346017489174990150e-12
2.952663844600221369e-12
4.690671534402763483e-12
7.788668712940533287e-12
1.894786405687516368e-12
4.638358866623080338e-12
2.194918716611686790e-12
1.967530912264773664e-12
1.015024174386280693e-12
2.114325183461186441e-12
4.816178492425583189e-12
4.944025476579327806e-12
4.069363315115817155e-12
6.726651265273584396e-12
2.934910895090548341e-12
2.156138427936101857e-12
2.757146738002186636e-12
5.925996542589040920e-12
3.053748444248203551e-12
6.368287096051015180e-12
6.796764420987946979e-12
2.260409689888356266e-12
2.053395512518914435e-12
5.212592049160343095e-12
4.149796390956080842e-12
1.540419139418647370e-12
3.588232590041731575e-12
4.255555288750565618e-12
3.927926423749593479e-12
2.022793326663580581e-12
5.713445367695139547e-12
3.968129427702150712e-12
2.718674293546641626e-12
3.605105097215659745e-12
3.471686018301726720e-12
7.978987343613344748e-12
4.205229231428198863e-12
4.122496900599032730e-12
1.920704536438472697e-12
3.776805245756920930e-12
1.458501215416243211e-12
4.629196848945221434e-12
5.561250813218495241e-12
1.475438464526980184e-12
3.951243502410947582e-12
4.015774550567760701e-12
3.608310639563420985e-12
2.731937261715475133e-12
1.169313469180418742e-13
7.165507980636822558e-12
4.754550320698634518e-12
5.305972086834008789e-12
3.933369353457578871e-12
6.995429083690592647e-12
4.188324074719367667e-12
2.991065393093504617e-12
7.687626982295997051e-12
3.257500129526920259e-12
2.833212435840729000e-12
1.427317439992129846e-13
2.623515637641896633e-12
7.834750878155461810e-12
5.793365904643384465e-12
3.593816492188766391e-12
nan
4.559974174947651335e-12
3.870468689936341562e-12
1.434174263059252020e-12
4.847812813839362252e-12
3.281098978689772447e-12
4.108803792974650240e-12
2.293896239122379061e-12
3.682120108327761706e-12
3.456563088187802427e-12
6.479369050949943367e-12
4.848004337835737607e-12
nan
2.602087435605283846e-12
7.474910130839896109e-12
2.075721194797572998e-12
5.557335735006767158e-12
2.933671933106452256e-12
nan
nan
2.765138937432842327e-12
5.976719991500601271e-12
1.878227396651554986e-12
4.386810955076568683e-12
5.197838977604231350e-12
1.796983521188372233e-12
3.027288751266127764e-12
2.991293477608576521e-12
6.377449948092752965e-12
4.766569594247490091e-12
5.401294757221973186e-12
1.607226939495251380e-12
2.005075010280263071e-13
5.926835543313462570e-12
2.250892159608637375e-12
1.562376114585009941e-12
1.208368892527486425e-12
5.464734329220983065e-12
5.437181978182689277e-12
1.467716566981129562e-12
3.219739489054700378e-12
2.363326434999894411e-12
1.445019603320025307e-12
3.374205237644959460e-12
6.603974850049672593e-12
5.033027053441122568e-12
4.569742542356906203e-12
5.588537595388114436e-12
3.286620399177654651e-12
4.799492221227628934e-12
1.246857914856707175e-14
2.854831021604969704e-12
3.750230049500590810e-12
2.331074538365683968e-12
3.580114617749223560e-12
nan
5.306482431390584972e-12
2.028256418503747196e-12
5.770475532211084524e-14
4.753456867226030624e-12
5.250577309921953178e-12
2.118134074016531439e-12
2.223879726768477267e-12
3.272812849756852617e-12
2.740567319294442132e-12
2.954843151116244047e-12
3.866802781472766274e-12
5.017393009367345460e-12
5.517136235803328875e-12
3.297291724783316812e-12
8.028675809531584502e-12
5.224491329097241703e-12
4.948703851191466742e-12
5.937213183454502088e-12
3.538493443557529420e-12
nan
4.584401948269052724e-12
6.677385815302344220e-12
4.497518212864607909e-12
2.430102486061146120e-12
4.519433893599999889e-12
4.697876588137501616e-12
5.192227706563623499e-12
5.730507961068514291e-12
8.120894119849232054e-12
1.361700866936965783e-11
5.654110924669724872e-12
nan
1.565710933405325767e-11
7.230645751027469859e-12
4.920221340798140936e-12
2.752206080941060968e-12
5.151086963545853440e-12
1.446309810596081874e-12
5.098732788155297912e-12
4.489914749612125515e-12
5.609436769543916814e-12
2.491573151428079926e-12
3.228608426505334835e-12
1.167003371581966142e-11
7.309325552364953166e-12
6.035017949896575660e-12
5.102422058555638485e-12
5.278528187437374077e-12
2.866599902996787982e-12
4.594838743315182212e-12
4.046978770689102888e-12
4.526983407655706522e-12
2.476946041364680311e-12
4.627670778869270453e-12
3.857220586235822791e-12
3.694458833344398616e-12
3.192054610810111561e-13
7.176426533184561957e-12
4.943435833083829130e-12
1.307377978448559667e-12
3.907867442294049361e-12
2.350476495178816469e-12
7.200028593643763598e-12
4.050124486425949069e-12
3.602839077947762213e-12
3.129291272195831285e-12
2.826499805089585772e-12
