7.947738877697713834e-12
3.865857110886447898e-12
6.966324054669514188e-12
4.886074257227509212e-12
7.000675680015968245e-12
6.958219627398476422e-12
6.319983325001993430e-12
6.287742209374759063e-12
3.305002553261645868e-12
5.106033006291884624e-12
3.409647253116851833e-12
4.842695547645225823e-12
1.461898460688173133e-12
4.735136352561896163e-12
4.798899441003381068e-12
5.024071378908772922e-12
nan
1.272976049712908991e-12
4.459316181735965422e-12
nan
4.525200245380721634e-12
2.924330975902862871e-12
1.281055981169587708e-14
3.033042069588807540e-12
3.115213955334884669e-12
6.030311246880076975e-12
7.181280644797193732e-12
3.203159631921052134e-12
4.393951761490808230e-12
4.174774462753923186e-12
4.221466531998282609e-12
3.427633563565363840e-12
1.213927463950789782e-12
3.806649672941685401e-12
5.108405065136638624e-12
nan
4.502109867291527719e-12
1.491432382537691809e-12
4.024110403434148289e-12
9.516028587828073833e-15
2.958555764007404839e-12
5.043610874364095063e-12
2.683673059319435377e-12
8.070682722697726999e-12
7.937143509440871880e-12
3.172410276528824821e-12
9.992254016938355921e-14
2.382414197979566667e-12
1.315034292693245018e-12
3.198387098812887181e-12
3.287045280788039132e-12
3.032201440930492450e-12
1.485059455192445976e-12
5.581843289983801895e-12
2.845171970754253988e-12
4.349645425380509604e-14
1.507283096766832691e-12
2.834205359044998298e-12
5.290969730006757301e-12
4.124418110715024240e-12
1.509014405013986953e-12
4.914879830857827390e-12
nan
5.448495313360745019e-12
4.994457067830584539e-12
5.513893456538912035e-12
1.529355627478439059e-12
5.544547783918943452e-12
3.989883911106594261e-12
4.962771766657497883e-12
4.456926205179988669e-12
nan
1.023659843704284673e-11
6.547517660115430365e-12
5.211421678701957752e-12
5.477629578141467291e-12
2.249042876355052626e-12
3.464072854722028614e-12
nan
4.299140683436564289e-12
1.703757146666071132e-12
9.920359051057972289e-12
5.338691251723186912e-12
3.890064033709380214e-12
6.385051572207651349e-12
2.199872429697818588e-12
3.776312493488747158e-12
5.565045637164952984e-12
2.669091375806743714e-12
4.165230652407443727e-12
2.782154588780589121e-12
3.741569929323117842e-12
2.083914160623243596e-14
4.807825407769202514e-12
3.399912539483946302e-12
4.538386951054273061e-12
3.914155918520811417e-12
4.598297595396911278e-12
5.820173666360650154e-12
1.975035073296549582e-12
3.095653969896755572e-12
1.013517022295534003e-11
3.607835680764563559e-12
3.665829922740565344e-12
5.380933852785073072e-12
4.990368969884669940e-12
2.494790115191347819e-12
3.737957015135299133e-12
2.505303905173318885e-12
2.664542246548026630e-12
3.510703791659605080e-12
2.016786122223423393e-12
5.001903252154092800e-12
1.905046990332894602e-12
3.662699089513979220e-12
2.909083609012709557e-12
3.580590183376538473e-12
5.076044957876153559e-12
4.919075430439324021e-15
2.211022342345559950e-12
7.025978803900349682e-12
8.973238765739525979e-12
5.469869936066926917e-12
1.687426547103999516e-12
4.271962675132553910e-12
3.165861032679716653e-12
2.794166149259133540e-12
5.219637741647100362e-12
4.391505256356538301e-12
2.087491003748830797e-12
8.622248625110825999e-12
1.938813533448809358e-12
1.443922248793524822e-12
9.639876039335158402e-12
7.278775196249610223e-12
7.018785634591614519e-12
4.033100097989459880e-12
4.697292366433007353e-12
2.480933614807437764e-12
3.499777537102941239e-12
5.051944942489231955e-12
4.089927557527887947e-12
6.320368933429857645e-12
4.854435342279318512e-12
1.946384456291057300e-12
5.164430492245884460e-12
1.687797141184251645e-12
nan
5.715835586572753439e-12
5.557942239693065551e-12
4.038411577505554769e-12
4.826745563415193023e-12
1.666045234751735462e-12
nan
1.329740979122648689e-12
3.102729833679516450e-12
4.784624699171539994e-12
5.563695799828356600e-12
5.232724693272371481e-12
5.840318035662755095e-12
4.788738909403084889e-12
3.443478077135724083e-12
1.947671262525453416e-12
4.216027808915865290e-12
3.882226423777483261e-12
4.372276030351618399e-12
4.949075301178577140e-12
1.748884058724976934e-12
6.049698377363277458e-12
6.276215756988866423e-12
5.291693236601069440e-12
3.361279977568570263e-12
4.122917243427572621e-12
1.716434739345735494e-12
2.005436960235198717e-12
4.434733192262253521e-12
5.066414117388777944e-12
7.783886563566501069e-12
5.073741742543571762e-12
4.742047861630307991e-12
1.005029016380044997e-12
4.746072698399231975e-12
5.979111797303950383e-12
1.468818002647165219e-12
7.420036208845669323e-12
3.332868588679785844e-12
5.033805334113778713e-12
2.487819607286962755e-12
1.237008737976542341e-12
2.412721202660046978e-12
4.437719204228364467e-12
2.764753463692185253e-12
3.076226462273274648e-12
9.696623881100928517e-12
7.091147988824662482e-12
3.162945762219851077e-12
4.277611451553874548e-12
2.676934908216921789e-12
nan
2.556465081615201552e-12
3.614665530812526096e-12
nan
2.090977834596713590e-12
5.819504465689674725e-14
7.277371370555602296e-12
6.632441632538637022e-12
4.705330172122240875e-12
3.765326810960720529e-12
9.989381354788557819e-13
3.049310028491030627e-12
nan
7.663713653558517216e-12
2.280319349066795017e-12
1.473548775409996853e-12
3.380289452437977949e-12
3.248918995409465550e-12
5.089275212010044891e-12
4.011308087643900655e-12
3.023000452804785887e-12
9.243019008467986626e-12
4.615787896133774038e-12
4.582488712079332068e-12
2.144669757722829462e-12
4.882196063002485652e-12
nan
3.238975187854274072e-12
3.605938323555585659e-12
2.404950473619543234e-13
3.563125057466310686e-12
6.688273643870968317e-12
5.701386398708946502e-12
2.999248952416114969e-12
nan
2.599902101829252833e-12
5.508014967054598332e-12
9.020045121431361219e-12
4.642095957002731196e-12
4.988725539275868057e-12
6.247763140543398029e-12
4.975608864123914466e-12
5.247953490729003386e-12
5.342250430463938733e-12
6.017962397109516414e-12
3.299643371996485984e-12
6.556780656644038099e-12
8.214730766409420477e-12
3.167904076392215442e-12
3.742225542126501691e-12
4.959652250865350739e-12
2.523738266462747781e-12
2.134169675802625099e-12
2.005669098983166584e-12
3.849509029371610829e-12
6.848676053281019167e-12
4.455060876502464836e-12
3.073667626755944912e-12
2.996904507639807478e-12
8.270018712630959492e-12
2.049159096515949198e-12
4.426079401473508075e-12
5.330204229884815812e-12
4.614470631828748131e-12
3.633521928852017293e-12
1.005019141957242763e-13
7.608297327179928960e-14
1.267175208937740756e-12
2.777255271849270179e-12
4.635463248234632973e-12
4.576993124453546691e-12
6.844509137169121081e-12
5.045894515765958060e-12
5.332683114258361448e-12
5.717964670226302997e-12
6.459284761206892783e-12
5.202015322646199213e-12
2.983038064392938079e-12
5.599795520786569223e-12
2.204331286029085559e-12
6.730611130367457438e-12
3.432997601366174247e-12
2.614513997236091317e-12
4.814942634546816970e-12
3.805489888349345367e-12
2.518560272824459131e-12
1.376109839705311564e-12
3.236585984329916889e-12
3.792070940801021101e-12
5.443581867954342908e-12
3.492054836081094256e-12
4.836500045035406830e-12
3.161415649299495945e-12
4.992235328311304833e-12
5.059021496733614458e-12
1.971976541255383285e-12
3.918820314510656991e-12
4.906884229125508582e-12
4.645276971203661489e-12
5.564190434445342150e-12
4.058316848866429162e-12
3.691003557391622899e-12
2.746959230077686153e-13
2.921886625736932152e-12
3.058234007072834356e-12
7.134703695410076560e-12
4.755643577139789182e-12
6.560395556653533938e-12
2.987170393598461570e-13
2.921279382444643174e-12
1.200860731366055472e-11
4.829762969963159028e-12
8.315346834253669401e-12
7.023436509302825578e-12
1.991614039195476040e-12
2.357947658893466204e-12
2.985777496019421501e-12
4.832952006096233735e-12
8.265803831008452123e-12
1.886826372251396637e-12
4.713285839494208484e-12
2.191078152980818172e-12
1.960804071662979547e-12
1.015332733522343941e-12
2.107036192121268753e-12
4.772646353116670517e-12
4.973259979606196177e-12
4.082740173650194448e-12
6.981018748397931857e-12
2.950190591728299207e-12
2.155356825722280945e-12
2.768474867713709098e-12
6.189979969080514420e-12
3.047680039101351606e-12
6.767257086079475544e-12
7.217060133663911161e-12
2.261544881400967596e-12
2.056863390295998222e-12
5.321824396265657331e-12
4.170118383346860525e-12
1.547288481159875376e-12
3.571035058104479431e-12
4.236114483783160425e-12
3.972532142762631563e-12
2.020216261674328661e-12
6.047247704791458634e-12
3.951508422514319726e-12
2.757655033274990994e-12
3.581273180518070533e-12
3.451912027995414402e-12
8.467869369948404352e-12
4.237527674157075380e-12
4.135840623982672287e-12
1.918343912018569493e-12
3.826988637541634543e-12
1.469985692074922725e-12
4.704072259958465214e-12
5.832279628344040043e-12
1.492124616539796777e-12
3.958632093674075344e-12
3.984408846220569095e-12
3.570786827050700049e-12
2.765834522337940460e-12
7.547412613383133283e-14
7.489994249218924716e-12
4.778270189733175711e-12
5.450500898307336803e-12
3.967380418548664363e-12
7.421663391074636420e-12
4.237179651909125710e-12
3.003145281925169700e-12
8.156504580528972196e-12
3.207637412768985941e-12
2.862648833549077080e-12
9.672350409839990022e-14
2.667162401546340130e-12
8.307023653693344437e-12
6.132224024662781120e-12
3.581069773546628395e-12
nan
4.741112118760420932e-12
3.860260068905460873e-12
1.450437541855679478e-12
4.998293865444043952e-12
3.267626691827145350e-12
4.183824068433278243e-12
2.306336094447541067e-12
3.669996348023412977e-12
3.428111580172115731e-12
6.875980225852112433e-12
5.117927723455207170e-12
nan
2.630653634123280298e-12
7.722140587062457390e-12
2.066884613532338783e-12
5.877673015845529219e-12
2.944095135443638657e-12
nan
nan
2.777322362488238399e-12
6.329095096667236967e-12
1.872764501682654560e-12
4.467309752695116532e-12
5.192485923399095212e-12
1.800165949500293727e-12
3.020636689017367966e-12
2.989813784443920971e-12
6.680575399804660132e-12
4.768232331199968197e-12
5.710841807589883111e-12
1.608994945729652646e-12
1.900589538456056320e-13
6.277062815809215529e-12
2.246695817324644938e-12
1.583816576018492839e-12
1.235954417613442050e-12
5.777362374201152030e-12
5.619146424210056953e-12
1.480641495629993411e-12
3.189729022673177917e-12
2.401609570775581402e-12
1.462451544352317921e-12
3.354023514092696979e-12
7.022782975463983085e-12
5.184911582887605841e-12
4.599651448929920430e-12
5.908507926154557785e-12
3.257118033730950163e-12
5.064260310757324976e-12
1.086381140874708127e-14
2.893805888522855896e-12
3.719868018270727442e-12
2.363273360011322728e-12
3.545969089390836697e-12
nan
5.534132708160513489e-12
2.034851599402851200e-12
8.869433884114793156e-14
4.748331007401230030e-12
5.293114133693751248e-12
2.126189999376275375e-12
2.226152476224319774e-12
3.244211859574415080e-12
2.776086986785910099e-12
2.966356182848719910e-12
3.834612395675778979e-12
5.212862546614022114e-12
5.743007999603522637e-12
3.313174689247135092e-12
8.521756511997015054e-12
5.209840698444132179e-12
5.107265501595299938e-12
5.976212928211115653e-12
3.524688012604371435e-12
nan
4.832173448772460306e-12
7.056186376231805192e-12
4.667103783182714102e-12
2.434873894545003095e-12
4.735127043826012919e-12
4.837678563311448045e-12
5.443594211385184535e-12
6.055493376348952258e-12
8.622258052596185256e-12
1.387921949149649770e-11
5.979365714856394566e-12
nan
1.595966879268423221e-11
7.614442906523756269e-12
4.900261844096454600e-12
2.786008982540544511e-12
5.291746963478854566e-12
1.462384027385800706e-12
5.196002634795257915e-12
4.512272162135087489e-12
5.878705268803215819e-12
2.547228207726567695e-12
3.206610295069951019e-12
1.163245769348817065e-11
7.495187712657072618e-12
6.179946045008938675e-12
5.391318923007045516e-12
5.448211576486629723e-12
2.905580077339557040e-12
4.690584364845325715e-12
4.067453102343217865e-12
4.567012562364792128e-12
2.519333579980189485e-12
4.674418801574916245e-12
3.822866952579763985e-12
3.672751532606659762e-12
3.362262849788612321e-13
7.583177103813641844e-12
5.222824053821066398e-12
1.329427119837080391e-12
3.917769515298586169e-12
2.362630239618828528e-12
7.639299625887788716e-12
4.072328435772820005e-12
3.570845615682888173e-12
3.126911203295069464e-12
2.849122379713332523e-12
