7.662900806989324029e-12
3.877479895053836062e-12
6.638644628641650043e-12
4.769388480062943989e-12
7.255750331904895255e-12
6.714736170536499422e-12
6.133481806996878526e-12
6.037085617061793610e-12
3.379622133197400368e-12
4.929766248980723010e-12
3.485655492044470239e-12
4.932450299097950880e-12
1.530605407747706275e-12
4.655636286281097688e-12
4.782486158978639987e-12
5.093821628534212701e-12
3.032884217239592874e-14
1.319305295458814457e-12
4.421934056326141046e-12
1.132611559533285861e-14
4.576594636742346424e-12
2.981668914489677885e-12
7.006299363369674017e-14
3.079289352030752564e-12
3.144484300941283882e-12
6.105838417542242653e-12
6.991073249239461423e-12
3.286289573872782927e-12
4.440176497972890277e-12
4.205710312076954508e-12
4.236678537525445943e-12
3.517480928537740612e-12
1.255871370064201335e-12
3.881397317538257414e-12
5.022698951239739967e-12
2.533184586172573419e-14
4.531111567645889136e-12
1.547961918196160672e-12
4.106664373011953281e-12
6.369521129052736775e-14
3.025349547957399829e-12
4.877228879528920448e-12
2.691925810067818214e-12
7.764926944756001235e-12
7.729931256850174545e-12
3.227875143249208780e-12
1.921426004582632985e-13
2.455311526602790106e-12
1.344393680784529348e-12
3.284536809883580704e-12
3.364810649793762678e-12
3.066862285650483349e-12
1.538462882011891644e-12
5.454322494557223015e-12
2.864462115458507691e-12
1.147687067269392297e-13
1.568905548734434143e-12
2.871146994590083520e-12
5.369178916909611520e-12
4.125529277069670998e-12
1.571416604896004133e-12
4.831104251999129451e-12
4.191578603896637231e-14
5.536158185865722415e-12
4.828779581288917787e-12
5.659212854205742577e-12
1.600816162226732367e-12
5.336410210220816509e-12
4.031265127196598776e-12
4.886700614680617851e-12
4.533237775271484985e-12
1.935150737398881131e-14
9.738566357495973402e-12
6.274363268648682495e-12
5.016169727158387923e-12
5.389882318986837376e-12
2.308543749094699610e-12
3.519691588208406310e-12
3.394155676849744781e-14
4.362671830175562739e-12
1.752250234160386177e-12
9.891543746688901244e-12
5.245090102046804179e-12
3.884907006810566671e-12
6.222410008246304829e-12
2.265476813536361921e-12
3.757855993714247273e-12
5.471172524484060476e-12
2.698617907248041341e-12
4.254013228833798577e-12
2.808753798534383674e-12
3.848220396993605766e-12
8.503487312924185087e-14
4.708447315256331257e-12
3.476888518494834465e-12
4.466884933330145039e-12
4.012846905836995589e-12
4.727287421116394973e-12
5.595622486215099887e-12
2.043458913743777968e-12
3.156405174750487025e-12
9.643045861209805268e-12
3.696290669019620871e-12
3.750165017041606388e-12
5.269268833235787773e-12
4.825648909898800832e-12
2.518806335159346402e-12
3.800009920619619061e-12
2.563739928031914714e-12
2.676825066630737619e-12
3.606241397214609228e-12
2.091795706699944428e-12
4.836254763062175491e-12
1.967302856974867237e-12
3.754949489834902644e-12
2.929214393536611745e-12
3.652494805116843004e-12
4.988731974638432627e-12
4.985094379278551119e-14
2.276829289553705381e-12
6.867342401440654863e-12
8.683592428984885596e-12
5.375166028975504880e-12
1.734796037231670742e-12
4.284546406559241250e-12
3.234247985537522404e-12
2.812118145078772229e-12
5.150835465427898773e-12
4.378792558024506206e-12
2.154961263397137817e-12
8.221294841033057998e-12
2.006620752317768775e-12
1.515832518866246800e-12
9.325385489462876098e-12
6.945310089140427663e-12
6.891851535382560249e-12
4.109385324705818394e-12
4.745505347519071058e-12
2.517708830467264305e-12
3.570647610353160734e-12
4.883078358430235534e-12
4.117616220207907462e-12
6.234085287031158887e-12
4.773912143451517073e-12
2.017691309482748057e-12
4.983750015332978539e-12
1.736644683517097925e-12
1.717158630746574737e-14
5.608135108127236089e-12
5.448167231116025433e-12
4.098586881754222144e-12
4.833901262135185636e-12
1.712501764456253705e-12
6.928755416782836136e-15
1.378549160051689516e-12
3.184002730356728470e-12
4.822212210163749097e-12
5.364100987727688631e-12
5.054534891217041768e-12
5.721490429830511757e-12
4.821008670933567906e-12
3.525918732841390344e-12
2.009036477772837120e-12
4.243868774901774190e-12
3.934208968892429016e-12
4.438098088646574059e-12
4.963415121325734282e-12
1.790918139886898463e-12
5.814382991016860376e-12
6.205067575957345790e-12
5.191979861724156060e-12
3.426630898138359375e-12
4.126275957147682363e-12
1.758661674840676914e-12
2.068840394690442482e-12
4.411158989297573107e-12
4.967123911822800985e-12
7.443129439969456933e-12
4.979347519798223794e-12
4.818623407690365468e-12
1.089491843541481510e-12
4.877110908205125716e-12
6.089378478771611567e-12
1.532677363770336144e-12
7.090479847212636211e-12
3.413115869380621556e-12
5.136919097982782521e-12
2.542062008558895675e-12
1.262150681589992051e-12
2.469652381927128156e-12
4.493790012857157430e-12
2.781032887907518896e-12
3.124290181156240322e-12
9.230509946069658172e-12
6.769325987086800970e-12
3.252350978120500216e-12
4.354075056294060026e-12
2.700133453573272520e-12
3.409807802878371064e-14
2.604157452889361898e-12
3.694768461181281787e-12
5.971833001685804533e-15
2.156820804808283114e-12
1.586810283422558518e-13
7.498402483103081730e-12
6.455360482575220633e-12
4.820166359200305823e-12
3.864876182932527778e-12
1.088703384129835693e-12
3.097320809497458007e-12
6.843124908518955221e-15
7.401323974234997766e-12
2.331113598596810278e-12
1.538382474862665369e-12
3.457684418496489126e-12
3.313843638631499899e-12
5.019324699923310048e-12
4.043965648571453929e-12
3.090357369471916292e-12
9.007736093753886409e-12
4.631624742616576486e-12
4.597411018320151110e-12
2.212196803368266505e-12
4.923045994406976912e-12
8.838623542949360209e-15
3.280924654345963698e-12
3.685621385315938033e-12
2.859393773235003928e-13
3.606019284863104525e-12
6.502201118225017728e-12
5.488342634622151736e-12
3.035710022736858695e-12
1.386919298357933202e-14
2.605348604782816463e-12
5.311706661385570301e-12
8.830288251237989008e-12
4.674196691084226627e-12
4.969800146479773943e-12
6.120366997910466634e-12
5.002965043040178670e-12
5.380371201074860935e-12
5.157588220542473347e-12
5.866225245974609782e-12
3.379641195975220062e-12
6.274932354487766172e-12
7.926792237483755748e-12
3.225586653007373319e-12
3.820335771747177916e-12
4.863095685005376433e-12
2.568278341111439341e-12
2.179177871580101320e-12
2.051171889589852342e-12
3.952201920956867548e-12
6.527188755701661313e-12
4.415592834030845094e-12
3.149239120861126598e-12
3.056190833060681802e-12
8.293045115304425908e-12
2.118982988937983653e-12
4.388680135482230134e-12
5.388551011875827882e-12
4.695418608675286693e-12
3.728014502967518281e-12
1.591417446290354194e-13
1.786208935557652656e-13
1.316485791391864556e-12
2.831648809548322788e-12
4.701946268937146221e-12
4.538881876671159711e-12
6.543152301401965881e-12
5.096396922743266118e-12
5.139311849576779681e-12
5.503027292543821307e-12
6.313831642620159239e-12
5.010982423282761645e-12
3.058589335202414383e-12
5.391061002826463656e-12
2.268778774679924776e-12
6.418060510913222936e-12
3.492362276901352161e-12
2.632628370320222991e-12
4.890548598911406481e-12
3.895415681746216791e-12
2.579543880849995723e-12
1.416301536569916799e-12
3.335585380459321041e-12
3.881463304610699271e-12
5.243480263310676521e-12
3.589011503540362031e-12
4.682869160331618866e-12
3.218778348837169447e-12
5.078909138099811888e-12
5.038284242449711296e-12
2.043725851014969033e-12
3.983061384978107851e-12
4.951023163906763863e-12
4.596991468108268620e-12
5.361372707184481803e-12
4.091132555329290441e-12
3.716781724969711404e-12
3.116189263102316987e-13
2.959985471172426092e-12
3.117395091319205592e-12
6.793616190783355012e-12
4.667547340111850972e-12
6.353180888143035086e-12
3.492835929743020976e-13
2.952561080736982130e-12
1.212747518614676441e-11
4.855053644136428531e-12
7.934706182992066038e-12
6.718614042719822779e-12
2.064258557201497726e-12
2.410755410217012101e-12
3.009857538890607389e-12
4.744998093386414122e-12
7.888448780323866977e-12
1.951216395259362258e-12
4.726553921218983808e-12
2.255595984749901443e-12
2.049329041803235039e-12
1.101923736984240721e-12
2.175625874058948900e-12
4.878124311210806991e-12
5.022151351701132810e-12
4.119737555883541597e-12
6.819191874080309271e-12
2.983642231429953660e-12
2.215949920475240079e-12
2.823587812237694926e-12
6.006821265370686258e-12
3.098231839109590142e-12
6.453242549363905716e-12
6.896529099559390396e-12
2.320701719634972163e-12
2.101812244534032915e-12
5.306471924491681768e-12
4.231350034439492884e-12
1.613160964121026528e-12
3.639265131991204233e-12
4.316253587506646891e-12
4.006868170628440963e-12
2.083490045853844895e-12
5.808742609542539756e-12
4.035276244584703796e-12
2.773993339997982744e-12
3.660293928641274291e-12
3.560160613408852984e-12
8.078782185427513197e-12
4.291111209272570837e-12
4.186977197609833748e-12
1.987273703119699147e-12
3.866584795363848772e-12
1.539524443179589929e-12
4.715007521628317619e-12
5.627307416216126977e-12
1.549749675135132302e-12
3.994395957723740918e-12
4.080992210101324077e-12
3.661752592586590568e-12
2.791751428734206011e-12
1.761049388411230123e-13
7.260074796713804213e-12
4.802734318338840287e-12
5.397254826319533828e-12
3.977224374400198728e-12
7.095022482215879386e-12
4.236048531711440432e-12
3.047957375512635460e-12
7.787319175527006856e-12
3.333577149678062345e-12
2.882456870789224603e-12
1.912753780650965550e-13
2.673873802147908522e-12
7.934490297855607995e-12
5.887634665687951951e-12
3.650460633155252151e-12
3.414424526734335103e-14
4.638311733556689107e-12
3.910502854669765326e-12
1.506902588659337300e-12
4.912270293043352283e-12
3.335896035777558829e-12
4.187639201429374217e-12
2.371725075930760768e-12
3.735762588380905455e-12
3.506524647298502987e-12
6.564264149652190458e-12
4.944740186707914281e-12
1.011276355842685518e-14
2.676408653213430608e-12
7.568175595162492331e-12
2.135945781485551988e-12
5.652863812924777022e-12
2.980575936975494675e-12
8.889907764217100257e-15
7.925608200292608376e-15
2.834486941478635168e-12
6.073847440765455158e-12
1.927977500562920036e-12
4.481056897765368061e-12
5.259922736271889663e-12
1.841167106419014310e-12
3.081387180405496101e-12
3.046840240817799330e-12
6.467569722416172836e-12
4.846229792294534234e-12
5.494116705255279706e-12
1.676247225956284265e-12
2.013130682358965782e-13
6.025566763679147872e-12
2.310636075875771509e-12
1.627642945762949072e-12
1.268213456965540998e-12
5.561072322517172944e-12
5.514643418838935821e-12
1.550653126674009236e-12
3.275799866925288401e-12
2.423550026137341962e-12
1.517112794442762331e-12
3.436756597748684222e-12
6.691434224504761059e-12
5.106045549551284299e-12
4.617361506594170434e-12
5.676173584063980681e-12
3.353024116385478308e-12
4.898147360869512485e-12
6.801382183495977058e-14
2.912988748241109253e-12
3.818027332651262853e-12
2.385781762324246098e-12
3.631478307028057699e-12
1.604555361441877510e-14
5.403005917870074389e-12
2.098471191346934627e-12
1.428593025931422388e-13
4.799021020664566341e-12
5.340429963743379358e-12
2.170589428613046574e-12
2.285230929401970146e-12
3.323472713157200373e-12
2.792710914911259601e-12
3.013375823910880856e-12
3.923590163758412665e-12
5.084909027735102818e-12
5.604332688348315872e-12
3.359947972207763872e-12
8.128302239436518357e-12
5.287218892156834116e-12
5.028256420309368312e-12
6.027419097614401081e-12
3.595290609040961375e-12
1.283129797697139617e-14
4.676655941051016964e-12
6.771770454674530715e-12
4.564430859291043955e-12
2.508148474851624780e-12
4.610008983846734090e-12
4.773918998535067726e-12
5.266733505598089105e-12
5.815948634801050311e-12
8.220808356962464683e-12
1.371645755129125569e-11
5.749983209519270756e-12
4.878368939217062475e-14
1.575707067976353161e-11
7.326548466148698164e-12
4.979446865214436355e-12
2.807840007449868375e-12
5.232191057944498617e-12
1.518453287753998102e-12
5.196317776117172186e-12
4.553479615091133453e-12
5.686389301352169657e-12
2.548002220150783027e-12
3.281497948931468977e-12
1.176937008276646098e-11
7.403697650417573035e-12
6.123662411962270765e-12
5.197353374259978892e-12
5.362289403014770230e-12
2.926251128351896815e-12
4.692135139337890972e-12
4.119009446508959673e-12
4.567123058668760908e-12
2.543796533280790950e-12
4.690919298800779931e-12
3.916734714604196731e-12
3.748764933109292891e-12
3.582109299451094851e-13
7.270872022153558880e-12
5.037299894543656465e-12
1.378213715904337505e-12
3.980105747866549397e-12
2.410339610888731113e-12
7.299944978863419487e-12
4.077535666025795092e-12
3.662553975238112756e-12
3.181832531490276208e-12
2.884232731741320122e-12
