8.040196547567177039e-12
3.945918515730507598e-12
7.063762362868226573e-12
4.932095938448432481e-12
7.066015375869992028e-12
7.055245943221783921e-12
6.412867712937745161e-12
6.384141920717087190e-12
3.364147706792848634e-12
5.199102401685330518e-12
3.450828862918337607e-12
4.886117921875406216e-12
1.542796184303521344e-12
4.820326380194617756e-12
4.865732884404561061e-12
5.088325705397632115e-12
3.203918412446115056e-14
1.344454797321927981e-12
4.552320465270864815e-12
1.202637386429925083e-14
4.580244418705082847e-12
2.988123134804431831e-12
7.377299515897611650e-14
3.095725415403520227e-12
3.170943928362699278e-12
6.078247140284389138e-12
7.275572140848253332e-12
3.286173255758263323e-12
4.451595189218459830e-12
4.250240261129933665e-12
4.311436574524063071e-12
3.502497881101264463e-12
1.289872159329208576e-12
3.893774467277699524e-12
5.199152474802752088e-12
2.692385527347880293e-14
4.592831456375141524e-12
1.567087341964569444e-12
4.090255859804396114e-12
7.993951279664836102e-14
3.041254246464963096e-12
5.090546548947545937e-12
2.740760330981303339e-12
8.161497842424994465e-12
8.018548578180981189e-12
3.256402413752474956e-12
1.619013852413416250e-13
2.458282458335477730e-12
1.373482985520422931e-12
3.254707610341036193e-12
3.346285610795785556e-12
3.093711527645856565e-12
1.560465780075201483e-12
5.675566274113814600e-12
2.902053502038107739e-12
1.178653690837508264e-13
1.585458631770170599e-12
2.896940595663975690e-12
5.342485441015541817e-12
4.190660100739760683e-12
1.585732381225880204e-12
5.010505891660012340e-12
3.727272134434151265e-14
5.505165022365299304e-12
5.086867462870478628e-12
5.606306493954440803e-12
1.610580926389366281e-12
5.617811596433756177e-12
4.053640265736369826e-12
5.048855021903199276e-12
4.553371489767258099e-12
2.129655853546720460e-14
1.033640220267718693e-11
6.647135240835541565e-12
5.282949066588444469e-12
5.568928722711129299e-12
2.308716391988886855e-12
3.515542413121065987e-12
3.278915118095164050e-14
4.346913376819277970e-12
1.775018817910307037e-12
1.000572164329516157e-11
5.401000574852081322e-12
3.954593107160107883e-12
6.479768581632835337e-12
2.268450249271705674e-12
3.847988396629699779e-12
5.640903294216588843e-12
2.727734007909570909e-12
4.238950058002853939e-12
2.840830031520660061e-12
3.816875680451737105e-12
9.368637152167479548e-14
4.877861493372330892e-12
3.442099827837948785e-12
4.627792970712222977e-12
3.985103757203013444e-12
4.662947485037614786e-12
5.912690256056728794e-12
2.039579015192897303e-12
3.184097747918510704e-12
1.023457661172443726e-11
3.658056751119484357e-12
3.740517390631644413e-12
5.451234254348131049e-12
5.079195653571259721e-12
2.553603353164669693e-12
3.811449282997920351e-12
2.582390799058946266e-12
2.719452927770235708e-12
3.572175080080050786e-12
2.086266816194821858e-12
5.098273974301440436e-12
1.967416131130967680e-12
3.713355781700927363e-12
2.967653633043842999e-12
3.644858521110980298e-12
5.169894926958934046e-12
3.857572219793145368e-14
2.273489565064027647e-12
7.112635731509956485e-12
9.065428214345617110e-12
5.547740025149594848e-12
1.750486380092062937e-12
4.327863272024220544e-12
3.220628237753578490e-12
2.853974243716712071e-12
5.310680717526160794e-12
4.485255611899491620e-12
2.150045762476694842e-12
8.722033810939467960e-12
2.003425114284356700e-12
1.525256910809643635e-12
9.722961115967223905e-12
7.372156150273575610e-12
7.107890392268088104e-12
4.092754328146410849e-12
4.749622144202831238e-12
2.539458709812088140e-12
3.552797213424407428e-12
5.134187633039828613e-12
4.181802143447667545e-12
6.409669606570932411e-12
4.935606795962332692e-12
2.016007948017682703e-12
5.258542052630308231e-12
1.750547846708244869e-12
1.916204934593984253e-14
5.795404635264185709e-12
5.642942142883609099e-12
4.096652098938716286e-12
4.908755649803600838e-12
1.730602732202035689e-12
6.771359506188141017e-15
1.402772532531667827e-12
3.184282308500372884e-12
4.859020022815291242e-12
5.662237590024840517e-12
5.330658938878748946e-12
5.923901319200207574e-12
4.844328886901663652e-12
3.500972648598772289e-12
2.008910430239746926e-12
4.290016050676763869e-12
3.962765894220614008e-12
4.427711174089250512e-12
5.039615643783331983e-12
1.808105877280277141e-12
6.146758485889648468e-12
6.372773221532378456e-12
5.381833345802309025e-12
3.403440465571801595e-12
4.192343437616679977e-12
1.775498746360335777e-12
2.067784771474339569e-12
4.519579648946540065e-12
5.121509916788662082e-12
7.883315851961515848e-12
5.141440469661960990e-12
4.831636725618282699e-12
1.088611844987518941e-12
4.819935052313156994e-12
6.033237553960492757e-12
1.550976096455231274e-12
7.515729384134123706e-12
3.390169878062399748e-12
5.071642760732164343e-12
2.548550283018915280e-12
1.295396467656851230e-12
2.472062791047479030e-12
4.509949871782921035e-12
2.822538367930578522e-12
3.122236738605574919e-12
9.796395463847069227e-12
7.184900961787756659e-12
3.253422813909927832e-12
4.336841119536462532e-12
2.742310964579044965e-12
3.445327791761364291e-14
2.613798926722931403e-12
3.670041169408870410e-12
5.768284737835944563e-15
2.153346973445224554e-12
1.294976361412350817e-13
7.369238439144984072e-12
6.723150116937286953e-12
4.776964944339775435e-12
3.847282641955468266e-12
1.086883904109076783e-12
3.123657919474097521e-12
6.631837207830597614e-15
7.750338453593536513e-12
2.340147945551255359e-12
1.554055131524979151e-12
3.421105408753081778e-12
3.305896769629514157e-12
5.180442395489898138e-12
4.075530529428811840e-12
3.088143454444479578e-12
9.339085519108614280e-12
4.659854601994842993e-12
4.673491396148391110e-12
2.215538632849129841e-12
4.954487876046362281e-12
8.537360795029803366e-15
3.305857925875457007e-12
3.679348553747484452e-12
2.796102575456975023e-13
3.605309076449728519e-12
6.777822636157134678e-12
5.768967759556262640e-12
3.060628808776823487e-12
1.461806651173933214e-14
2.656285058714506640e-12
5.606672991741411896e-12
9.115450150677698801e-12
4.736676254202122974e-12
5.082695194415310488e-12
6.332136456027984694e-12
5.060543488361342765e-12
5.294395791240682113e-12
5.440248823351817685e-12
6.102975128424653272e-12
3.358963674554583999e-12
6.641809820702653182e-12
8.310495734806627773e-12
3.232984973301705576e-12
3.816076665856922810e-12
5.037715710154798786e-12
2.583780671716947723e-12
2.184931911257023758e-12
2.054000063059067029e-12
3.910061309140031482e-12
6.945295498838629664e-12
4.549433423281137156e-12
3.143386265351747027e-12
3.075420826318623950e-12
8.328804274949990164e-12
2.117277683720353206e-12
4.519315864511822609e-12
5.366890572534661586e-12
4.696428541384911076e-12
3.700823577760379677e-12
1.720242863459201834e-13
1.428868210360351617e-13
1.340537709416830430e-12
2.841371429721416128e-12
4.689452926420746162e-12
4.643232478923577363e-12
6.943862113662701979e-12
5.119941102152201897e-12
5.429681929148230643e-12
5.813361223896126342e-12
6.554497064718173176e-12
5.237583940225556317e-12
3.074378767946412582e-12
5.672152960180801963e-12
2.271764648858276552e-12
6.821979374601505761e-12
3.503142169929893773e-12
2.674876630170296133e-12
4.872834252724342347e-12
3.854647886946378609e-12
2.589283773093014471e-12
1.438897609890384000e-12
3.302546803149817812e-12
3.840484592760562978e-12
5.529261072539172437e-12
3.550692199975085775e-12
4.932347700526412376e-12
3.211107700917953104e-12
5.065860695782931440e-12
5.112575843622667334e-12
2.039919097514016046e-12
3.969721614159026934e-12
4.981129680864839401e-12
4.734448681461553191e-12
5.661160406783615217e-12
4.145268673266974836e-12
3.713818501949291467e-12
2.857774703566209009e-13
2.984444489910417148e-12
3.118602807313544104e-12
7.231812296947521558e-12
4.831159533056172008e-12
6.642392229930853121e-12
3.450395823440897158e-13
2.983255522047668998e-12
1.210622749006775882e-11
4.897914773070612942e-12
8.414812982700021029e-12
7.122583912449401796e-12
2.061174294815801263e-12
2.419665401670934421e-12
3.044736798930801587e-12
4.897058138298472308e-12
8.365637950903712504e-12
1.949771371062291580e-12
4.802708947203701035e-12
2.255208585460303101e-12
2.039814289449258404e-12
1.102502063210697968e-12
2.171870928035758344e-12
4.843532511692270550e-12
5.060600618677215597e-12
4.162107355716300294e-12
7.072273389264851685e-12
2.997046847385881302e-12
2.215783815099367673e-12
2.834638897167746403e-12
6.278007961365692092e-12
3.102494477521043952e-12
6.854929792886756490e-12
7.316920243090999410e-12
2.319110079943526431e-12
2.103885428830437157e-12
5.396452167050654702e-12
4.247142061081042739e-12
1.625039769443667258e-12
3.633833335514541948e-12
4.307692634216157291e-12
4.051947915386590053e-12
2.081194532703389790e-12
6.142124579098103474e-12
3.995130013237145728e-12
2.812802798199010400e-12
3.649328688749299412e-12
3.532050224688509761e-12
8.567687704397060000e-12
4.287006081876169954e-12
4.208814914258971022e-12
1.985298197213355545e-12
3.863400110245219086e-12
1.549023898938931067e-12
4.786920445813101556e-12
5.879444098689818390e-12
1.568582625303593124e-12
4.036234501107437150e-12
4.043270182373246952e-12
3.640533084330749777e-12
2.829171256682046237e-12
1.403770654866009312e-13
7.576245124667690859e-12
4.835693623226577313e-12
5.544163239845994003e-12
4.036487361942637778e-12
7.521514445414899566e-12
4.319839124986485006e-12
3.068141809585797998e-12
8.256214296851015168e-12
3.274136452757613763e-12
2.915664863977155649e-12
1.602893683917825853e-13
2.731191715641811273e-12
8.399493749588915400e-12
6.226184562140630252e-12
3.628074631061593416e-12
3.390310918680444728e-14
4.785430900618370268e-12
3.933964281060181617e-12
1.528168508294047997e-12
5.078244725627709602e-12
3.317787883295002450e-12
4.268872962632030888e-12
2.376662206730857250e-12
3.737152065721130227e-12
3.475174938247153359e-12
6.966243802687631164e-12
5.215828638083773450e-12
9.768061001921336434e-15
2.688536446655696811e-12
7.813842755085538845e-12
2.130636552509021283e-12
5.973871640374036621e-12
3.010825503921751165e-12
8.905832881966755738e-15
7.902685715704698731e-15
2.841548211464211467e-12
6.426759402908421185e-12
1.933004879187030670e-12
4.557581313380214687e-12
5.248150799834476702e-12
1.854304655515058858e-12
3.083994498718975356e-12
3.057758083621771165e-12
6.767665892699537806e-12
4.827477182809990068e-12
5.794332703873536915e-12
1.682800811411489811e-12
2.179209012992387738e-13
6.375687073991381476e-12
2.308552983433831737e-12
1.649937811647320661e-12
1.301483768943231470e-12
5.874818785278792974e-12
5.703247821457970929e-12
1.560643357913074310e-12
3.268413219969053232e-12
2.453517043599404601e-12
1.532394038414032562e-12
3.411592095898351027e-12
7.120358070642190657e-12
5.274968486675918108e-12
4.663992969526885465e-12
5.991630923339695550e-12
3.323517273931222065e-12
5.163114446755672776e-12
7.189162815207079359e-14
2.953196979931084396e-12
3.801112170424561705e-12
2.414535192711016501e-12
3.599899660803797740e-12
1.782987494807514808e-14
5.630012040285584960e-12
2.100101059107474738e-12
1.677136023526998819e-13
4.807774807917690999e-12
5.380058484629202974e-12
2.176710810353263136e-12
2.285243047700230100e-12
3.314540306778891232e-12
2.833078381292294814e-12
3.037696650061186279e-12
3.890726139150076803e-12
5.229868347216383017e-12
5.831312784341511515e-12
3.366620021406023489e-12
8.621483174911484353e-12
5.272650966675691647e-12
5.193630101212290149e-12
6.023630263532239415e-12
3.574340801519711279e-12
1.415694414825829066e-14
4.926274189631669646e-12
7.138558668949064636e-12
4.732281772086487241e-12
2.507544404668022284e-12
4.804613982443133452e-12
4.931045171951216753e-12
5.498210072199205521e-12
6.140310422423758865e-12
8.722096885798506428e-12
1.397882811264273535e-11
6.075226778725592308e-12
3.946676470312314443e-14
1.605881965690979128e-11
7.704701629705781033e-12
4.960594016561287033e-12
2.841217654728362433e-12
5.378032940122057464e-12
1.533000876530929087e-12
5.292401896517830370e-12
4.575166602421446276e-12
5.930531962958450816e-12
2.599560356505181872e-12
3.260326755908227033e-12
1.173196379155673383e-11
7.590412679495396742e-12
6.266283816323708229e-12
5.486227221670297690e-12
5.539104884063455617e-12
2.969960313259268779e-12
4.778907469023395949e-12
4.121226521285174493e-12
4.626600082919660373e-12
2.581632581923252976e-12
4.747895624385281104e-12
3.873633331696261950e-12
3.733935629771795776e-12
3.365156543724888117e-13
7.667698148972441624e-12
5.319723506764474110e-12
1.402427344461764274e-12
3.976025256540255436e-12
2.422274359144471195e-12
7.739267618784330862e-12
4.134262018290169520e-12
3.625546929638295608e-12
3.179384887519196127e-12
2.912726863833797694e-12
