2.565534173006463448e+01
8.797868562293539085e+00
2.135532494971082329e+01
1.263715627560728905e+01
2.177044037515273089e+01
2.136755573281041976e+01
1.820879383358543180e+01
1.831836407072174921e+01
6.755651005992597824e+00
1.341635306737194711e+01
7.186743963259100809e+00
1.252060307728638477e+01
2.089679818463503480e+00
1.177686438226949583e+01
1.198864744436705188e+01
1.278243682765942957e+01
6.266549017128373537e-04
1.699403899341810131e+00
1.088885030317537606e+01
1.692612721090484872e-04
1.116108628891380938e+01
5.629128407976799586e+00
1.641047104320959068e-03
5.941179124130031575e+00
6.153564113864730345e+00
1.731045388552886877e+01
2.244786637688559594e+01
6.502786990009045809e+00
1.074522676574477842e+01
9.887293269627296155e+00
1.028659989478806125e+01
7.159776498654892407e+00
1.597625456640158426e+00
8.751841593639785088e+00
1.325599977765751802e+01
2.403159352536624169e-04
1.117647201551049996e+01
2.139301238934717020e+00
9.269379015627658092e+00
2.405298957851050370e-03
5.783792505325481947e+00
1.312393910115789630e+01
4.948645199041671994e+00
2.620436762485185156e+01
2.545732327302022568e+01
6.408427316329685652e+00
3.688903442525899579e-02
4.203704741617454665e+00
1.755578327851354148e+00
6.485386061795063384e+00
6.722987097765309450e+00
5.934835261762708924e+00
2.125776543695502951e+00
1.538872814283832646e+01
5.389236682295573289e+00
7.472295263149245775e-03
2.175200880825479466e+00
5.377540915158423473e+00
1.429400581995624009e+01
9.728008184164893990e+00
2.177612814902447180e+00
1.254039641285124240e+01
9.094308111255895721e-04
1.496609723510415080e+01
1.298704694771604196e+01
1.535797804477602213e+01
2.227419457230094935e+00
1.511317962007759874e+01
9.172252546563198550e+00
1.276690150815098512e+01
1.086460025773691029e+01
4.908850273253624998e-04
3.751290731778576060e+01
1.936433052083303963e+01
1.378165477639448078e+01
1.492655524175240878e+01
3.825846981210666797e+00
7.267880138372143861e+00
7.396692540266656783e-04
1.025795489428567642e+01
2.577302617657056594e+00
3.519499907524916438e+01
1.426820806288105459e+01
8.717139842774859204e+00
1.878463683057146483e+01
3.726212689126381594e+00
8.291612435753936694e+00
1.526849231475237723e+01
4.910524443036947240e+00
1.001822507297341502e+01
5.222306733778612653e+00
8.387939386929899044e+00
2.819789549206903542e-03
1.241767175392121736e+01
7.153640597669912005e+00
1.118603851713832675e+01
8.837098512509831139e+00
1.170315790810843559e+01
1.629173679458171975e+01
3.176690750732645618e+00
6.194899985787241548e+00
3.696060387421994875e+01
7.925932604101696199e+00
8.030664220531411601e+00
1.469077840705629612e+01
1.297032035070010103e+01
4.450547613000218838e+00
8.499162508523376403e+00
4.523065736546025839e+00
4.890981860998573794e+00
7.567494271958915775e+00
3.286412581063695271e+00
1.301412749929041013e+01
3.009614397428805876e+00
7.981375577552000777e+00
5.569071502542362495e+00
7.894651364744384558e+00
1.340118364387266858e+01
1.670869185409406101e-03
3.738606758469106950e+00
2.174037372966758142e+01
3.059284432688825817e+01
1.487226204175885336e+01
2.523581950659596451e+00
1.032112194809989347e+01
6.351732574222546113e+00
5.258576854363559150e+00
1.387476647417023656e+01
1.087384111457019387e+01
3.436097822614205821e+00
2.909653368339056456e+01
3.092609112816409489e+00
2.052201820975855462e+00
3.408764541707293461e+01
2.268334555302213218e+01
2.181788445635642049e+01
9.251012225627135876e+00
1.165659125456053324e+01
4.413541796578083876e+00
7.484263262004809292e+00
1.319322967979230121e+01
9.463961446116444520e+00
1.867094006843204212e+01
1.237735926948921517e+01
3.121804671346487758e+00
1.364317179010905434e+01
2.526025466447797019e+00
3.418410887983959999e-04
1.600530397370870617e+01
1.536197126242771915e+01
9.244390434882641117e+00
1.241047453792156574e+01
2.482910759121381261e+00
2.917308199995125598e-05
1.810677079179478621e+00
6.209350424110652078e+00
1.241395351333244257e+01
1.522215006040429053e+01
1.390642037406469989e+01
1.620030207098701425e+01
1.195567693360620609e+01
7.315705679527713556e+00
3.105316121620741665e+00
9.969008578090944539e+00
8.965381448161675593e+00
1.040043350734404726e+01
1.281804530107607576e+01
2.651762836324778050e+00
1.723302964710881824e+01
1.830397056296172309e+01
1.397767932165631599e+01
7.053892102577639989e+00
9.818699402753559013e+00
2.580280877573190690e+00
3.238934498179790733e+00
1.075037594566464172e+01
1.332875789354462626e+01
2.501504058235476080e+01
1.321623536405094157e+01
1.213918780850285017e+01
1.209340484834396934e+00
1.229300634481927901e+01
1.705316808313621024e+01
2.105213567291734478e+00
2.328253168533952433e+01
6.908900448169294606e+00
1.303340414770892153e+01
4.437421608677142970e+00
1.607968145759177903e+00
4.239056620783405727e+00
1.088561486676419499e+01
5.170715409839421461e+00
6.050629790651748330e+00
3.461857728950790403e+01
2.188434841369642569e+01
6.415176810153097264e+00
1.035232623732004420e+01
4.952788412528821738e+00
1.034020446638361139e-03
4.606387873971492297e+00
7.857118431146221660e+00
4.952272207337672735e-06
3.446192280878373371e+00
1.325452219400569814e-02
2.300181393908199112e+01
1.982196642026800504e+01
1.213754341101806666e+01
8.358302357529820981e+00
1.203477113319342484e+00
6.021087942665618087e+00
4.952272207337672735e-06
2.429608814846885423e+01
3.904217064824660355e+00
2.111656774484581334e+00
7.104751499640030943e+00
6.660362018359795577e+00
1.328828587755397450e+01
9.215225932377286711e+00
5.922250115871412035e+00
3.208996299960372056e+01
1.148298450456484865e+01
1.109501284344160865e+01
3.595418906601918430e+00
1.282001440818226357e+01
3.963671386740355606e-05
6.555880238396285975e+00
7.781091312817321359e+00
6.814281179614181672e-02
7.770526578804847873e+00
1.995675421514892633e+01
1.574269314751188453e+01
5.839826859738526998e+00
1.326070604406775003e-04
4.718822413154770246e+00
1.499651810353839565e+01
3.089293145253903461e+01
1.164207667149653247e+01
1.271864080596949620e+01
1.777760948359150106e+01
1.302060164338694825e+01
1.414447997907686982e+01
1.433665018945310621e+01
1.719073169424824243e+01
6.837026016169741816e+00
1.939662942224770248e+01
2.690240102582022885e+01
6.338658415438278126e+00
8.281314806680132534e+00
1.261633809422248476e+01
4.529689173874651864e+00
3.522235748562648538e+00
3.210525578649493728e+00
8.543382639047633731e+00
2.086008498875452943e+01
1.091928262353635759e+01
6.083613826145167103e+00
5.884171699508165432e+00
2.712016715004540757e+01
3.360003393060704724e+00
1.078463632101950154e+01
1.418236512023159079e+01
1.166519879577563046e+01
7.939029706615988502e+00
1.975621738394819915e-02
1.557649428233144270e-02
1.692690563514330115e+00
5.223936008947847043e+00
1.176396441199634602e+01
1.123434694020759217e+01
2.074704284568572987e+01
1.344941197080138728e+01
1.430817396482202675e+01
1.586544113402633016e+01
1.918830722873046568e+01
1.367834182982462821e+01
5.878305013403917201e+00
1.536022116703793827e+01
3.732768474902899758e+00
2.022246483948291029e+01
7.177572926261875708e+00
4.769621294965829428e+00
1.251690469547075324e+01
8.530032381411785991e+00
4.543978365794691499e+00
1.881320312197649613e+00
6.647151775483831848e+00
8.471512516250969682e+00
1.473603069539663224e+01
7.460015908453470068e+00
1.238543129210031424e+01
6.278632324160865252e+00
1.311468223598744842e+01
1.284768784852440504e+01
3.177503187551425246e+00
8.856229427788420594e+00
1.290167284116241575e+01
1.157774631160614831e+01
1.522364786137880799e+01
9.462488760088715978e+00
8.112502790603226543e+00
7.521702501932925333e-02
5.618860848116992379e+00
6.004759843333703273e+00
2.210883619486336826e+01
1.219002162229887531e+01
1.923622663077098238e+01
9.426043128501658541e-02
5.619823902843375407e+00
4.749479244551361745e+01
1.250626349735254372e+01
2.757401011387454659e+01
2.160385837421278410e+01
3.226123032971019988e+00
4.101635180059219010e+00
5.794587410041156517e+00
1.252538344169828122e+01
2.733219234403865272e+01
2.969261253283614899e+00
1.200983845171409214e+01
3.693614746807668325e+00
3.173066678422280962e+00
1.237683204430466644e+00
3.490761981930936564e+00
1.231270003545732195e+01
1.280833698892589467e+01
9.438331256783579093e+00
2.110945959188337895e+01
5.654421154685008055e+00
3.597189734025941998e+00
5.198489522223090020e+00
1.754758894820183102e+01
5.969447728847669943e+00
2.041763765484825655e+01
2.244245753901281049e+01
3.851723083947443449e+00
3.328179505718643405e+00
1.452970290125336206e+01
9.931792155400682276e+00
2.257072434947175132e+00
7.795357913593885968e+00
1.027449341439205455e+01
9.243718126900311916e+00
3.274427885820627271e+00
1.722940712536664520e+01
8.968885691791609105e+00
5.144850261087988486e+00
7.756153559636066674e+00
7.395761897558807085e+00
2.832806515369552969e+01
1.007387463718741927e+01
9.825233146177657417e+00
3.046285209044745201e+00
8.574344476891662126e+00
2.102319971578169522e+00
1.201765172282810568e+01
1.629162326631112023e+01
2.142350265398321074e+00
9.259466573916185439e+00
9.087220837551516439e+00
7.713391368270724691e+00
5.188654452114700000e+00
1.476218475482488773e-02
2.349448354623888235e+01
1.189781963710118262e+01
1.495253396061488260e+01
9.108002829010185764e+00
2.329548527002326708e+01
1.012249558464364796e+01
5.862454372238786959e+00
2.679995316017615181e+01
6.589934278962812364e+00
5.429774305294141179e+00
3.268833464399767408e-02
4.922774006247411904e+00
2.746084034457425105e+01
1.763044232558317503e+01
7.741923164143894809e+00
6.628204990941673072e-04
1.209683835016488018e+01
8.705803132781666065e+00
2.060108033040380260e+00
1.286546458307179641e+01
6.711511077203029529e+00
1.006106949604550671e+01
3.996047857180458074e+00
7.990615652294817295e+00
7.116894828839340548e+00
2.091074767308650806e+01
1.346198981821183871e+01
4.952272207337672735e-06
4.808017262635901901e+00
2.521753818211348630e+01
3.391809768850933438e+00
1.653034404550348313e+01
5.697849901432221031e+00
6.632070733364723604e-05
3.959754676399198595e-05
5.224238656239711176e+00
1.841519181485124790e+01
2.928534424979440498e+00
1.115947914520632622e+01
1.380598566430641760e+01
2.754062287122136965e+00
5.905972537945229917e+00
5.829545385099644150e+00
1.985994578445005487e+01
1.204421921090361280e+01
1.581723025955270323e+01
2.380615192854770523e+00
6.435171342130033278e-02
1.819178569186319905e+01
3.825458089901476288e+00
2.311219172748812500e+00
1.619334473966626664e+00
1.610227580390619551e+01
1.550896508784631322e+01
2.126087851875812174e+00
6.461378566000865575e+00
4.187474887697484327e+00
2.066778382894422617e+00
7.020835857443150196e+00
2.160410710718926808e+01
1.389243708809066646e+01
1.165300758345699705e+01
1.670234441556035065e+01
6.736918093336996094e+00
1.325486646207753338e+01
1.582196894358971987e-03
5.534474302445084426e+00
8.358480838090056153e+00
4.091809935280771526e+00
7.545394763343381328e+00
2.206752210642935091e-04
1.518553143944315842e+01
3.319230120953108987e+00
1.886816846971623579e-02
1.225898229544269746e+01
1.393300967553078351e+01
3.502380493713586063e+00
3.764332344165557842e+00
6.631084808673537445e+00
5.200563781496127191e+00
5.774160843087515538e+00
8.656429283436251509e+00
1.384127334127629538e+01
1.572756419000896067e+01
6.736017296995680859e+00
2.859461172709938026e+01
1.342386792285574515e+01
1.339758767900081615e+01
1.687257919614584623e+01
7.557640631971104916e+00
2.031583330486874466e-04
1.237211592298447727e+01
2.165216636225371971e+01
1.181222141138149873e+01
4.330738293700317598e+00
1.203702088186730101e+01
1.225817031725780737e+01
1.478536512208279952e+01
1.733282980420122499e+01
2.909755660264973542e+01
5.700254260707000498e+01
1.696597465653232462e+01
1.192372400406331058e-03
7.019907545157568052e+01
2.412904068782246014e+01
1.277962454697344796e+01
5.222181705044802058e+00
1.407212395963592400e+01
2.068475631130808345e+00
1.345340583234447251e+01
1.102686552162725775e+01
1.646511336909026113e+01
4.570608453671590965e+00
6.426616026236422918e+00
4.535792378012475012e+01
2.391099056283364988e+01
1.790771287405233636e+01
1.453603935603761066e+01
1.460713449555370147e+01
5.578131428700324967e+00
1.157862941258332867e+01
9.301327209840568599e+00
1.145296512772903341e+01
4.518708591775258299e+00
1.152051853528460512e+01
8.514813743362360299e+00
8.048666523338985357e+00
1.270775726580346265e-01
2.411659862289952727e+01
1.387398368785878588e+01
1.810707143598242030e+00
8.792337213848922417e+00
4.111566853781717157e+00
2.431594716816491797e+01
9.294475394998862328e+00
7.742788500328602552e+00
6.269697175494191477e+00
5.421566381696632853e+00
1.426584903775537103e-04
3.894024890926580884e+00
8.730162625937376575e+00
1.195820771032691354e+01
6.049451531083978928e+00
3.956599590265604232e-05
1.544224591049702155e+01
7.102115192830454227e+00
1.673168981625560647e+01
1.399692296272061220e+01
1.684496389558853124e+01
8.709348202101638847e+00
1.277984393106713057e+01
7.455759071926106429e+00
7.101231017882951092e-05
1.371192982666706328e+01
6.871417072919804525e+00
1.480794201569064938e+01
9.242207685861192346e+00
1.438900554314061608e+00
1.034234594755568537e+01
1.592034572755511590e+01
8.293533634835355883e+00
1.256305733572668970e+01
1.428140384127835105e+01
3.649238373807216274e+00
4.952272207337672735e-06
1.756092006659476468e+01
2.085393034056360406e+01
1.142853898652780664e+01
1.867790162435863655e-01
8.424132092339013056e+00
4.853478894995475912e+00
6.223922084959285783e+00
1.677338561577073150e+01
4.928013893100945814e-03
2.366417823616094296e+01
1.454803105940911045e+01
1.525649142867096941e+01
2.935229278830135957e+00
2.490373956665417499e+00
1.588496352743936768e+01
7.264475402882855093e+00
5.681860265026744905e+00
5.340834736324199028e+00
1.269229904971052392e+01
8.245208048127633305e+00
1.946202770803978632e+00
1.609497913242586975e+01
1.724127671505198478e+01
9.834982405588579724e+00
1.084800783101140631e+01
1.194289610161787962e+01
3.183618841765729179e+00
2.421985122506423949e+01
2.656951719064189329e-04
2.565316873680377796e+01
1.042901309669004561e+01
1.302417390179911649e+01
8.118745480965621653e+00
1.332311641641342304e+00
2.064143599568285303e+00
3.612029174075304105e+00
4.768340997972730477e+00
9.263438848183362495e+00
2.680614958001505954e+01
1.647531360734607020e+01
1.149490676652606780e+01
1.158010041782886113e+01
8.444620167619842022e+00
8.355179629849331491e+00
1.328142869620893762e+01
3.263162941418858320e+00
1.058800580906222422e+01
1.188133768827704806e+01
1.345996013088742949e+01
1.278280258449649232e+01
1.923114573141747785e-04
1.562983295176354304e+01
8.103826204923063159e+00
1.258554385460542413e+01
8.616377914859722154e+00
1.239957363624363396e+01
1.368627169214646599e+01
2.110053529634889014e+00
1.140918943346842696e+01
6.815835475456688108e+00
1.390464672528423165e-02
2.000548732158393861e+01
6.239419228622520741e+00
1.019911687630083108e+01
1.959077760487501152e+01
3.753899243809630359e+00
1.133037102137700813e+01
3.514068049499537771e+00
6.220864839865029694e+00
9.580800695756240160e+00
2.049591832770894584e+01
2.495863762825520707e-03
2.907559391178285703e-05
7.302015269547665000e+00
8.416410738597949859e+00
1.213431510027815818e+01
1.247745270719080146e+01
1.834819462964394177e+01
1.198744297779739298e+01
8.792337883794854037e+00
6.905106234034573021e+00
1.327742836179275909e-01
1.567068207702659244e+01
8.135003635367790632e-05
3.777331798666893281e+00
1.187628756298413002e+01
8.090764116835606146e+00
6.060566351570013666e+00
1.013281429623109631e+01
4.857480180055727459e+00
1.837574998157454687e+01
1.165101965899975056e+01
6.636978429253003853e+00
9.956380829050026193e+00
9.758322585533271365e+00
1.727246354710055698e+01
6.962103093081841720e+00
3.658634475954013965e+01
3.977416488886825530e+00
1.240203947056508937e+01
5.796674132578734095e+00
1.440355080010623290e+01
7.685431177057166607e+00
1.385804984259806005e+01
6.764134985093563479e+00
4.278850499245044681e+00
1.198301648316694035e+01
2.046579474005989940e+00
1.515651521124877732e+01
9.575887157086640400e+00
3.575072667763159462e+00
2.383260598980646350e+00
2.338850314176472989e-03
3.954642558855830270e+00
1.495904072260873718e+01
9.497403512862415909e+00
1.426466157249111841e-02
4.005229799888079291e-04
1.926877582270596889e+01
2.960572807880512158e+01
8.563295850160612233e+00
1.678657877565534307e+01
2.067481909896886805e+01
6.925591370926900581e+00
5.597897673832827437e+00
1.949005572383094662e-03
1.243047825420170938e+01
1.429074350779740143e+01
1.508755123018097244e+01
7.138600392989316923e+00
9.368487913878260187e+00
7.189424512114443999e+00
2.420572889677474038e+01
1.280302275483535013e+01
9.153492407658174457e-02
9.126247614041076872e+00
1.109451750469755638e+01
3.109794513964004636e+00
1.708500926243077256e+00
7.631270101928494753e+00
1.391322322883996598e+01
7.517188790156683176e+00
1.297051217061663930e+00
1.632292195135563162e+01
2.759001924079441892e+01
7.824981868291781772e+00
1.881840475145555303e+01
1.203286905258707051e+01
1.440169135695122606e-04
2.185115599709933676e+01
1.190107250758332214e+01
1.175144455696737467e+01
8.138010974422771847e-04
3.252547954786137252e-04
1.029088736926977354e+01
1.642481459255330378e+01
2.392659938473985903e+01
1.363390427757890144e+01
3.914532503433631128e+00
1.121105455737077605e+01
2.501212398754770305e+01
5.490921017136314752e+00
1.854382821516773432e-05
1.388695120857004817e+01
7.992552096655603400e+00
1.863581176605276468e+01
4.293422072340525197e+00
1.529076988967959494e+01
5.962222324896480963e+00
8.094018901438378322e+00
1.414171297256461024e+01
1.424585518035973664e+00
1.084174999051676380e+01
1.125816678190458120e+01
3.151648578461734829e+01
1.043243463516451719e+01
1.521251975179396609e+01
3.382609410420050366e+00
2.289575152887185538e+01
2.459994593676819688e-04
2.215789055624901494e+01
4.645566590624349956e+00
1.340073363570595077e+01
1.609798210391554463e+01
9.904322659949901464e+00
1.847122453885135940e+01
1.382218652758093214e+01
8.126976054160042501e-04
6.922763370146725492e+00
1.566401786449386435e+01
4.620497194443724245e-04
3.296000856805012091e+00
1.543193833803483983e+01
1.207795587743844701e-03
1.535704560350698777e+01
5.215570801590980743e+00
5.864960838941941645e+00
2.288815395776915196e+01
5.677460925922321877e+00
5.002356569776296169e+00
6.440241679690573767e-04
9.279845626833937544e+00
6.378665478848196457e+00
2.106957788389603792e+00
5.912953995523318795e+00
8.311526020031319462e+00
4.178793298786525945e+00
1.152944675525774443e+01
4.371999669449548875e+00
1.642148570437721888e+00
1.390620131470068443e+01
5.199221761284560372e+00
1.156290972676050366e+01
1.054265423827671455e+01
1.889278842170458361e+01
1.512939554548475840e+01
2.599153817497790442e+01
1.607973865553152848e+01
7.709322098070443552e+00
6.335988853242937147e+00
9.131698487647110341e+00
1.454415501644562880e+01
5.877012322903878427e+00
9.015909268733974358e+00
1.545603272202467515e+01
9.665148769365271286e-02
2.211400824651593711e-02
5.961332719469603525e+00
2.355676717792541078e-04
9.766273468533054488e-05
1.722947805202726812e+01
8.726712813216201070e+00
1.345503968065266420e+01
8.739004211155123159e+00
1.486387189525099473e+01
1.327518580654691505e+01
1.389636835953985106e+01
6.851245826439699392e-03
1.212854436875809228e+01
1.219828160572332898e+01
9.453723205494092952e+00
6.302671723592226272e+00
1.389077330052835535e+01
1.566065031260662721e+01
3.369373127576281490e+00
2.239724950843991991e+01
1.537335199788530105e+01
1.156698439557212055e+01
3.731091911063418820e+01
2.674439691480418446e+01
1.583436212086536443e+01
1.383510423207280482e+01
4.207812330655177568e+00
5.393569107371503968e+00
8.166500258428136760e+00
3.970439714899551861e-05
5.208848646550452877e+00
1.142361855158843298e+01
1.714354291772934413e+00
7.367457759912483972e+00
1.408935473681766126e+01
1.447965583768590392e+01
3.479084273152395212e+00
3.638589602083629887e-02
2.185985419598951207e+00
1.159849285721194256e+01
7.657774179439961415e+00
9.112403371284855780e+00
6.160100302874721656e+00
4.634596226332835300e+00
2.763142817066484902e+00
1.235264884446366906e+01
2.100859932664088436e+00
7.448413893599871438e-02
1.737360685890321577e+01
1.186616329659088009e+01
5.867157108738186189e+00
3.422866577689306666e+01
1.999759322530915373e+00
1.722210903987308228e+01
2.354019423655839915e+01
2.018491891422523210e+01
6.107208506430928274e+00
1.609232364356608380e-01
4.499418525944133052e+00
1.047758101906287997e+01
1.321369438392585849e+01
7.226139819267343611e+00
2.526730228266757905e+01
9.116497894221740591e-05
1.481128446069966742e+01
1.996745913604136291e+01
1.389294966751535298e+01
9.077445626551298830e+00
1.787318684356446852e+01
9.914714931611468884e+00
1.183822265598291956e+01
1.334305897210655090e+01
3.888665178180381155e+00
1.571856309331185386e+01
1.005486259680394490e+01
4.452606198916523539e+00
8.923272433548632421e+00
2.162030393402962147e+01
9.919547324322827819e+00
6.287479837160838692e+00
1.388725220614441014e+01
1.558481582784864913e-02
1.427617742490561703e+01
1.313201009587799994e+01
3.503948286134741519e+00
1.376639400981698813e+01
4.952272207337672735e-06
8.656169799727225111e+00
1.307172844712126469e+01
1.214519190770670320e+01
5.139880257723701718e+00
4.725633067492138295e+00
7.015376294203187868e+00
1.724347468157075980e+01
2.160209795398744248e+00
4.952272207337672735e-06
1.409964488389413972e+01
2.733624117847738955e+00
1.167172557038857406e+01
2.162638704160076752e+00
1.818382283302505442e+01
1.327685775626921227e+01
1.607124893379518582e+01
1.807919638089966341e+01
1.991866529330130930e+01
1.139300052638278160e+01
7.963653244265675113e+00
1.321990126990936432e+01
1.732311706221214331e+00
1.369699972636254204e+00
5.475999917937211414e+00
1.420862753084379015e+01
4.758268886095859074e+00
2.336500144320153627e+00
1.997095757764366208e+00
5.029846384733553499e+00
9.350375611557158351e+00
1.048053527819824282e+01
1.697109466636714359e+01
3.735996992991656107e+00
1.096553858327305875e+01
2.179160569291165750e+00
1.961397787517410762e+01
1.283899752376873593e+01
2.885945736074284618e+00
5.643592630008379629e+00
1.351343085706651514e+00
4.490150212162673071e+00
9.697505672232983542e+00
5.334259059279578885e+00
2.038182694720414645e+01
3.958924137564103063e+01
2.342759901500406361e+00
1.373343403278482278e+01
1.385505909187581963e+01
1.360377682611359873e+01
6.398113731680505012e+00
2.112521179542149952e+01
9.558131618179240618e+00
1.301639985164751678e+01
8.120193331592057362e+00
1.604422733995638595e+01
1.325329905606160708e+01
3.316089514159224905e+01
4.952272207337672735e-06
4.346704230255125576e-03
1.247265227075327942e+01
1.424296924267304831e+01
2.259913634940169835e+00
3.036652804830362928e+00
1.289491180801783088e+01
7.959047329094147472e+00
1.258209856214889122e+01
2.378368279608899627e+01
2.741618352747735798e+00
1.904434215158777022e+01
8.267810250280481130e-05
1.097396215420160814e+01
1.977705587448814484e+01
1.581282976058461642e+01
1.539730845426796790e+01
3.827343437852336550e+00
9.864768857274928138e+00
6.421066809896296412e+00
8.685303492883894805e+00
1.959053557110142663e+01
1.323687219174345664e+01
1.285832755610504208e+01
1.097279380531118420e+01
1.028200112966474045e+01
6.948985135030523175e+00
9.701475034871998287e-04
1.963017401391907413e+01
1.731744624329903707e-04
3.852935710748865539e+00
1.698112737727436317e-02
1.236528111946602415e+01
4.498485376644908662e+00
8.517866256503957345e+00
1.833067740416876479e+00
5.093762938351153124e+00
2.246108145196864925e+01
2.718377630105207743e+01
1.220971402677412421e+01
1.123049460292203605e+01
2.727211693429166672e+01
1.331296481508568341e+01
7.099162295618355323e-03
1.124203161304021314e+01
4.340225369943711442e+00
1.374540753790921244e+01
2.090120815329965609e+01
2.452194069819343181e+00
1.518327209661065247e+01
1.110610721694355263e+01
7.738626259289612008e+00
4.138612453558796922e+00
1.923620213733125439e+01
2.087751283618429543e+00
1.219293601526801574e+01
1.986274682243929135e+01
5.872829851611972352e+00
8.530756334592940249e+00
1.022833428031055902e+01
1.598932384909664783e+01
1.228046604778951689e+01
1.665354962016290585e+01
1.635374069274157094e+01
1.083428463717911683e+01
1.279305998154891988e+01
1.398002405621348032e+01
5.500988568697806613e+00
3.542972191579697672e+00
3.411692815444435034e+00
3.399112581241404740e+01
1.928203398868607721e+01
1.070212569068274781e-03
1.007054908990078879e+01
3.222572319626874737e+00
9.006418915535778780e+00
6.160205792970811167e+00
1.440275632067473310e+01
2.873015889722515759e+00
3.845960854735762033e-03
3.523106653780915032e+00
9.504574859625827821e-02
1.625872709527893534e+01
1.208584406564932578e+01
1.072556513282611590e+01
4.797587725464529385e+00
2.525456796072334598e+01
4.236608487227573328e+00
4.952272207337672735e-06
1.004318356088890951e+01
2.064433658226592883e+01
2.527639015453754823e+01
7.458854924256515417e+00
9.854885835455037935e+00
1.306455659912229628e+01
7.081241130582066612e-02
3.047734245399598585e+00
1.288690663817225257e+01
1.572417200929521996e+01
8.279290510880354503e+00
3.017124023502914199e+00
1.025969796121776412e+01
3.816253300606209375e+00
1.499504003902839999e+00
