7.290617535858870111e-12
4.029620651450760412e-12
6.181941174228948199e-12
4.289136249241591998e-12
7.005958190478012098e-12
6.226804430787621403e-12
6.072855578009723624e-12
5.559804891404030556e-12
3.046815907579340229e-12
4.444115313113531301e-12
3.189055829357090429e-12
4.889332981420978831e-12
1.112789066825650148e-12
4.384944828168006479e-12
4.735596775615044220e-12
4.758560440546651318e-12
nan
9.325409823672220671e-13
4.216902900252962164e-12
nan
4.596645251817331449e-12
2.631258959966648752e-12
nan
2.872384240308844794e-12
2.807551089187840945e-12
5.918308041223421989e-12
6.960569599703113516e-12
2.941403433300850268e-12
4.489309338402742838e-12
4.182386757663753307e-12
4.192025958162276937e-12
3.194174619267958397e-12
8.721575195424741386e-13
3.888839219614676341e-12
4.789949230832051609e-12
nan
4.434554550625894736e-12
1.159738299909772177e-12
3.819448573798582595e-12
nan
2.688462551836979414e-12
4.394503251118807584e-12
2.358560737468529999e-12
7.576149914898340447e-12
7.751087607922849071e-12
2.881709809035137252e-12
nan
2.053279837185191355e-12
9.666458761467812773e-13
3.164104974061634541e-12
3.025248152785937034e-12
2.733045343063477947e-12
1.148572450817404920e-12
5.130094097203165376e-12
2.539466607345852493e-12
nan
1.167297190988973988e-12
2.537127923328879207e-12
5.266838833652274402e-12
4.247062172779844331e-12
1.177459379857576703e-12
4.631044585334597311e-12
nan
5.383874215517845042e-12
4.342077133110164178e-12
5.611463756354089401e-12
1.189441857888161622e-12
4.868202940368001060e-12
4.005276548609887136e-12
4.719300790456241672e-12
4.440902057875496303e-12
nan
9.238985439243040588e-12
5.777378023168343674e-12
4.545780292434490820e-12
5.086167790324959380e-12
1.946298123869950947e-12
3.183361224492815277e-12
nan
4.505643891130245693e-12
1.401064969295752937e-12
9.980393266067204589e-12
5.168884802719311055e-12
4.137463850323498123e-12
5.875574553468178856e-12
1.884361456148069470e-12
3.976363253719935915e-12
5.444351116378053898e-12
2.340331790180318637e-12
4.347778627608711459e-12
2.460137580948503646e-12
4.028914151330747427e-12
nan
4.236761555880500786e-12
3.167718664906649470e-12
4.315976392817618100e-12
3.649428370145120679e-12
4.691518164189282884e-12
5.108688909000191854e-12
1.690297821628767791e-12
2.821992341371256472e-12
9.144539166997879853e-12
3.363564167889620729e-12
3.382399381623766137e-12
4.900227530185357968e-12
4.342256080343345100e-12
2.168826380570810289e-12
3.856198702999173253e-12
2.158673692469183565e-12
2.343521646908584357e-12
3.715220329084448816e-12
1.707934867219234984e-12
4.344751143726851963e-12
1.629712155399230364e-12
3.425550183894438644e-12
2.583573930939924112e-12
3.206359875101242393e-12
4.500474972040431124e-12
nan
1.923651440007781203e-12
6.705736203850270779e-12
8.469815105976477619e-12
5.000088800339900214e-12
1.429220514187600654e-12
4.405691054179444531e-12
2.964821532417430693e-12
2.463725797977030901e-12
5.101997481219081530e-12
4.328487515080740549e-12
1.809712829916599583e-12
7.722164761307810400e-12
1.660296725462662787e-12
1.102463336878246378e-12
8.983590728104995406e-12
6.462774779554212768e-12
6.711568967104429848e-12
3.739373357534089422e-12
4.705513450658476745e-12
2.154356368935700275e-12
3.282938317942337884e-12
4.396155972814430312e-12
4.219386121750713024e-12
5.912991949498220190e-12
4.434260407526971947e-12
1.637473954972050938e-12
4.499335115364713967e-12
1.413897648659304128e-12
nan
5.240518696814315038e-12
5.094490220979261808e-12
3.731167987079762959e-12
4.791111572973293468e-12
1.413815474831203598e-12
nan
9.865028702240735423e-13
2.959527191471128931e-12
5.017448223623924039e-12
4.870419133956274314e-12
4.559631834764486532e-12
5.470344338007194571e-12
4.476959629004161348e-12
3.186104121863408547e-12
1.680193039810614404e-12
4.304486692156391594e-12
4.092305223384873337e-12
4.110211969192405755e-12
4.896341661184108991e-12
1.465142742463953185e-12
5.319042392569752904e-12
5.916643553297109761e-12
5.055395362845792793e-12
3.614165211557750204e-12
4.288272410428062454e-12
1.466000147697587698e-12
1.728895042914329882e-12
4.118723971822806048e-12
4.539837155685933852e-12
6.943805989551418603e-12
4.897537057914606741e-12
4.772195816438056453e-12
6.610548317065406472e-13
4.839482949920141508e-12
5.814606603275157472e-12
1.123719270324667305e-12
6.597873891756710468e-12
3.085842806895255717e-12
4.947318899038463666e-12
2.185220391705627839e-12
9.090693727118756739e-13
2.104657950953963478e-12
4.337054581655521662e-12
2.451968226867682025e-12
2.801746825629233663e-12
8.730565260220881252e-12
6.302475607334593028e-12
2.917995689631486334e-12
4.306004755062490696e-12
2.349259363683210845e-12
nan
2.250633791973219722e-12
3.354029632776330374e-12
nan
1.802845412166138630e-12
nan
7.166720805270137358e-12
6.420868938730707503e-12
4.807707937454370508e-12
3.801970552846713926e-12
6.654386925515107061e-13
2.772880047807855684e-12
nan
7.140218528808711125e-12
1.973359647986966501e-12
1.119041952961903513e-12
3.410098967983343916e-12
3.074569801276970754e-12
4.745108561946544823e-12
4.011911125453885332e-12
2.771672562974320537e-12
9.174051704978041027e-12
4.797892799661771853e-12
4.501962412737407816e-12
1.829651218444822134e-12
5.068157558540454319e-12
nan
2.926598196150473732e-12
3.625047873298739666e-12
3.184109505392340597e-14
3.755798659079142319e-12
6.384132434815266954e-12
5.011414672802059764e-12
2.698059977998775999e-12
nan
2.271806625562808217e-12
4.816066355448728369e-12
8.912545655228431682e-12
4.615318738786868715e-12
4.931189805710177614e-12
5.923108433626937312e-12
4.932331536535032348e-12
5.515573313780797885e-12
4.662647850378583865e-12
5.894534066664583621e-12
3.536039518535911149e-12
5.811664221167832885e-12
7.531076233525188851e-12
2.888653951405621869e-12
3.683679095462393916e-12
4.585893128064272553e-12
2.205434884818857843e-12
1.830201729050498889e-12
1.739327485146506554e-12
3.609693794433299360e-12
6.069961189416435708e-12
4.267978902433163815e-12
3.086303948586684521e-12
2.724853515516087573e-12
7.977216944788239162e-12
1.737984450990596217e-12
4.170749302429362185e-12
5.153062253593795973e-12
4.630116005735876535e-12
3.388387498177510716e-12
nan
nan
9.355747206213318697e-13
2.484876084985623750e-12
4.747265748664115222e-12
4.224408351088734099e-12
6.045013504535175943e-12
5.237563459452280225e-12
4.655669651860566176e-12
5.015117093988786887e-12
5.945239143252092534e-12
4.544591135719127776e-12
2.720975582056241854e-12
4.915166620944066903e-12
1.889208490990443004e-12
5.937077123960370829e-12
3.159600536796689577e-12
2.278909958243181962e-12
4.969177363888492662e-12
3.557775373646428352e-12
2.209584092004747561e-12
1.023826649058750025e-12
3.346095685218068380e-12
3.551411271023673769e-12
4.758863746569009031e-12
3.252736654541320736e-12
4.191700809674876564e-12
2.890009047426081695e-12
4.920980681344188416e-12
4.974265980199853288e-12
1.679029148132797367e-12
3.649998940807823972e-12
5.126743380797523881e-12
4.250954648978739748e-12
4.872046048140530463e-12
4.093904811396063359e-12
3.864463563840688027e-12
2.227323975785946681e-14
2.628173996525722263e-12
2.788424639671861045e-12
6.338631154683763079e-12
4.231616342181108794e-12
6.138520171900887540e-12
6.050953461213471372e-14
2.620362351653866550e-12
1.175386865882019810e-11
5.048490563584629623e-12
7.436904495058505940e-12
6.224578867786581844e-12
1.680814157588588419e-12
2.046116877390354851e-12
2.664841090371667361e-12
4.335124408069181939e-12
7.388896531926802536e-12
1.600512514500798086e-12
4.660602752579610930e-12
1.899437026711592321e-12
1.640712503876101316e-12
6.773349411627795070e-13
1.818015898417792530e-12
4.846329083231852132e-12
4.912052192314147450e-12
3.786076522310283270e-12
6.851989404090214082e-12
2.927293984378553199e-12
1.873041621514451127e-12
2.478645368634328907e-12
5.921903357130699924e-12
3.167235245688155689e-12
5.985791265500429656e-12
6.398961375723077040e-12
1.963451679745148480e-12
1.782647265601947812e-12
5.282535905127772066e-12
4.177791763678797724e-12
1.218515985969994806e-12
3.741217068697638630e-12
4.467048445619236076e-12
3.997448650755779461e-12
1.734050742232234539e-12
5.317188700181437646e-12
3.697194254905861145e-12
2.442075447422489691e-12
3.447321084393098026e-12
3.702719464399324515e-12
7.579216518485933798e-12
4.475371034065381243e-12
4.246654520556687128e-12
1.609821039513539863e-12
4.035689863465196247e-12
1.120655556288468394e-12
4.639694104532261454e-12
5.200652298167653351e-12
1.156901587303611808e-12
4.142337633164473928e-12
3.750098303231893379e-12
3.396330782711165858e-12
2.456990274965473865e-12
nan
7.292556484147239239e-12
4.459201711062095948e-12
5.373549445282540039e-12
4.024462510821747306e-12
6.595804882412646797e-12
4.371534234530991172e-12
2.719102736461723502e-12
7.287893293014967269e-12
2.962301230598165232e-12
2.563654916392675102e-12
nan
2.342430364528915264e-12
7.436512703661016299e-12
5.401459432118918663e-12
3.308838645306428866e-12
nan
4.184468031979776173e-12
3.572540047233912546e-12
1.106363681006365671e-12
4.592188485301677836e-12
2.997771190417941748e-12
4.144646616656223694e-12
1.989300293061194005e-12
3.548766772907837875e-12
3.181701678698839710e-12
6.093190862374459089e-12
4.450260403809272432e-12
nan
2.305178244833459659e-12
7.595895369132899733e-12
1.784731150679765221e-12
5.162019193466650240e-12
2.648573193916608148e-12
nan
nan
2.488756665577973877e-12
5.578124512740065994e-12
1.600042774872358622e-12
4.392143223281290088e-12
5.155990853517739653e-12
1.535560636993816494e-12
2.804026844933347009e-12
2.725474642625557163e-12
6.405136369068286047e-12
4.491404661580331762e-12
5.012120587504239896e-12
1.301316941860394753e-12
1.654198270057118988e-14
5.527586390489294027e-12
1.955277676322345544e-12
1.265203022922116072e-12
9.144927018724854987e-13
5.068122552898594625e-12
5.194072343196869656e-12
1.130426774355356315e-12
2.962957370174688575e-12
2.068404586028701937e-12
1.113419515824732956e-12
3.180127433318355057e-12
6.234227529093504370e-12
4.747915599853320958e-12
4.761404707578080860e-12
5.202147461811784672e-12
3.329929645278409775e-12
4.400937522030058711e-12
nan
2.574874406740982819e-12
3.874679379074130531e-12
2.036042877705688316e-12
3.301864932463714729e-12
nan
4.916782292308423605e-12
1.721056218768406362e-12
nan
4.949206025960520067e-12
5.188968865083596055e-12
1.823120504438554935e-12
1.931750232585797387e-12
3.011515526658174331e-12
2.457316672432760124e-12
2.816945809771334353e-12
3.574495328727444157e-12
4.648453869233882948e-12
5.498862903562069853e-12
3.009356895964976460e-12
7.629017568728531018e-12
4.983744581857018037e-12
4.697077075369855497e-12
5.848705659150632554e-12
3.290106343229653829e-12
nan
4.189833307511129155e-12
6.655396141792182731e-12
4.128208424989783164e-12
2.117106356550335800e-12
4.132503541380032869e-12
4.525258436038214694e-12
4.806796409266086529e-12
5.382633968267809971e-12
7.720975397066379173e-12
1.323763052127229190e-11
5.259085549865965455e-12
nan
1.525714674290848692e-11
6.943864104407562629e-12
4.981361959773355836e-12
2.469710729993194584e-12
5.128107127380143149e-12
1.113209862306643079e-12
5.110120345024741906e-12
4.645890244555187672e-12
5.246756074016201450e-12
2.206585018966792753e-12
2.946630833083315987e-12
1.127847337433241883e-11
7.200769904761074058e-12
5.951503827117332782e-12
4.709863523820603118e-12
5.156734243592856087e-12
2.572521838097774791e-12
4.610046465273977355e-12
3.774219740503896193e-12
4.728522927326185971e-12
2.190666520415797365e-12
4.351271834281082533e-12
3.586688041600918751e-12
3.525117300251755615e-12
6.085194584210489927e-14
7.233519842001016431e-12
4.550320799853347501e-12
9.883673697699664582e-13
4.027934233992791165e-12
2.043742121219534133e-12
6.800183560784785107e-12
3.760802007270171418e-12
3.323317592165399872e-12
2.852585746532073994e-12
2.549794550707106122e-12
