2.367211801144001271e+01
8.145823065896770743e+00
1.957479048314976922e+01
1.171853063530448225e+01
2.038149911198188136e+01
1.981529495983845024e+01
1.664950993536860580e+01
1.685805853228064777e+01
6.468701149420339469e+00
1.232900776443464785e+01
6.822326481745136562e+00
1.185424847170324725e+01
1.959501972068107944e+00
1.088061772226296853e+01
1.094069745155174367e+01
1.212297455561450477e+01
7.642888231357579170e-04
1.568870100293848546e+00
9.958031923579991229e+00
1.477859085184560456e-04
1.040566010888238146e+01
5.326757904628419027e+00
1.363461287928225373e-03
5.634227410812304271e+00
5.812280286341305668e+00
1.621895291592550947e+01
2.054191260695134247e+01
6.205057992842689885e+00
1.018582797590704203e+01
9.034838237478460599e+00
9.456429180166118442e+00
6.869244680225114585e+00
1.455545913390810187e+00
8.119129105876274011e+00
1.217643049259680055e+01
3.701984499572859712e-04
1.013391263175011581e+01
1.992788022656575730e+00
8.703210053891544007e+00
1.348763843942174610e-03
5.470082372932754566e+00
1.212516475241065983e+01
4.603473935147326834e+00
2.432228643983176397e+01
2.365827858955413276e+01
6.011796905711539907e+00
2.660129645218984110e-02
3.983382296338596085e+00
1.613988135801613488e+00
6.210019097037199565e+00
6.417351884083423386e+00
5.596836536123035444e+00
1.975537230654449194e+00
1.397731624972925246e+01
5.047053652435398163e+00
8.588950298429081504e-03
2.034359073724508526e+00
5.066117873199033284e+00
1.321752409014598939e+01
9.076443958520819422e+00
2.039287354356567050e+00
1.153193513852028929e+01
8.363227954356434795e-04
1.385877625911952649e+01
1.194920546974740461e+01
1.466569997281362348e+01
2.096748730629770741e+00
1.395487988526342349e+01
8.536770768758257688e+00
1.178172938062355612e+01
1.016861240692876578e+01
3.755417348175898746e-04
3.455847855098747345e+01
1.779872280374772231e+01
1.269992008014822638e+01
1.365064442544275103e+01
3.631496011199917273e+00
6.883592519998229520e+00
6.989046275797343574e-04
9.556117961570087971e+00
2.401357681459655335e+00
3.320999750686342367e+01
1.317281774193947896e+01
7.943132221911437973e+00
1.747580003096647516e+01
3.530382546111509257e+00
7.718181713682364276e+00
1.413321817804459002e+01
4.613126084121539350e+00
9.266058340420803674e+00
4.892038934913086834e+00
7.860226144706562224e+00
2.211816233420066391e-03
1.148604443685594134e+01
6.765335220410396033e+00
1.033511007611526544e+01
8.416514630595751001e+00
1.105734163084344424e+01
1.497654959494086313e+01
3.024285127516670002e+00
5.851727779064798796e+00
3.404529896728598004e+01
7.432937668796628650e+00
7.629190318870153753e+00
1.328592649813787396e+01
1.193885374956983192e+01
4.159881953729350101e+00
7.858276007546536768e+00
4.250253357801917709e+00
4.561402802430755798e+00
7.160759578764269939e+00
3.131823485631236803e+00
1.197000126308132373e+01
2.855926778423389933e+00
7.584109378064898266e+00
5.219147413842428307e+00
7.404121670192188809e+00
1.246462212963942129e+01
9.885376331802862501e-04
3.556924338019599841e+00
2.001780684909015307e+01
2.838243903460129047e+01
1.356765260806148987e+01
2.365597004862226349e+00
9.552704564681322452e+00
6.057504224648019076e+00
4.901799798810481334e+00
1.280892740952275233e+01
9.858325948353325430e+00
3.275179453821120745e+00
2.677004797285156457e+01
2.942880470430869533e+00
1.932005206728610869e+00
3.195832680288484084e+01
2.084652053974195596e+01
2.018229517446539489e+01
8.743745756610184827e+00
1.085430147100717235e+01
4.146025094071628558e+00
7.075311380405474360e+00
1.215056172409236090e+01
8.963620156585012211e+00
1.711558567195034541e+01
1.122121669156213386e+01
2.967291442926102807e+00
1.254032010384881879e+01
2.369371919530083748e+00
2.582245926400825566e-04
1.485097435520448883e+01
1.413553922525422379e+01
8.691229850333568763e+00
1.134649574945924400e+01
2.318470341661451606e+00
2.767251992372021192e-05
1.675816394430573730e+00
5.916349760281529591e+00
1.150554443499500401e+01
1.399557722743732491e+01
1.278577584709793946e+01
1.487937235608462316e+01
1.123208184697796419e+01
6.922987399494033411e+00
2.948202551786787140e+00
9.449812062310449789e+00
8.340453251405380186e+00
9.817800386215669306e+00
1.178075923906109779e+01
2.476563532944282109e+00
1.584394265006619307e+01
1.680786306258304208e+01
1.289085135215783673e+01
6.627647043341162281e+00
9.072669216522982083e+00
2.414633914217891419e+00
3.078328524932596899e+00
9.884207575615119978e+00
1.229508251095834659e+01
2.302794594977140008e+01
1.215705086346412500e+01
1.118668188888264581e+01
1.148358501627329886e+00
1.172750542080486369e+01
1.598856627825492716e+01
1.964383850695577971e+00
2.141976447174306486e+01
6.562378362801024601e+00
1.218341252431093125e+01
4.195127285898742286e+00
1.468032069153584640e+00
4.018282673960845486e+00
1.020018221963598037e+01
4.830107531660154052e+00
5.751127828493741490e+00
3.187579737516210798e+01
2.009405921422023056e+01
6.102865416613110661e+00
9.703078568234193568e+00
4.610166870964041763e+00
8.244604143771216498e-04
4.350755112190620721e+00
7.444418836623380109e+00
4.952272207337672735e-06
3.278655021368706013e+00
1.119819417644429653e-02
2.147801000463601184e+01
1.815461109476508028e+01
1.140902661629376169e+01
7.960716113659054294e+00
1.148122787431230529e+00
5.667667450375638794e+00
4.952272207337672735e-06
2.259492279680992155e+01
3.703226427531252973e+00
1.973709468628416230e+00
6.721136808884081049e+00
6.299534696475819651e+00
1.216521285882014070e+01
8.543187677829301663e+00
5.658048416888139087e+00
2.934551370957961325e+01
1.071328825568078891e+01
1.034057618478043850e+01
3.403709299679947620e+00
1.170896360483189369e+01
3.700632193645250366e-05
6.172966978079955425e+00
7.397477976197215810e+00
5.523121099710461002e-02
7.107261563302582630e+00
1.845349677250321463e+01
1.455752341223659840e+01
5.516301079986551059e+00
1.353540187651776090e-04
4.375507851040881135e+00
1.378197789551037467e+01
2.843610143359781262e+01
1.062766315400890349e+01
1.177760057873990363e+01
1.641908113538009673e+01
1.194247966906413083e+01
1.331890326165980909e+01
1.317989023099727142e+01
1.569792070316369603e+01
6.479807756778881433e+00
1.789606221329318814e+01
2.498652901621746025e+01
6.045273590804822739e+00
7.793958729155216147e+00
1.163706150878630297e+01
4.273444927941709715e+00
3.330456069804531349e+00
3.038478790507569194e+00
8.190868303101183301e+00
1.908888043209031693e+01
1.007972830721114654e+01
5.814836408470285711e+00
5.570726931613633859e+00
2.526561230641519984e+01
3.190663864784229808e+00
1.000221633517251263e+01
1.325751350032612663e+01
1.074502904993558516e+01
7.493842505551326028e+00
2.012247569040921322e-02
1.745203674490189774e-02
1.563796573797826550e+00
4.932446868752606406e+00
1.104562514059092670e+01
1.037066387458413175e+01
1.906154496149693500e+01
1.235065469390209714e+01
1.313235382197739831e+01
1.458047422215034317e+01
1.770725613016249866e+01
1.266188695003126163e+01
5.577192766469160290e+00
1.415312107848061096e+01
3.538101971506541155e+00
1.855697189567217720e+01
6.781866083202036322e+00
4.434008124096876280e+00
1.171673629673079731e+01
8.055092573391480215e+00
4.285616560490316473e+00
1.745133098174314945e+00
6.340552615030738082e+00
8.026396566201722038e+00
1.355093545945630851e+01
7.077617493830159034e+00
1.139860544303360079e+01
6.028792894727709850e+00
1.219123397879184800e+01
1.207224126932046460e+01
3.024883803208836763e+00
8.340464436882658816e+00
1.188796431466665204e+01
1.057446252526849761e+01
1.399628407065585378e+01
8.679262721866781050e+00
7.436128329543924664e+00
7.714454467175363428e-02
5.304745032062504251e+00
5.733013553039171484e+00
2.025948679825260257e+01
1.078493009771586131e+01
1.799830390647470679e+01
8.980294361835192141e-02
5.259636248775446887e+00
4.375673211968572218e+01
1.151872885747875586e+01
2.537068423386368465e+01
1.987656067649993830e+01
3.069792520094055899e+00
3.875395953827900364e+00
5.413057233119177525e+00
1.103344775986567683e+01
2.514612069721105669e+01
2.820692200155966667e+00
1.079371462792694025e+01
3.507286318374942979e+00
3.032981080474211222e+00
1.174384017824389836e+00
3.317886938749466719e+00
1.148891030652402812e+01
1.190752938099537062e+01
8.848802022019258473e+00
1.965438424627356184e+01
5.373268078861466179e+00
3.412683935024024784e+00
4.912564948747778715e+00
1.611379164825278565e+01
5.680305054023409461e+00
1.871072266696473108e+01
2.062544395858202861e+01
3.660234873634233388e+00
3.154794201939232323e+00
1.349156659208474451e+01
9.173121325419595351e+00
2.121056025394113753e+00
7.380792569932065561e+00
9.508694999740995968e+00
8.457719087608104758e+00
3.113581970396360976e+00
1.584284456607926117e+01
8.477508956804857831e+00
4.808344224205399975e+00
7.332539386151706751e+00
6.971697126412142786e+00
2.606760601292956281e+01
9.401803398591926708e+00
9.299993624511097678e+00
2.900469851167308377e+00
7.895267730448647825e+00
1.977464518190507059e+00
1.103265119975235464e+01
1.509520768215866937e+01
1.997226119161014557e+00
8.621891729446291563e+00
8.631318092778556661e+00
7.344854648984963319e+00
4.829524990068460255e+00
1.681537522611155702e-02
2.173035679975696155e+01
1.111954058567519255e+01
1.383881829452169931e+01
8.549147014151506241e+00
2.142015286976163679e+01
9.405534296692238172e+00
5.537773094000516316e+00
2.465831164828464495e+01
6.307435038818616668e+00
5.083143608186683871e+00
2.319543720798203021e-02
4.560455917412165050e+00
2.526958675291438539e+01
1.621643029418244453e+01
7.317424707830680219e+00
8.065754429306406462e-04
1.104994271680580198e+01
8.271052502960712260e+00
1.915066464386558032e+00
1.172627229684512429e+01
6.357281207784113874e+00
9.238553772422612553e+00
3.779147867370455049e+00
7.563071975341179254e+00
6.851626423219173034e+00
1.919309349746270499e+01
1.237199492208325324e+01
4.952272207337672735e-06
4.545254083094158126e+00
2.329272341229920329e+01
3.227528768137291060e+00
1.519894681704984585e+01
5.363308616251255323e+00
5.708846540539120685e-05
3.702163662106370992e-05
4.936568840392938640e+00
1.693933135771550624e+01
2.771707078624547904e+00
1.013587253175698066e+01
1.302071552710234137e+01
2.584881372061589744e+00
5.639026836368346451e+00
5.539218716230280393e+00
1.828414718719676557e+01
1.119349614945718585e+01
1.456379420906710820e+01
2.246724726909576475e+00
4.320323656575753707e-02
1.672927839075369860e+01
3.636438960451204849e+00
2.148199290616856771e+00
1.478629363989072187e+00
1.480205695969754132e+01
1.434509168828497927e+01
1.998950247496545263e+00
6.180031224807624568e+00
3.929663801328191930e+00
1.933886227651222534e+00
6.664119862051681942e+00
1.980350681599523455e+01
1.248456478337641151e+01
1.065487047036604196e+01
1.536970029599731546e+01
6.404312164212694114e+00
1.219085535453819702e+01
1.229051978702719664e-03
5.147298824488284907e+00
7.846492308125268877e+00
3.835251239036526094e+00
7.213337230673171341e+00
2.467008354385240580e-04
1.397084758773749513e+01
3.145760982909260317e+00
1.568556013106983324e-02
1.146108012587520797e+01
1.300122949167127651e+01
3.310787390815205455e+00
3.575836204912882010e+00
6.322754618275985727e+00
4.858526620642846794e+00
5.426934971915105876e+00
8.148497614306473125e+00
1.280917365659685103e+01
1.447028186526408433e+01
6.377066948611231467e+00
2.631073892309357731e+01
1.280168798492269744e+01
1.213871182734432885e+01
1.569740787276040273e+01
7.140927795088996888e+00
1.602862255758860037e-04
1.138435153371514730e+01
2.003508902584849949e+01
1.037407348124957274e+01
4.112680021525431329e+00
1.114720407034051419e+01
1.126191290964974101e+01
1.361571338842377266e+01
1.598542811360285398e+01
2.676923178814213955e+01
5.258105788932078895e+01
1.560286504275583397e+01
7.974516403995916651e-04
6.474284697267870570e+01
2.228620592008211077e+01
1.208376237936687048e+01
4.897011366309441449e+00
1.299940977427097799e+01
1.937019694238802714e+00
1.239285638117687682e+01
1.038671346836872544e+01
1.524448620804492371e+01
4.237215401384628599e+00
6.179741012665044053e+00
4.179438823743811326e+01
2.156389498050255682e+01
1.614639749387047374e+01
1.335392945172850254e+01
1.349641307254800893e+01
5.182771489041194002e+00
1.068096421480147384e+01
8.646692926991415007e+00
1.053104933410455146e+01
4.219707887795531853e+00
1.070839108212756585e+01
8.091386358955634961e+00
7.599701230911877659e+00
9.942794158530722515e-02
2.234625432614235763e+01
1.274773234496232988e+01
1.675197719192501822e+00
8.302230193370967015e+00
3.888588658928191499e+00
2.236110260432212016e+01
8.758972912847870163e+00
7.320297753824325682e+00
5.899643534066351336e+00
5.108804750103728587e+00
2.677158530947534973e-04
3.685807434228767221e+00
8.210525694553091114e+00
1.115053774073721549e+01
5.755725025505383563e+00
3.701902320205814633e-05
1.419023566190547037e+01
6.737179386866102959e+00
1.539381634043649960e+01
1.281394085877012046e+01
1.572383298459229017e+01
8.262219993398192130e+00
1.158252021382998542e+01
7.150991465258202062e+00
6.811179897844166090e-05
1.287595449164755834e+01
6.527962889544879133e+00
1.384360238780806185e+01
8.608703126641708891e+00
1.313102403360539405e+00
9.747034014971333704e+00
1.460465344985934166e+01
7.777408550534686604e+00
1.161756732564497874e+01
1.309544598286763062e+01
3.456716590173575909e+00
4.952272207337672735e-06
1.617419096541519252e+01
1.909671519859487887e+01
1.052906128156385890e+01
1.669174037265247490e-01
7.934239016992964189e+00
4.504430414844116548e+00
5.923389891303372679e+00
1.537638030394911937e+01
1.715279289599902111e-03
2.181299115253499465e+01
1.363108202432427341e+01
1.387963694412722937e+01
2.780481861264758603e+00
2.338600451066875863e+00
1.460079537491027324e+01
6.829117029040782327e+00
5.315637283371784427e+00
4.978458206884667447e+00
1.180626543272831697e+01
7.590195971085288207e+00
1.801884199737116887e+00
1.479254162214030721e+01
1.585102366659371853e+01
9.175827039469368174e+00
1.008046105937658332e+01
1.071271958478530095e+01
3.030545714287667280e+00
2.227842108387066133e+01
2.527232540213662781e-04
2.331253298978791122e+01
9.646062265220173515e+00
1.198072140227558080e+01
7.706591043642870176e+00
1.261375830210407889e+00
1.919209979982283709e+00
3.440834137758719269e+00
4.418561016726505919e+00
8.760727759341481402e+00
2.466348523689320515e+01
1.492045172451419965e+01
1.052188945548331489e+01
1.069213931761513692e+01
7.895723166520621561e+00
7.976589606535830157e+00
1.216098673083432402e+01
3.094669093306135377e+00
9.659309216695756817e+00
1.129081557012420234e+01
1.225579165115091484e+01
1.143124524597702063e+01
1.598219855362094041e-04
1.431326635211106790e+01
7.601781761270882676e+00
1.147550187023783863e+01
8.070303099211420417e+00
1.136539213174459562e+01
1.283821050894883875e+01
1.976720778715020721e+00
1.077134161101649923e+01
6.469599056647648894e+00
1.506375777357314705e-02
1.837598398578169068e+01
5.970136588579965320e+00
9.332058810351417932e+00
1.771723296245428259e+01
3.545150125154029830e+00
1.026444319189683796e+01
3.345173004286108309e+00
5.933484008981151803e+00
8.853851192568855666e+00
1.885677393780778033e+01
8.852577190334886452e-04
2.765883972108189938e-05
6.955902239271027021e+00
7.776920089683889259e+00
1.082855114048608947e+01
1.168428204098057321e+01
1.702396743798563961e+01
1.123224998797963359e+01
8.023832146439282553e+00
6.590102032651545372e+00
8.402972055857753364e-02
1.440134047741358714e+01
7.308517027676326614e-05
3.574458915873364617e+00
1.108909335583075162e+01
7.563764790384241543e+00
5.727676127332589573e+00
9.345499983225813878e+00
4.523230980060898077e+00
1.687211910644875346e+01
1.048822785474883901e+01
6.311441571986434518e+00
9.204503554652379904e+00
9.131720655016621890e+00
1.582031102206519257e+01
6.593206943636268136e+00
3.396410653170685379e+01
3.759901931310928536e+00
1.136895216407382492e+01
5.504991614634468178e+00
1.337436697377735584e+01
7.316705711320425465e+00
1.253232882529053427e+01
6.438747814683805082e+00
4.011307742644664387e+00
1.097218374256393147e+01
1.902361289127493471e+00
1.426081680761264714e+01
8.987688031211643391e+00
3.399492203311730520e+00
2.234946424310303215e+00
1.961322416586936974e-03
3.758966236948662498e+00
1.401525478937336722e+01
8.785213368657798227e+00
6.454845806108172254e-03
5.364441827695953183e-04
1.781846446258580130e+01
2.753654273667433472e+01
8.177701457230719839e+00
1.581399196624769132e+01
1.897882410985902979e+01
6.646013168360454415e+00
5.280336522845568759e+00
1.811434086772345173e-03
1.140478949278957543e+01
1.317579280684301146e+01
1.388286840969594138e+01
6.593858272606627935e+00
8.900321116190690773e+00
6.815929165937808065e+00
2.230368764196364140e+01
1.154898212764953769e+01
7.799660918257692033e-02
8.663298258598189250e+00
1.047869443791272026e+01
2.962955223106688685e+00
1.570251791371705563e+00
7.275576033141730292e+00
1.272378400540087640e+01
7.163538367175871890e+00
1.234286944950327092e+00
1.500844926064521800e+01
2.503105016443097597e+01
7.396995363144413638e+00
1.718306525130759610e+01
1.117005412536895648e+01
1.252389405625073913e-04
2.003402222545896905e+01
1.106412046687823292e+01
1.104360679442884852e+01
7.508239142245247150e-04
2.335083899467841739e-04
9.430313525390127793e+00
1.514198021019875284e+01
2.212609932802538282e+01
1.252783065444403121e+01
3.720399452426609965e+00
1.031478963347678857e+01
2.302448326907992993e+01
5.170341660813342344e+00
1.828275488855220316e-05
1.276317982754987490e+01
7.356853405377735911e+00
1.719163291869963928e+01
4.022073683587606752e+00
1.439513801616680766e+01
5.693089815325603986e+00
7.632754409237604065e+00
1.303448091089613925e+01
1.307422719165857838e+00
1.011677446383146695e+01
1.041794163682227747e+01
2.924265860459881594e+01
9.718874599698187566e+00
1.423886463599904140e+01
3.213751046425104008e+00
2.138741676271897063e+01
6.656929262907689774e-04
2.074330762029488540e+01
4.391270580911736054e+00
1.246466505125474455e+01
1.479697762391752569e+01
9.323204773675730195e+00
1.746983470311808162e+01
1.279929112083280351e+01
6.694806610645709973e-04
6.568245489961377359e+00
1.439520124859899930e+01
4.590340179642068193e-04
3.136202066994814963e+00
1.417801921628161566e+01
8.423845262050240566e-04
1.398769502582724833e+01
4.872755036471282608e+00
5.578803714811857439e+00
2.146657053794733727e+01
5.324782889925181451e+00
4.719682535524697187e+00
4.212873019675416903e-04
8.724718853092396031e+00
6.023944008692414087e+00
1.975139214427134027e+00
5.639889778489976635e+00
7.940957513506567089e+00
3.915973055732163033e+00
1.079852064573084469e+01
4.135183018758881168e+00
1.507056886002882568e+00
1.311255287443517048e+01
4.908749681883292304e+00
1.071611388839237655e+01
9.673118044531204163e+00
1.773816968730511334e+01
1.399320583911206484e+01
2.439108137400566889e+01
1.477715158630550363e+01
7.225482486497611490e+00
6.010242864740860114e+00
8.625607264497430648e+00
1.328264065951176498e+01
5.488058950642157541e+00
8.536932578071514399e+00
1.420854267691337114e+01
7.356289961215199680e-02
2.441753004375230712e-02
5.649063835847933923e+00
1.749666807368208945e-04
7.744502952347180342e-05
1.592803448996451543e+01
8.252775661922509443e+00
1.262138872099942688e+01
8.272151058963245873e+00
1.364790323984639997e+01
1.203676378504211719e+01
1.277726859622744726e+01
1.411142267086149850e-02
1.120054194709252471e+01
1.108219288102772460e+01
8.785464949882165087e+00
5.938628875756656100e+00
1.312029100370634538e+01
1.445492303106261822e+01
3.190895830390933607e+00
2.056717360784298521e+01
1.418967667811657840e+01
1.088440856887359942e+01
3.391370373281736761e+01
2.511259331415865503e+01
1.461599232361308154e+01
1.249797579801924030e+01
3.953759534934975228e+00
5.056139453514434834e+00
7.612108202427446457e+00
3.698935722840171356e-05
4.912857081645941371e+00
1.044896510095091458e+01
1.582397286480767606e+00
7.001160429899242921e+00
1.294179488569582759e+01
1.322564309932246829e+01
3.296195794102192433e+00
2.760346950725128118e-02
2.036137147120811619e+00
1.082682114504074100e+01
7.339823423967001936e+00
8.595406574848015069e+00
5.881839169574858417e+00
4.318397762005410812e+00
2.605179031844026216e+00
1.140187061353636722e+01
1.961428766305682858e+00
5.690072681530204679e-02
1.599186475417617181e+01
1.066606029616773732e+01
5.499688370527302972e+00
3.151245431812805720e+01
1.854544073393572523e+00
1.583917800501693662e+01
2.199723859067523790e+01
1.849490542818820060e+01
5.776779118022324688e+00
1.595264503107982346e-01
4.247240251983155801e+00
9.529869483807013708e+00
1.212780417894193263e+01
6.797874335017827008e+00
2.325622565561245025e+01
7.945876806542675412e-05
1.370148502475218066e+01
1.844773843367280719e+01
1.275905765414684723e+01
8.519058326132398662e+00
1.658850595949004969e+01
9.133859836511998509e+00
1.066290746703579728e+01
1.240983126741077314e+01
3.690500468927560895e+00
1.454823776877468688e+01
9.489549391083331287e+00
4.219935997661631966e+00
8.426456196929654752e+00
1.983028490250244857e+01
9.248892642939082975e+00
5.945432086624154344e+00
1.275847133056590366e+01
1.717982676596284397e-02
1.315183658765473673e+01
1.222085078066996999e+01
3.326034883652582153e+00
1.308140464193544261e+01
4.952272207337672735e-06
8.139054258695184174e+00
1.209296334723042854e+01
1.119372307484394113e+01
4.823209919025894798e+00
4.385051787892647823e+00
6.690149642846712652e+00
1.585313266459847270e+01
2.030591237741383726e+00
4.952272207337672735e-06
1.295326911468527165e+01
2.576814750107652152e+00
1.069428077071752270e+01
2.033902640280158547e+00
1.710143870397135402e+01
1.225887239268035600e+01
1.490596472535415629e+01
1.664575375208408659e+01
1.838820211329537813e+01
1.060876325438059098e+01
7.388192576893033880e+00
1.216206235597816843e+01
1.597051105387477632e+00
1.287942111677533141e+00
5.097175116174826215e+00
1.336430275725114925e+01
4.499204198328622617e+00
2.196912619005065181e+00
1.869506774091322487e+00
4.725238726384590748e+00
8.648406020791478355e+00
9.653997562686285505e+00
1.561109233275931274e+01
3.537065908396303193e+00
1.035532118799588552e+01
2.040495746391896237e+00
1.820467185076202554e+01
1.207453174157227060e+01
2.723715652790560604e+00
5.318158615367114095e+00
1.277647783545491134e+00
4.240407885541197075e+00
8.892925330109569870e+00
4.838176992521622033e+00
1.866328750507081224e+01
3.646011530792519295e+01
2.196179186961396024e+00
1.296561981463455382e+01
1.295226701332277131e+01
1.249272019937751566e+01
6.112695828105245255e+00
1.983544508821919550e+01
8.863369398772185548e+00
1.197386715907080657e+01
7.451091227669938810e+00
1.476271325738638751e+01
1.244690798790386665e+01
3.053083041842131351e+01
4.952272207337672735e-06
3.590399764389257380e-03
1.170757440811023464e+01
1.276157312852404857e+01
2.111749109008782987e+00
2.880995686355538599e+00
1.168136684798694702e+01
7.515239904227051682e+00
1.157769651297204483e+01
2.188910173730451802e+01
2.557822773894138368e+00
1.768806020061179751e+01
6.736767025217755135e-05
1.031956032659407363e+01
1.815361482754066813e+01
1.456778553732306136e+01
1.459141736624537344e+01
3.637922174096813066e+00
9.182324660949156225e+00
6.151477576183514984e+00
8.067334766983718097e+00
1.807025342937261314e+01
1.217108961459495653e+01
1.188576543355612536e+01
1.004419592707351327e+01
9.598479905001521928e+00
6.591124444255686221e+00
6.023606701063579077e-04
1.810762561454492214e+01
1.283864362902452513e-04
3.645978319541186785e+00
1.422946613307619380e-02
1.138619694111396363e+01
4.249625855719858514e+00
7.805317916993827154e+00
1.695493519859009757e+00
4.818535237740727339e+00
2.109279578017966728e+01
2.466634230051714383e+01
1.142153311074855182e+01
1.031513379552357534e+01
2.480002384347491784e+01
1.241357936666872597e+01
8.346191387404982426e-03
1.046220972433215302e+01
4.060828837930605673e+00
1.262049661003230128e+01
1.913842683097203690e+01
2.309502170463616277e+00
1.397708479081812349e+01
1.053235641123179889e+01
7.292004307442320865e+00
3.928865522427672285e+00
1.773279913808024943e+01
1.952163795035808835e+00
1.121950987645604769e+01
1.844924653243621293e+01
5.500068226332580856e+00
7.845343594403548337e+00
9.658021033269349687e+00
1.465195879935286527e+01
1.146681709743112343e+01
1.535288278091326575e+01
1.500956571320686628e+01
9.920115213518345243e+00
1.191711255357557775e+01
1.274127765993907424e+01
5.199356887910216329e+00
3.358717889885270313e+00
3.261517598406718399e+00
3.167297878034732150e+01
1.786486139891997027e+01
8.626737043971471636e-04
9.291400859135780621e+00
3.059857925899469588e+00
8.323452764155602424e+00
5.846970067104108715e+00
1.333086335907488795e+01
2.712813405094533614e+00
4.947295275075363520e-03
3.347439812745775622e+00
7.069885014718008120e-02
1.489990572211028130e+01
1.118920533059158018e+01
1.002103851613680519e+01
4.467418987335847191e+00
2.325702633018766718e+01
4.002906871684059453e+00
4.952272207337672735e-06
9.513149436713542073e+00
1.883011522801343318e+01
2.326523652232205208e+01
7.055294577137134482e+00
8.989158765297220910e+00
1.188426147718810988e+01
5.431286481054824200e-02
2.893558253269894021e+00
1.190543207556648753e+01
1.480254399783431118e+01
7.772487438452384545e+00
2.858632958184426087e+00
9.410221208672309601e+00
3.623408820525116703e+00
1.352525651813386354e+00
