7.759089395099672461e-12
4.136334398778369872e-12
6.579967464797654126e-12
4.543732106985531859e-12
6.961979060539224147e-12
6.562827964434205001e-12
6.444971938761152822e-12
5.907755292163384151e-12
3.007488033939669866e-12
4.713470501177213715e-12
3.123851172430816735e-12
5.055792656816637225e-12
1.114693570416826095e-12
4.603770538344622278e-12
4.896874473518421854e-12
4.706496942163438345e-12
nan
9.710967101188054019e-13
4.392539417682574764e-12
nan
4.438109763970777437e-12
2.625909068030148226e-12
nan
2.794138296423018066e-12
2.804046840258874075e-12
6.093452377925864861e-12
7.343290839285790030e-12
2.931822862068961311e-12
4.584067445772464083e-12
4.310166929522370329e-12
4.351641920577391739e-12
3.128909715990942583e-12
9.000313032972994375e-13
3.978168664418278932e-12
5.032241932996637985e-12
nan
4.565552379537943361e-12
1.166377801824927509e-12
3.766301253115107389e-12
nan
2.675462097693544179e-12
4.658146803929998571e-12
2.389552406486593473e-12
8.064907693703102227e-12
8.098833179221024259e-12
2.883016349487270685e-12
nan
2.061397137512139567e-12
9.954139497451136189e-13
3.092329933405437768e-12
2.988036092917482119e-12
2.717122475749606028e-12
1.157437924416518567e-12
5.438473510044722719e-12
2.529727418273457018e-12
nan
1.175161560417193252e-12
2.554261941412237112e-12
5.087891312221596363e-12
4.317460295259163190e-12
1.175403052690692682e-12
4.871364693213121451e-12
nan
5.222973949966885479e-12
4.600523348274930772e-12
5.719925254143627516e-12
1.186992383987983110e-12
5.164858413491623310e-12
4.144664861831490049e-12
4.945524027937733577e-12
4.589414757585956516e-12
nan
9.836806313267287019e-12
6.149050357734714418e-12
4.825444584589546746e-12
5.389756027905518729e-12
1.966559585811363910e-12
3.137326526029816775e-12
nan
4.473146578849574797e-12
1.395885318449621302e-12
1.026975529123888076e-11
5.421638482777748914e-12
4.084408921742702644e-12
6.274067991448764145e-12
1.885048207276224890e-12
3.929201909604306997e-12
5.664111556089184936e-12
2.372422275851253066e-12
4.362152652364503316e-12
2.478781155058616900e-12
4.070208824947917115e-12
nan
4.482027244276728522e-12
3.121184631819598148e-12
4.489434639662742105e-12
3.656148395539941306e-12
4.863796230799699092e-12
5.426341641252059972e-12
1.668277682153781970e-12
2.821234281004679085e-12
9.736219516594592509e-12
3.349660091664582700e-12
3.386752584938899950e-12
5.198697572878720225e-12
4.599316459491317741e-12
2.216610182236615320e-12
3.957475975385263727e-12
2.186349298250884861e-12
2.369182311342738306e-12
3.774359597721995338e-12
1.691581117358430367e-12
4.604888986074689451e-12
1.613643396492008127e-12
3.367115008237834606e-12
2.606133882456172658e-12
3.214922566365086697e-12
4.680185400239097852e-12
nan
1.910219706917031847e-12
7.134953394334305911e-12
9.011666130943469906e-12
5.305410912084806860e-12
1.413007764748513765e-12
4.468278416644542731e-12
2.900198411145299890e-12
2.496648482398811700e-12
5.331847179377763050e-12
4.465426492295831915e-12
1.789522519821639416e-12
8.222918931762704813e-12
1.633864943366417300e-12
1.097118081458258448e-12
9.544310942057798584e-12
6.884976221079670235e-12
7.136230967799504581e-12
3.765733282538699761e-12
4.573262048015161758e-12
2.193536527916034181e-12
3.219709407125045290e-12
4.659894641101661618e-12
4.298985909847197550e-12
6.304365065353954970e-12
4.689293972584051785e-12
1.616637898663635058e-12
4.770747439291495268e-12
1.394366569377364678e-12
nan
5.561961874935070899e-12
5.403892535316146005e-12
3.736216862633143579e-12
4.939133788512938341e-12
1.399061063359479941e-12
nan
9.973065489695132422e-13
2.889846344540547134e-12
5.009612288803801642e-12
5.165744233888607177e-12
4.833821492057814194e-12
5.816026357007651321e-12
4.464635020266938172e-12
3.158651896549858707e-12
1.664028881727096097e-12
4.453024871437853654e-12
4.104176278706808226e-12
4.075997729707476282e-12
5.080078889880395645e-12
1.443740493201183786e-12
5.652265519600154004e-12
6.307081458277883005e-12
5.328137995399607973e-12
3.591946241853262647e-12
4.322759386872100142e-12
1.444895006949826078e-12
1.720158365307757028e-12
4.323011296235846887e-12
4.818806348474266224e-12
7.385985506401498195e-12
5.127291940924927961e-12
4.915854106890246728e-12
6.624326199358270549e-13
5.007695708934192912e-12
5.692899468330974457e-12
1.134430453968514807e-12
7.023458200839344989e-12
3.032908681261822154e-12
4.799475602560312158e-12
2.174615930575815642e-12
9.390225543423024266e-13
2.115762161659529063e-12
4.255327753770440408e-12
2.471981097964015650e-12
2.788544022163828357e-12
9.296737125653777003e-12
6.703796038977719698e-12
2.898404087830090488e-12
4.488846057169976452e-12
2.382264966986992792e-12
nan
2.256537916098504662e-12
3.301681709623988635e-12
nan
1.793280905240421343e-12
nan
6.950026497439787169e-12
6.786546361318325963e-12
4.906846920182882684e-12
3.687427788921951852e-12
6.613922900803822264e-13
2.755043568254979843e-12
nan
7.596228889012093833e-12
2.006086022078050034e-12
1.137063986004745111e-12
3.335430103112574938e-12
3.027010077722072153e-12
5.032324130548904523e-12
4.121311991119043086e-12
2.730456701205838061e-12
9.158043452912437096e-12
4.685441974213377294e-12
4.645264292263511803e-12
1.826517308282926043e-12
5.002109488366980284e-12
nan
2.942870238712644452e-12
3.538152555890350398e-12
2.781982218230960695e-14
3.839496913634307546e-12
6.777241011634312360e-12
5.321910362549586909e-12
2.704079952902953904e-12
nan
2.303573899501338002e-12
5.108960172811447891e-12
9.172185791801933225e-12
4.775151242992165653e-12
5.103492303938137640e-12
6.330569596786041354e-12
5.100957769173155623e-12
5.495203635226354672e-12
4.944028600903937447e-12
6.154551174229812187e-12
3.487388245901405636e-12
6.191005975506357310e-12
8.017363352359128795e-12
2.881972356945462636e-12
3.566957578066704462e-12
4.852257261299106013e-12
2.230353822943887360e-12
1.850806766111646669e-12
1.730588531411865231e-12
3.561332022625564410e-12
6.468767955925329129e-12
4.445227259617375396e-12
3.017773107089179528e-12
2.684819083572142699e-12
8.124789174475214976e-12
1.723762558777093498e-12
4.392176481696782301e-12
5.051072780863957064e-12
4.749604928628348081e-12
3.346923883207138874e-12
nan
nan
9.550756814425102697e-13
2.466402133314778004e-12
4.828763708388154077e-12
4.426995193741677576e-12
6.446083579096983950e-12
5.153672889381968212e-12
4.938624551054204951e-12
5.324426668767561894e-12
6.344180984679286948e-12
4.822486838563893788e-12
2.690790727731391280e-12
5.217447887554210764e-12
1.880498852967152249e-12
6.346104366916058679e-12
3.132614277913973890e-12
2.321543974105621963e-12
5.034922943311491282e-12
3.531249656050772587e-12
2.205506322646556712e-12
1.047668743113333663e-12
3.269943334133915732e-12
3.512949366743719600e-12
5.050087455082091948e-12
3.223746830678952410e-12
4.440997205441544004e-12
2.845068560449984001e-12
4.803708448009153021e-12
5.156209479007250626e-12
1.657230274044804862e-12
3.603887855260911383e-12
5.043813774676226494e-12
4.393031682114666146e-12
5.167278672799421097e-12
4.185827974850710247e-12
3.964144094822756976e-12
6.811333638253173390e-14
2.603254901620374766e-12
2.752429320291500374e-12
6.749620006221000488e-12
4.475390213289013678e-12
6.559687200335027425e-12
9.736430387886732448e-14
2.602806732545798447e-12
1.171578487264929484e-11
4.950121387967550824e-12
7.916530864358048480e-12
6.626397309657770035e-12
1.664314144747215678e-12
2.053556051465522240e-12
2.659974061529079335e-12
4.577833320835280511e-12
7.866174901106145452e-12
1.578066228424492397e-12
4.829766957541347265e-12
1.889107861050746642e-12
1.635294128246221796e-12
7.029577737737300799e-13
1.806089867757075452e-12
4.960564844811505156e-12
5.129981557084267999e-12
3.776454484485078022e-12
7.214454686782169696e-12
2.799201075367696567e-12
1.875711518799014248e-12
2.460312875285726367e-12
6.298978748165238650e-12
3.085874048614606136e-12
6.392281224703734643e-12
6.817881108034344154e-12
1.974639203463070089e-12
1.781674472633630722e-12
5.452727000340380193e-12
4.300382348287204646e-12
1.213102586679194121e-12
3.786673434506774277e-12
4.495822541149882727e-12
4.127035437316784688e-12
1.733107701973263139e-12
5.651550209310547268e-12
3.654544807352044131e-12
2.461668081594260872e-12
3.369809857122984401e-12
3.772251525530953299e-12
8.068214030634888336e-12
4.404235666454169041e-12
4.372013255816257394e-12
1.604799762039460380e-12
3.909263106143878767e-12
1.124352314232124152e-12
4.806472165771446263e-12
5.523852469492782488e-12
1.166745160946490273e-12
4.159684196473772976e-12
3.701246414963627556e-12
3.355521362562216465e-12
2.473359936568226114e-12
nan
7.678457095324514181e-12
4.461500777172673451e-12
5.578999086052507675e-12
4.072049044222581708e-12
7.021840379210068721e-12
4.441822829067617208e-12
2.701377685284570228e-12
7.757377882938971140e-12
2.928748275074954589e-12
2.567797892834333902e-12
nan
2.373851406130295325e-12
7.916742952492000075e-12
5.742078332109423845e-12
3.262936210731521034e-12
nan
4.427147274766142768e-12
3.532289697253582970e-12
1.114207872421320118e-12
4.866585515913832146e-12
2.960991468806109470e-12
4.269073352570758617e-12
1.989093978903472007e-12
3.468713681212350735e-12
3.141610280717701138e-12
6.492031083116996901e-12
4.719597097776744648e-12
nan
2.330844104472581865e-12
8.008417905315686697e-12
1.762595606859952876e-12
5.482205706142791322e-12
2.644022424887093141e-12
nan
nan
2.481356522327932228e-12
5.930513398662077248e-12
1.586659555151236133e-12
4.548051201439863840e-12
5.355921231225391949e-12
1.515406114256536892e-12
2.740260098685300153e-12
2.695229998648275825e-12
6.761823896444707236e-12
4.492660022916294452e-12
5.323452550556693520e-12
1.297609037520321472e-12
1.573998282939674792e-14
5.878114142520347199e-12
1.947238022942780977e-12
1.279456406620301485e-12
9.441625985071114321e-13
5.380560630304930406e-12
5.514341267998673862e-12
1.132817166593131596e-12
2.905114785482060851e-12
2.109185813364076007e-12
1.131449844681013288e-12
3.150298411984729798e-12
6.635885167549836609e-12
5.039401367623483299e-12
4.621304059763832372e-12
5.526052762925448559e-12
3.244979488456113230e-12
4.665543469352336638e-12
nan
2.592378281619043241e-12
3.915413804045721743e-12
2.069563264844188844e-12
3.249968446711246659e-12
nan
5.139981666887555625e-12
1.710667106139652537e-12
nan
4.982962852799863024e-12
5.429764357963106770e-12
1.843280232924381308e-12
1.952069587729538526e-12
2.971261247457134431e-12
2.479272031907168297e-12
2.718831710035880873e-12
3.559502276169806284e-12
4.934350446918488201e-12
5.815993569644605506e-12
3.021220996755809044e-12
8.122123112309288732e-12
4.912701736654466370e-12
4.982224946289411740e-12
6.104450630458715780e-12
3.234597694332329549e-12
nan
4.438660411616446531e-12
7.084067629079696349e-12
4.350079252535693441e-12
2.123966573969460919e-12
4.371060982075431050e-12
4.772058418239421414e-12
5.104093624028142738e-12
5.713678981359803745e-12
8.222471603721552134e-12
1.350805934852379899e-11
5.586561358985501384e-12
nan
1.556125117788370513e-11
7.384697909523272864e-12
5.081093983876480791e-12
2.489119790135392260e-12
5.358562307492134533e-12
1.129950373013160900e-12
5.318453125332123122e-12
4.514647492893064635e-12
5.571306365089092217e-12
2.249188063688768929e-12
2.898902576755020350e-12
1.123987838139464719e-11
7.474885732638768827e-12
6.231756391549561673e-12
4.995520983220019147e-12
5.437396465085797505e-12
2.605100778941621359e-12
4.779555953679902753e-12
3.749371297905756959e-12
4.598491986987129909e-12
2.227570108846365482e-12
4.344118151976052507e-12
3.535471703343358873e-12
3.443049105221222027e-12
6.260517059032393578e-14
7.682645261724234919e-12
4.826362369986416911e-12
1.001460813614795230e-12
3.969653065550143594e-12
2.077245339277669695e-12
7.239375285353684316e-12
3.745634654192495791e-12
3.282070011022321379e-12
2.829537225833218154e-12
2.548075257476078438e-12
