1.800000000000000000e+01
1.132000000000005002e+01
2.692000000000007276e+01
2.869000000000005457e+01
7.619999999999890861e+00
9.349999999999909051e+00
1.494000000000005457e+01
2.376000000000021828e+01
4.619999999999890861e+00
3.018000000000029104e+01
7.039999999999963620e+00
1.114999999999963620e+01
1.459999999999126885e+00
1.988999999999941792e+01
1.340999999999985448e+01
5.430000000000291038e+00
4.400000000005093170e-01
1.549999999999272404e+00
1.895000000000072760e+01
2.700000000004365575e-01
8.229999999999563443e+00
2.610000000000582077e+00
7.000000000007275958e-01
7.500000000000000000e+00
4.379999999999199645e+00
9.659999999999854481e+00
1.179999999999927240e+01
6.290000000000873115e+00
1.192000000000007276e+01
1.421999999999934516e+01
1.654999999999927240e+01
4.470000000001164153e+00
1.209999999999126885e+00
1.231000000000130967e+01
1.847000000000116415e+01
2.200000000011641532e-01
1.488999999999941792e+01
2.099999999998544808e+00
7.639999999999417923e+00
5.800000000017462298e-01
6.290000000000873115e+00
2.811999999999898137e+01
4.950000000000727596e+00
1.627999999999883585e+01
1.336000000000058208e+01
3.549999999999272404e+00
7.799999999988358468e-01
1.490000000001600711e+00
1.860000000000582077e+00
8.110000000000582077e+00
4.889999999999417923e+00
4.720000000001164153e+00
1.889999999999417923e+00
1.922000000000116415e+01
6.160000000003492460e+00
7.600000000020372681e-01
1.930000000000291038e+00
5.739999999997962732e+00
7.919999999998253770e+00
1.143000000000029104e+01
1.599999999998544808e+00
1.790000000000145519e+01
5.400000000008731149e-01
7.819999999999708962e+00
3.402999999999883585e+01
9.970000000001164153e+00
1.150000000001455192e+00
2.580999999999767169e+01
1.408999999999650754e+01
1.747000000000116415e+01
1.362999999999738066e+01
3.499999999985448085e-01
3.758000000000174623e+01
5.822000000000116415e+01
2.679000000000087311e+01
1.916999999999825377e+01
3.269999999996798579e+00
4.040000000000873115e+00
5.599999999976716936e-01
9.400000000001455192e+00
1.800000000002910383e+00
1.191000000000349246e+01
1.530999999999767169e+01
9.599999999998544808e+00
1.866000000000349246e+01
1.809999999997671694e+00
9.260000000002037268e+00
1.440000000000145519e+01
3.419999999998253770e+00
1.062999999999738066e+01
3.370000000002619345e+00
1.051000000000203727e+01
7.300000000032014214e-01
2.673000000000320142e+01
6.970000000001164153e+00
1.830000000000291038e+01
5.120000000002619345e+00
1.173999999999796273e+01
3.120999999999912689e+01
2.440000000002328306e+00
4.400000000001455192e+00
3.197000000000116415e+01
6.279999999998835847e+00
6.540000000000873115e+00
2.076999999999679858e+01
3.201999999999679858e+01
3.930000000000291038e+00
1.266000000000349246e+01
1.480000000003201421e+00
5.220000000001164153e+00
1.163999999999941792e+01
1.629999999997380655e+00
4.370999999999912689e+01
2.819999999999708962e+00
4.430000000000291038e+00
3.539999999993597157e+00
1.929999999993015081e+00
1.161000000000058208e+01
5.399999999935971573e-01
2.869999999995343387e+00
1.616000000000349246e+01
1.549000000000523869e+01
2.019000000000232831e+01
2.169999999998253770e+00
1.069999999999708962e+01
7.190000000002328306e+00
3.699999999997089617e+00
1.502000000000407454e+01
1.583000000000174623e+01
2.750000000000000000e+00
2.699000000000523869e+01
2.440000000002328306e+00
1.369999999995343387e+00
1.650999999999476131e+01
5.514999999999417923e+01
1.628999999999359716e+01
6.229999999995925464e+00
8.070000000006984919e+00
3.770000000004074536e+00
7.020000000004074536e+00
3.021000000000640284e+01
1.183000000000174623e+01
1.744999999999708962e+01
2.080999999999767169e+01
1.570000000006984919e+00
3.221000000000640284e+01
1.979999999995925464e+00
3.999999999941792339e-01
2.000999999999476131e+01
2.019000000000232831e+01
6.559999999997671694e+00
1.460000000000582077e+01
2.479999999995925464e+00
1.600000000034924597e-01
1.179999999993015081e+00
7.490000000005238689e+00
9.339999999996507540e+00
3.421000000000640284e+01
1.062299999999959255e+02
1.769999999999708962e+01
6.160000000003492460e+00
6.729999999995925464e+00
3.000000000000000000e+00
1.217999999999301508e+01
1.111000000000058208e+01
4.559999999997671694e+00
1.469000000000232831e+01
2.070000000006984919e+00
6.499000000000523869e+01
1.707000000000698492e+01
1.644999999999708962e+01
1.030000000000291038e+01
1.116000000000349246e+01
2.179999999993015081e+00
3.039999999993597157e+00
2.008000000000174623e+01
2.266000000000349246e+01
2.858000000000174623e+01
1.600000000000000000e+01
1.214999999999417923e+01
1.380000000004656613e+00
1.119000000000232831e+01
7.080000000001746230e+00
9.499999999970896170e-01
2.980000000000291038e+01
5.770000000004074536e+00
7.679999999993015081e+00
2.350000000005820766e+00
1.750000000000000000e+00
2.990000000005238689e+00
7.710000000006402843e+00
5.229999999995925464e+00
5.500000000000000000e+00
5.839999999999417923e+01
3.666999999999825377e+01
5.779999999998835847e+00
1.322999999999592546e+01
4.479999999995925464e+00
4.799999999959254637e-01
2.630000000004656613e+00
5.320000000006984919e+00
5.000000000291038305e-02
2.610000000000582077e+00
8.099999999976716936e-01
6.729999999995925464e+00
1.328999999999359716e+01
1.138999999999941792e+01
8.330000000001746230e+00
1.309999999997671694e+00
5.559999999997671694e+00
7.000000000698491931e-02
1.697999999999592546e+01
3.919999999998253770e+00
1.080000000001746230e+00
8.570000000006984919e+00
7.429999999993015081e+00
1.902000000000407454e+01
1.464999999999417923e+01
6.839999999996507540e+00
9.539999999993597157e+00
9.140000000013969839e+00
1.430999999999767169e+01
1.720000000001164153e+00
9.049999999988358468e+00
1.799999999930150807e-01
3.209999999991850927e+00
8.450000000011641532e+00
1.089999999996507540e+00
1.158999999999650754e+01
1.535000000000582077e+01
2.542999999999301508e+01
4.950000000011641532e+00
2.600000000093132257e-01
4.730000000010477379e+00
6.261999999999534339e+01
1.036999999999534339e+01
1.444000000000232831e+01
1.389999999999417923e+01
1.607000000000698492e+01
1.461999999999534339e+01
8.920000000012805685e+00
6.716000000000349246e+01
1.410000000000582077e+01
9.329999999987194315e+00
2.225000000000000000e+01
1.810999999998603016e+01
4.410000000003492460e+00
7.899999999994179234e+00
1.939000000001396984e+01
3.200000000011641532e+00
3.890000000013969839e+00
3.369999999995343387e+00
3.279999999998835847e+00
2.376999999998952262e+01
1.833999999999650754e+01
8.279999999998835847e+00
6.250000000000000000e+00
8.190000000002328306e+00
1.690000000002328306e+00
1.942999999999301508e+01
5.630000000004656613e+00
1.319000000000232831e+01
4.910000000003492460e+00
6.300000000046566129e-01
8.399999999965075403e-01
1.279999999998835847e+00
2.399999999994179234e+00
1.098999999999068677e+01
2.029000000000814907e+01
1.717000000001280569e+01
8.910000000003492460e+00
2.911999999999534339e+01
3.023999999999068677e+01
1.807000000000698492e+01
2.551000000000931323e+01
6.250000000000000000e+00
2.616000000000349246e+01
1.850000000005820766e+00
3.657999999998719431e+01
3.420000000012805685e+00
3.940000000002328306e+00
1.014999999999417923e+01
4.739999999990686774e+00
1.880000000004656613e+00
1.989999999990686774e+00
8.730000000010477379e+00
5.100000000005820766e+00
2.763000000000465661e+01
4.980000000010477379e+00
4.442000000001280569e+01
5.220000000001164153e+00
7.750000000000000000e+00
1.226000000000931323e+01
2.059999999997671694e+00
5.399999999994179234e+00
9.029999999998835847e+00
1.455999999999767169e+01
2.995999999999185093e+01
1.382999999998719431e+01
1.092000000001280569e+01
1.089999999996507540e+00
6.130000000004656613e+00
6.399999999994179234e+00
2.430999999999767169e+01
2.339000000001396984e+01
1.691000000000349246e+01
1.119999999995343387e+00
4.720000000001164153e+00
1.826000000000931323e+01
8.899999999994179234e+00
2.401000000000931323e+01
1.011999999999534339e+01
1.600000000005820766e+00
2.459999999991850927e+00
3.730000000010477379e+00
2.248999999999068677e+01
2.938000000000465661e+01
2.299999999988358468e+00
1.454000000000814907e+01
2.640000000013969839e+00
1.119999999995343387e+00
1.230000000010477379e+00
2.549999999988358468e+00
1.197000000000116415e+01
1.201000000000931323e+01
6.820000000006984919e+00
1.473000000001047738e+01
8.059999999997671694e+00
3.230000000010477379e+00
2.500000000000000000e+00
1.520000000001164153e+01
8.790000000008149073e+00
3.341000000000349246e+01
3.070999999999185093e+01
3.309999999997671694e+00
3.540000000008149073e+00
1.425000000000000000e+01
1.335000000000582077e+01
1.820000000006984919e+00
1.189999999999417923e+01
1.014999999999417923e+01
1.447000000000116415e+01
2.809999999997671694e+00
4.548999999999068677e+01
4.299999999988358468e+00
5.709999999991850927e+00
7.790000000008149073e+00
1.142999999999301508e+01
2.857000000000698492e+01
9.579999999987194315e+00
1.248999999999068677e+01
1.829999999987194315e+00
9.269999999989522621e+00
1.329999999987194315e+00
1.585000000000582077e+01
2.129000000000814907e+01
2.160000000003492460e+00
1.060999999998603016e+01
3.910000000003492460e+00
7.519999999989522621e+00
4.589999999996507540e+00
8.299999999871943146e-01
1.389000000001396984e+01
6.100000000005820766e+00
1.420999999999185093e+01
1.319000000000232831e+01
4.070000000001164153e+01
1.079000000000814907e+01
5.420000000012805685e+00
2.876000000000931323e+01
2.190000000002328306e+00
6.799999999988358468e+00
7.999999999883584678e-01
4.730000000010477379e+00
2.026999999998952262e+01
3.370000000001164153e+01
6.480000000010477379e+00
3.999999999941792339e-01
2.442999999999301508e+01
7.450000000011641532e+00
1.760000000009313226e+00
2.019000000000232831e+01
6.660000000003492460e+00
1.535000000000582077e+01
1.730000000010477379e+00
7.899999999994179234e+00
4.739999999990686774e+00
3.983999999999650754e+01
6.417000000001280569e+01
8.999999999650754035e-02
3.019999999989522621e+00
1.448999999999068677e+01
2.609999999986030161e+00
3.998999999999068677e+01
4.790000000008149073e+00
2.000000000116415322e-01
1.799999999930150807e-01
2.450000000011641532e+00
8.805999999999767169e+01
2.839999999996507540e+00
1.623999999999068677e+01
1.100000000000000000e+01
2.399999999994179234e+00
7.089999999996507540e+00
6.820000000006984919e+00
1.451999999998952262e+01
5.880000000004656613e+00
2.639000000001396984e+01
1.850000000005820766e+00
9.899999999906867743e-01
6.561999999999534339e+01
2.829999999987194315e+00
2.510000000009313226e+00
1.730000000010477379e+00
4.369000000000232831e+01
1.910999999998603016e+01
1.200000000011641532e+00
6.910000000003492460e+00
4.350000000005820766e+00
2.190000000002328306e+00
7.579999999987194315e+00
2.664999999999417923e+01
2.054000000000814907e+01
8.899999999994179234e+00
2.623999999999068677e+01
8.540000000008149073e+00
7.173999999999068677e+01
6.799999999930150807e-01
3.700000000011641532e+00
1.145999999999185093e+01
4.390000000013969839e+00
4.720000000001164153e+00
3.099999999976716936e-01
9.700000000011641532e+00
1.750000000000000000e+00
6.600000000034924597e-01
9.890000000013969839e+00
1.188000000000465661e+01
3.869999999995343387e+00
3.640000000013969839e+00
6.890000000013969839e+00
6.070000000006984919e+00
7.390000000013969839e+00
6.579999999987194315e+00
2.279999999998835847e+01
1.570000000001164153e+01
2.980000000010477379e+00
3.038000000000465661e+01
4.940000000002328306e+00
2.009000000002561137e+01
1.096999999997206032e+01
6.909999999974388629e+00
3.200000000069849193e-01
3.565999999997438863e+01
1.661999999999534339e+01
2.396000000002095476e+01
1.669999999983701855e+00
2.757000000000698492e+01
1.853000000002793968e+01
2.429999999998835847e+01
2.196000000002095476e+01
3.630999999999767169e+01
1.944000000000232831e+01
3.578000000002793968e+01
5.900000000256113708e-01
5.672999999998137355e+01
1.836999999999534339e+01
1.067999999999301508e+01
6.619999999995343387e+00
1.555999999999767169e+01
2.210000000020954758e+00
1.303999999997904524e+01
8.590000000025611371e+00
2.134000000002561137e+01
4.700000000011641532e+00
5.669999999983701855e+00
2.289000000001396984e+01
9.650000000023283064e+00
1.146000000002095476e+01
2.953000000002793968e+01
1.703999999997904524e+01
4.090000000025611371e+00
1.403000000002793968e+01
2.549999999988358468e+00
8.960000000020954758e+00
4.200000000011641532e+00
6.450000000011641532e+00
3.979999999981373549e+00
7.729999999981373549e+00
8.300000000162981451e-01
1.590999999997438863e+01
3.515000000002328306e+01
1.289999999979045242e+00
8.700000000011641532e+00
3.520000000018626451e+00
5.215999999997438863e+01
6.890000000013969839e+00
5.109999999986030161e+00
5.219999999972060323e+00
5.530000000027939677e+00
2.500000000000000000e-01
2.049999999988358468e+00
8.280000000027939677e+00
9.640000000013969839e+00
7.090000000025611371e+00
1.699999999837018549e-01
3.833000000001629815e+01
9.489999999990686774e+00
3.053999999997904524e+01
1.276000000000931323e+01
8.469999999972060323e+00
4.380000000004656613e+00
1.479999999998835847e+01
4.690000000002328306e+00
2.199999999720603228e-01
7.299999999988358468e+00
8.500000000000000000e+00
6.030000000027939677e+00
1.086999999999534339e+01
1.119999999995343387e+00
3.570000000006984919e+00
1.621999999997206032e+01
7.380000000004656613e+00
1.303999999997904524e+01
2.002000000001862645e+01
2.239999999990686774e+00
2.000000001862645149e-02
2.434999999997671694e+01
2.351000000000931323e+01
1.396999999997206032e+01
1.729999999981373549e+00
6.460000000020954758e+00
4.859999999986030161e+00
6.859999999986030161e+00
1.333000000001629815e+01
5.100000000093132257e-01
1.552000000001862645e+01
9.969999999972060323e+00
1.321999999997206032e+01
3.059999999997671694e+00
1.770000000018626451e+00
5.041999999998370185e+01
1.005999999999767169e+01
3.570000000006984919e+00
3.669999999983701855e+00
7.229999999981373549e+00
1.264000000001396984e+01
1.719999999972060323e+00
4.078000000002793968e+01
6.482000000000698492e+01
1.376000000000931323e+01
6.080000000016298145e+00
2.161999999999534339e+01
2.150000000023283064e+00
2.347999999998137355e+01
3.400000000256113708e-01
1.103999999997904524e+01
1.011999999999534339e+01
6.604999999998835847e+01
4.070000000006984919e+00
1.289999999979045242e+00
2.039999999979045242e+00
3.840000000025611371e+00
4.780000000027939677e+00
4.909999999974388629e+00
2.419000000000232831e+01
1.929999999998835847e+01
1.953999999997904524e+01
1.938000000000465661e+01
1.190000000002328306e+01
6.229999999981373549e+00
2.342999999999301508e+01
2.799999999988358468e+00
1.471999999997206032e+01
1.146999999997206032e+01
1.298999999999068677e+01
2.303999999997904524e+01
2.899999999790452421e-01
1.213000000000465661e+01
5.650000000023283064e+00
1.246000000002095476e+01
1.282000000000698492e+01
1.609999999997671694e+01
6.239999999990686774e+00
1.349999999976716936e+00
7.750000000000000000e+00
8.669999999983701855e+00
9.199999999837018549e-01
2.432000000000698492e+01
7.929999999993015081e+00
1.590000000002328306e+01
1.065999999997438863e+01
4.059999999997671694e+00
1.597999999998137355e+01
3.299999999988358468e+00
5.330000000016298145e+00
1.034000000002561137e+01
1.088000000000465661e+01
4.899999999906867743e-01
1.699999999837018549e-01
9.630000000004656613e+00
1.138000000000465661e+01
2.340000000002328306e+01
8.359999999986030161e+00
7.030000000027939677e+00
8.710000000020954758e+00
9.619999999995343387e+00
3.820000000006984919e+00
7.199999999720603228e-01
5.390000000002328306e+01
2.700000000186264515e-01
2.049999999988358468e+00
1.091999999998370185e+01
9.979999999981373549e+00
4.719999999972060323e+00
9.039999999979045242e+00
5.130000000004656613e+00
1.254999999998835847e+01
1.457000000000698492e+01
7.150000000023283064e+00
9.830000000016298145e+00
1.303000000002793968e+01
1.492999999999301508e+01
9.859999999986030161e+00
1.803000000002793968e+01
2.059999999997671694e+00
2.609999999997671694e+01
5.659999999974388629e+00
1.134000000002561137e+01
6.710000000020954758e+00
1.328000000002793968e+01
7.140000000013969839e+00
4.049999999988358468e+00
2.578000000002793968e+01
1.710000000020954758e+00
7.150000000023283064e+00
1.207000000000698492e+01
3.359999999986030161e+00
1.849999999976716936e+00
7.500000000000000000e-01
3.049999999988358468e+00
1.165000000002328306e+01
1.139000000001396984e+01
8.200000000069849193e-01
3.699999999953433871e-01
1.265000000002328306e+01
1.640000000002328306e+01
3.619999999995343387e+00
6.169999999983701855e+00
2.675000000000000000e+01
4.799999999988358468e+00
6.489999999990686774e+00
7.100000000209547579e-01
2.638000000000465661e+01
2.377000000001862645e+01
1.490000000002328306e+01
1.083000000001629815e+01
6.440000000002328306e+00
5.530000000027939677e+00
2.011999999999534339e+01
2.250000000000000000e+01
7.700000000186264515e-01
5.200000000011641532e+00
4.190000000002328306e+00
2.200000000011641532e+00
1.739999999990686774e+00
6.179999999993015081e+00
1.400000000000000000e+01
4.020000000018626451e+00
1.159999999974388629e+00
2.230999999999767169e+01
1.128000000002793968e+01
6.679999999993015081e+00
1.388000000000465661e+01
1.215999999997438863e+01
2.800000000279396772e-01
2.498999999999068677e+01
1.972999999998137355e+01
1.105999999999767169e+01
4.899999999906867743e-01
3.699999999953433871e-01
1.566999999998370185e+01
2.471999999997206032e+01
1.808000000001629815e+01
2.991999999998370185e+01
2.869999999995343387e+00
1.739000000001396984e+01
2.259000000002561137e+01
5.369999999995343387e+00
1.500000000232830644e-01
4.910999999998603016e+01
1.167999999999301508e+01
1.211999999999534339e+01
4.159999999974388629e+00
4.080000000016298145e+00
8.010000000009313226e+00
7.820000000006984919e+00
2.289000000001396984e+01
1.390000000013969839e+00
6.520000000018626451e+00
9.359999999986030161e+00
1.534999999997671694e+01
1.042999999999301508e+01
6.130000000004656613e+00
2.530000000027939677e+00
5.640000000013969839e+00
3.499999999767169356e-01
5.409999999974388629e+00
2.919999999983701855e+00
9.450000000011641532e+00
4.444000000000232831e+01
4.830000000016298145e+00
8.929999999993015081e+00
1.361999999999534339e+01
4.600000000209547579e-01
1.015000000002328306e+01
4.028000000002793968e+01
3.599999999860301614e-01
1.479999999981373549e+00
3.222999999998137355e+01
5.000000000000000000e-01
1.277000000001862645e+01
6.580000000016298145e+00
7.690000000002328306e+00
8.750000000000000000e+00
4.690000000002328306e+00
2.619999999995343387e+00
4.099999999743886292e-01
5.590000000025611371e+00
2.729999999981373549e+00
1.440000000002328306e+00
6.809999999997671694e+00
3.309999999997671694e+00
4.469999999972060323e+00
5.830000000016298145e+00
3.280000000027939677e+00
1.320000000006984919e+00
6.780000000027939677e+00
2.719999999972060323e+00
1.359999999997671694e+01
1.790999999997438863e+01
8.130000000004656613e+00
1.402000000001862645e+01
1.490999999997438863e+01
3.067999999999301508e+01
1.090999999997438863e+01
4.619999999995343387e+00
6.049999999988358468e+00
1.283000000001629815e+01
4.030000000027939677e+00
5.080000000016298145e+00
1.020800000000162981e+02
9.000000000232830644e-01
9.799999999813735485e-01
4.770000000018626451e+00
3.099999999976716936e-01
2.299999999813735485e-01
1.402000000001862645e+01
7.609999999986030161e+00
9.789999999979045242e+00
4.309999999997671694e+00
1.232000000000698492e+01
2.035999999998603016e+01
2.897999999998137355e+01
8.699999999953433871e-01
2.503000000002793968e+01
2.359000000002561137e+01
7.549999999988358468e+00
3.020000000018626451e+00
7.010000000009313226e+00
1.332000000000698492e+01
3.530000000027939677e+00
3.577000000001862645e+01
8.219999999972060323e+00
4.750000000000000000e+00
2.692999999999301508e+01
8.070000000006984919e+00
2.323999999999068677e+01
1.334000000002561137e+01
4.289999999979045242e+00
5.789999999979045242e+00
1.069000000000232831e+01
1.799999999930150807e-01
2.270000000018626451e+00
1.447999999998137355e+01
1.270000000018626451e+00
4.719999999972060323e+00
2.984999999997671694e+01
2.036999999999534339e+01
1.729999999981373549e+00
8.200000000069849193e-01
2.070000000006984919e+00
8.039999999979045242e+00
4.460000000020954758e+00
7.700000000011641532e+00
4.890000000013969839e+00
4.229999999981373549e+00
1.159999999974388629e+00
1.361999999999534339e+01
1.280000000027939677e+00
9.500000000116415322e-01
2.650000000000000000e+01
1.995000000001164153e+01
3.599999999976716936e+00
2.517999999999301508e+01
1.659999999974388629e+00
4.115000000002328306e+01
9.549999999988358468e+00
2.758000000001629815e+01
4.820000000006984919e+00
1.080000000016298145e+00
2.210000000020954758e+00
1.648999999999068677e+01
1.567999999999301508e+01
6.299999999988358468e+00
4.059000000002561137e+01
2.100000000209547579e-01
2.497999999998137355e+01
1.367999999999301508e+01
4.345000000001164153e+01
1.270000000001164153e+01
1.913000000000465661e+01
1.498999999999068677e+01
1.602000000001862645e+01
2.316999999998370185e+01
3.119999999995343387e+00
2.497999999998137355e+01
4.450000000011641532e+00
2.880000000004656613e+00
7.020000000018626451e+00
3.021999999997206032e+01
6.900000000023283064e+00
2.700000000011641532e+00
3.872999999998137355e+01
8.400000000256113708e-01
2.383000000001629815e+01
1.186999999999534339e+01
3.500000000000000000e+00
4.250000000000000000e+00
3.000000002793967724e-02
5.659999999974388629e+00
2.677000000001862645e+01
3.664000000001396984e+01
6.289999999979045242e+00
4.890000000013969839e+00
5.020000000018626451e+00
7.653000000002793968e+01
1.299999999988358468e+00
1.099999999860301614e-01
3.284000000002561137e+01
1.130000000004656613e+00
1.627000000001862645e+01
1.179999999993015081e+00
5.250000000000000000e+00
1.271999999997206032e+01
1.421000000002095476e+01
1.305999999999767169e+01
1.228000000002793968e+01
9.130000000004656613e+00
1.209999999997671694e+01
3.190999999997438863e+01
1.200000000011641532e+00
1.200000000011641532e+00
4.330000000016298145e+00
6.750000000000000000e+00
2.320000000006984919e+00
1.690000000002328306e+00
1.630000000004656613e+00
3.099999999976716936e+00
1.392999999999301508e+01
1.697999999998137355e+01
3.390000000002328306e+01
2.219999999972060323e+00
4.030000000027939677e+00
1.049999999988358468e+00
1.682000000000698492e+01
1.003999999997904524e+01
2.729999999981373549e+00
7.530000000027939677e+00
1.119999999995343387e+00
2.969999999972060323e+00
8.239999999990686774e+00
1.580000000016298145e+00
2.621999999997206032e+01
3.297999999998137355e+01
1.820000000006984919e+00
1.117999999999301508e+01
6.260000000009313226e+00
2.045000000001164153e+01
9.690000000002328306e+00
8.849999999976716936e+00
9.140000000013969839e+00
4.955999999999767169e+01
1.264000000001396984e+01
2.678000000002793968e+01
9.320000000006984919e+00
2.052000000001862645e+01
2.000000001862645149e-02
7.500000000000000000e-01
8.159999999974388629e+00
1.365999999997438863e+01
2.429999999993015081e+00
2.950000000011641532e+00
1.423999999999068677e+01
1.021999999997206032e+01
3.920000000001164153e+01
2.820000000001164153e+01
2.570000000006984919e+00
1.809999999997671694e+01
2.199999999720603228e-01
5.010000000009313226e+00
3.135999999998603016e+01
2.623999999999068677e+01
4.530000000027939677e+00
2.630000000004656613e+00
1.104999999998835847e+01
8.340000000025611371e+00
7.900000000023283064e+00
2.152000000001862645e+01
3.146000000002095476e+01
2.715999999997438863e+01
1.434000000002561137e+01
8.090000000025611371e+00
7.729999999981373549e+00
4.599999999627470970e-01
2.200000000000000000e+01
2.700000000186264515e-01
2.329999999958090484e+00
7.299999999813735485e-01
1.372999999998137355e+01
3.380000000004656613e+00
1.007999999995809048e+01
1.810000000055879354e+00
2.560000000055879354e+00
8.670000000041909516e+00
1.125000000000000000e+01
1.023999999999068677e+01
1.853000000002793968e+01
1.155000000004656613e+01
5.949999999953433871e+00
6.999999999534338713e-01
1.123999999999068677e+01
4.410000000032596290e+00
8.010000000009313226e+00
1.814000000001396984e+01
1.439999999944120646e+00
2.756999999994877726e+01
4.959999999962747097e+00
5.540000000037252903e+00
3.040000000037252903e+00
2.414000000001396984e+01
1.910000000032596290e+00
7.742000000004190952e+01
7.339999999967403710e+00
4.290000000037252903e+00
1.113000000000465661e+01
4.260000000009313226e+00
1.945999999996274710e+01
1.008999999996740371e+01
2.493000000005122274e+01
1.429000000003725290e+01
1.481000000005587935e+01
1.051000000000931323e+01
1.198999999999068677e+01
5.760000000009313226e+00
2.079999999958090484e+00
1.050000000046566129e+00
1.402000000001862645e+01
1.207999999995809048e+01
5.699999999487772584e-01
9.979999999981373549e+00
3.219999999972060323e+00
9.219999999972060323e+00
6.329999999958090484e+00
2.533999999996740371e+01
1.989999999990686774e+00
6.300000000046566129e-01
2.689999999944120646e+00
8.199999999487772584e-01
1.781000000005587935e+01
1.805000000004656613e+01
1.393000000005122274e+01
4.609999999986030161e+00
1.581999999994877726e+01
3.650000000023283064e+00
1.099999999860301614e-01
4.140000000013969839e+00
1.941000000003259629e+01
4.290000000002328306e+01
8.030000000027939677e+00
1.405000000004656613e+01
1.366000000003259629e+01
9.399999999441206455e-01
2.829999999958090484e+00
2.817000000004190952e+01
9.310000000055879354e+00
8.329999999958090484e+00
2.900000000023283064e+00
1.747999999998137355e+01
3.550000000046566129e+00
1.319999999948777258e+00
2.630000000004656613e+00
1.900000000000000000e+01
3.989000000001396984e+01
5.890000000013969839e+00
2.600000000093132257e-01
8.290000000037252903e+00
1.894999999995343387e+01
9.000000000232830644e-01
4.609999999986030161e+00
5.400000000372529030e-01
3.183999999996740371e+01
3.239999999990686774e+00
1.300000000046566129e-01
7.079999999958090484e+00
2.406999999994877726e+01
9.989999999990686774e+00
3.219999999972060323e+00
1.088000000000465661e+01
7.390000000013969839e+00
2.660000000032596290e+00
3.619999999995343387e+00
1.438000000000465661e+01
1.404000000003725290e+01
3.599999999860301614e-01
5.100000000093132257e-01
1.039000000001396984e+01
3.640000000013969839e+00
9.300000000046566129e+00
5.859999999986030161e+00
1.088000000000465661e+01
5.699999999487772584e-01
9.939999999944120646e+00
1.134999999997671694e+01
2.226000000000931323e+01
8.910000000032596290e+00
1.009999999997671694e+01
1.479999999981373549e+00
8.040000000037252903e+00
5.709999999962747097e+00
2.266000000003259629e+01
2.080000000004656613e+01
1.130000000004656613e+00
7.650000000023283064e+00
3.000000000465661287e-01
1.238000000000465661e+01
1.319999999948777258e+00
2.226000000000931323e+01
5.550000000046566129e+00
1.403000000002793968e+01
6.310000000055879354e+00
2.510000000009313226e+00
1.375000000000000000e+01
2.839999999967403710e+00
2.449999999953433871e+00
3.499999999767169356e-01
1.739999999990686774e+00
9.300000000512227416e-01
2.704000000003725290e+01
6.719999999972060323e+00
1.843000000005122274e+01
1.260000000009313226e+00
3.856000000005587935e+01
4.052000000001862645e+01
8.800000000046566129e-01
1.431000000005587935e+01
6.709999999962747097e+00
4.494999999995343387e+01
6.329999999958090484e+00
1.321999999997206032e+01
2.986999999999534339e+01
3.368999999994412065e+01
3.400000000023283064e+00
1.060999999998603016e+01
9.699999999953433871e+00
1.780000000027939677e+00
2.260000000009313226e+00
1.415000000002328306e+01
4.000000003725290298e-02
4.260000000009313226e+00
1.780000000027939677e+00
4.799999999813735485e-01
2.173999999999068677e+01
1.275000000000000000e+01
7.020000000018626451e+00
1.150000000023283064e+00
9.510000000009313226e+00
1.209999999962747097e+00
6.959999999962747097e+00
1.880000000004656613e+00
4.650000000023283064e+00
2.400000000023283064e+00
1.420000000041909516e+00
4.729999999981373549e+00
2.618999999994412065e+01
3.959999999962747097e+00
2.729999999981373549e+00
1.526000000000931323e+01
1.906000000005587935e+01
4.089999999967403710e+00
1.099999999860301614e-01
4.599999999976716936e+00
2.381000000005587935e+01
1.771999999997206032e+01
2.166000000003259629e+01
3.849999999976716936e+00
4.168999999994412065e+01
2.763000000000465661e+01
9.949999999953433871e+00
3.699999999953433871e-01
1.398999999999068677e+01
7.299999999813735485e-01
2.060000000055879354e+00
2.877000000001862645e+01
5.072999999998137355e+01
2.761999999999534339e+01
2.199999999720603228e-01
8.239999999990686774e+00
3.890000000013969839e+00
8.790000000037252903e+00
1.972999999998137355e+01
1.830000000004656613e+01
8.999999996740370989e-02
2.980000000004656613e+01
1.783999999996740371e+01
2.450000000000000000e+01
8.430000000051222742e+00
6.899999999441206455e-01
1.930000000051222742e+00
6.699999999953433871e+00
3.110999999998603016e+01
1.196999999997206032e+01
3.790000000037252903e+00
3.111999999999534339e+01
1.880000000004656613e+00
7.600000000093132257e-01
1.425000000000000000e+01
6.459999999962747097e+00
3.820999999996274710e+01
2.142000000004190952e+01
2.479999999981373549e+00
2.069999999948777258e+00
2.222999999998137355e+01
3.800000000046566129e+00
1.552000000001862645e+01
6.006999999994877726e+01
7.390000000013969839e+00
7.300000000046566129e+00
3.000000000465661287e-01
1.726000000000931323e+01
1.042000000004190952e+01
1.018000000005122274e+01
2.456999999994877726e+01
2.407999999995809048e+01
1.716000000003259629e+01
9.650000000023283064e+00
5.680000000051222742e+00
3.369999999995343387e+00
1.396999999997206032e+01
2.949999999953433871e+00
5.140000000013969839e+00
2.951000000000931323e+01
3.786999999999534339e+01
4.810000000055879354e+00
2.109999999997671694e+01
4.079999999958090484e+00
2.866000000003259629e+01
5.579999999958090484e+00
1.663000000000465661e+01
6.280000000027939677e+00
1.229999999981373549e+00
2.099999999627470970e-01
6.119999999995343387e+00
3.299999999580904841e-01
2.571999999997206032e+01
1.257999999995809048e+01
9.319999999948777258e+00
5.880000000004656613e+00
1.163000000000465661e+01
1.931999999994877726e+01
1.849999999976716936e+00
1.845999999996274710e+01
7.699999999953433871e+00
2.380000000004656613e+00
8.380000000004656613e+00
1.202000000001862645e+01
8.760000000009313226e+00
2.495999999996274710e+01
1.599999999976716936e+00
1.034999999997671694e+01
2.884999999997671694e+01
2.479999999981373549e+00
7.829999999958090484e+00
5.219999999972060323e+00
5.618999999994412065e+01
2.552000000001862645e+01
2.099999999627470970e-01
8.699999999953433871e-01
1.006999999994877726e+01
1.451000000000931323e+01
1.057999999995809048e+01
1.991000000003259629e+01
1.739999999990686774e+00
8.349999999976716936e+00
8.530000000027939677e+00
1.681000000005587935e+01
5.969999999972060323e+00
7.569999999948777258e+00
1.773999999999068677e+01
1.118999999994412065e+01
1.150000000023283064e+00
7.640000000013969839e+00
1.646999999997206032e+01
6.229999999981373549e+00
8.170000000041909516e+00
9.670000000041909516e+00
3.920000000041909516e+00
3.150000000023283064e+00
2.002000000001862645e+01
9.050000000046566129e+00
5.439999999944120646e+00
1.031999999994877726e+01
4.729999999981373549e+00
1.146999999997206032e+01
1.496999999997206032e+01
9.839999999967403710e+00
6.829999999958090484e+00
1.240000000002328306e+01
1.880000000004656613e+01
7.229999999981373549e+00
5.250000000000000000e+00
2.420000000041909516e+00
2.910000000032596290e+00
2.503000000002793968e+01
2.167000000004190952e+01
1.835999999998603016e+01
9.030000000027939677e+00
7.430000000051222742e+00
1.863000000000465661e+01
1.331999999994877726e+01
3.469999999972060323e+00
7.030000000027939677e+00
2.089999999967403710e+00
1.186999999999534339e+01
3.599999999860301614e-01
2.900000000372529030e-01
3.581999999994877726e+01
1.676000000000931323e+01
1.068000000005122274e+01
1.444999999995343387e+01
1.205000000004656613e+01
1.025000000000000000e+01
1.800000000512227416e-01
4.899999999906867743e-01
1.207999999995809048e+01
1.839999999967403710e+00
3.219999999972060323e+00
1.223999999999068677e+01
2.369999999995343387e+00
1.020000000018626451e+00
8.499999999767169356e-01
1.122999999998137355e+01
6.500000000000000000e+00
7.390000000013969839e+00
6.810000000055879354e+00
7.869999999995343387e+00
3.530000000027939677e+00
3.405000000004656613e+01
2.469999999972060323e+00
8.699999999953433871e-01
1.534999999997671694e+01
3.189999999944120646e+00
2.400000000000000000e+01
2.176000000000931323e+01
1.111999999999534339e+01
2.239999999990686774e+00
5.150000000023283064e+00
2.229999999981373549e+00
1.150000000023283064e+00
4.069999999948777258e+00
6.239999999990686774e+00
4.000000000000000000e+00
7.439999999944120646e+00
3.760000000009313226e+00
1.365000000002328306e+01
5.400000000372529030e-01
1.461999999999534339e+01
4.668999999994412065e+01
1.530000000004656613e+01
1.967000000004190952e+01
1.517000000004190952e+01
5.880000000004656613e+00
5.660999999998603016e+01
2.703000000002793968e+01
2.520000000018626451e+00
1.035999999998603016e+01
2.500000000000000000e-01
4.520000000018626451e+00
5.859999999986030161e+00
4.869999999995343387e+00
7.399999999906867743e-01
1.286999999999534339e+01
9.959999999962747097e+00
6.670000000041909516e+00
1.579000000003725290e+01
1.099999999860301614e-01
1.354000000003725290e+01
5.369999999995343387e+00
4.790000000037252903e+00
9.359999999986030161e+00
3.280000000027939677e+00
9.060000000055879354e+00
7.227000000001862645e+01
1.421999999997206032e+01
8.270000000018626451e+00
2.559999999997671694e+01
8.380000000004656613e+00
9.989999999990686774e+00
1.959999999962747097e+00
6.069999999948777258e+00
5.609999999986030161e+00
8.540000000037252903e+00
1.486999999999534339e+01
9.869999999995343387e+00
1.761999999999534339e+01
3.300000000046566129e+00
7.420000000041909516e+00
4.000000003725290298e-02
7.989999999990686774e+00
7.329999999958090484e+00
4.480000000004656613e+01
1.554000000003725290e+01
8.170000000041909516e+00
2.949999999953433871e+00
5.369999999995343387e+00
1.850000000000000000e+01
1.242000000004190952e+01
1.939999999944120646e+00
2.270000000018626451e+00
1.854000000003725290e+01
3.150000000023283064e+00
4.770000000018626451e+00
3.979999999981373549e+00
3.186999999999534339e+01
2.131000000005587935e+01
3.670999999996274710e+01
1.428000000002793968e+01
6.170000000041909516e+00
5.510000000009313226e+00
2.133999999996740371e+01
1.400000000139698386e-01
3.566000000003259629e+01
1.134999999997671694e+01
1.713000000000465661e+01
6.739999999990686774e+00
8.399999999674037099e-01
2.390000000013969839e+00
4.599999999976716936e+00
7.530000000027939677e+00
5.339999999967403710e+00
2.359999999986030161e+00
2.219999999972060323e+00
2.177000000001862645e+01
4.160000000032596290e+00
3.633999999996740371e+01
6.189999999944120646e+00
2.880000000004656613e+00
3.565000000002328306e+01
1.702000000001862645e+01
1.709999999997671694e+01
1.650000000000000000e+01
2.621999999997206032e+01
4.547999999998137355e+01
2.000000001862645149e-02
5.569999999948777258e+00
1.115000000002328306e+01
2.225000000000000000e+01
2.530000000004656613e+01
1.731000000005587935e+01
1.054000000003725290e+01
6.000000005587935448e-02
2.536999999999534339e+01
1.625000000000000000e+01
2.531999999994877726e+01
4.699999999953433871e+00
4.219999999972060323e+00
3.630000000004656613e+00
4.540000000037252903e+00
7.469999999972060323e+00
6.170000000041909516e+00
9.630000000004656613e+00
2.723999999999068677e+01
6.300000000046566129e+00
1.010000000009313226e+00
4.069999999948777258e+00
1.414000000001396984e+01
7.260000000009313226e+00
9.400000000023283064e+00
3.397999999998137355e+01
8.040000000037252903e+00
1.015000000002328306e+01
8.670000000041909516e+00
9.680000000051222742e+00
1.493000000005122274e+01
1.151000000000931323e+01
1.468999999994412065e+01
1.021999999997206032e+01
1.005000000004656613e+01
2.456000000005587935e+01
4.000000003725290298e-02
3.689999999944120646e+00
3.119999999995343387e+00
3.579999999958090484e+00
6.099999999976716936e+00
1.250000000000000000e+00
6.869999999995343387e+00
1.520000000018626451e+00
1.818000000005122274e+01
2.042000000004190952e+01
1.180000000051222742e+00
3.299999999580904841e-01
1.964000000001396984e+01
3.821999999997206032e+01
7.500000000000000000e-01
5.390000000013969839e+00
3.829999999958090484e+00
9.999999997671693563e-02
1.928000000002793968e+01
6.880000000004656613e+00
1.193999999994412065e+01
4.660000000032596290e+00
1.154000000003725290e+01
4.153000000002793968e+01
1.410999999998603016e+01
3.319999999948777258e+00
1.099999999976716936e+00
2.553000000002793968e+01
2.534999999997671694e+01
1.722999999998137355e+01
2.668999999994412065e+01
2.842000000004190952e+01
9.109999999986030161e+00
1.109999999986030161e+00
1.410000000032596290e+00
1.966000000003259629e+01
1.631999999994877726e+01
7.489999999990686774e+00
2.500000000000000000e+00
7.394999999995343387e+01
1.109999999986030161e+00
6.000000000000000000e+00
6.459999999962747097e+00
7.839999999967403710e+00
2.703000000002793968e+01
5.060000000055879354e+00
2.656000000005587935e+01
1.010999999998603016e+01
1.126000000000931323e+01
1.753000000002793968e+01
1.869999999995343387e+01
2.340000000002328306e+01
6.959999999962747097e+00
2.284999999997671694e+01
7.670000000041909516e+00
2.833999999996740371e+01
7.500000000000000000e-01
1.719999999972060323e+00
2.359999999997671694e+01
9.130000000004656613e+00
2.190000000002328306e+01
6.780000000027939677e+00
1.811999999999534339e+01
9.880000000004656613e+00
2.672999999998137355e+01
7.510000000009313226e+00
8.680000000051222742e+00
7.150000000023283064e+00
1.410000000032596290e+00
5.569999999948777258e+00
4.100000000325962901e-01
8.459999999962747097e+00
4.413000000000465661e+01
1.259999999997671694e+01
4.020000000018626451e+00
2.254000000003725290e+01
2.959999999962747097e+00
2.152000000001862645e+01
8.790000000037252903e+00
1.164000000001396984e+01
1.510000000009313226e+00
2.140000000013969839e+00
5.469999999995343387e+01
2.605000000004656613e+01
7.349999999976716936e+00
9.089999999967403710e+00
2.130000000004656613e+00
9.439999999944120646e+00
1.176000000000931323e+01
2.254000000003725290e+01
1.819999999995343387e+01
9.050000000046566129e+00
8.030000000027939677e+00
2.281999999994877726e+01
4.175000000000000000e+01
7.046999999997206032e+01
2.520000000018626451e+00
1.613000000000465661e+01
5.660000000032596290e+00
1.076000000000931323e+01
3.310000000055879354e+00
2.170000000041909516e+00
1.229999999981373549e+00
1.781999999994877726e+01
8.430000000051222742e+00
2.270000000018626451e+00
2.459999999997671694e+01
7.150000000023283064e+00
2.330000000004656613e+01
2.040000000037252903e+00
1.750000000000000000e+01
4.045999999996274710e+01
3.366000000003259629e+01
2.607999999995809048e+01
5.268000000005122274e+01
3.709999999962747097e+00
5.170000000041909516e+00
8.900000000139698386e-01
5.401000000000931323e+01
1.092000000004190952e+01
3.270000000018626451e+00
3.319999999948777258e+00
1.969999999972060323e+00
1.377000000001862645e+01
1.058999999996740371e+01
1.743000000005122274e+01
3.150000000023283064e+00
3.219999999972060323e+00
1.280000000004656613e+01
3.053000000002793968e+01
2.018000000005122274e+01
1.868000000005122274e+01
1.117000000004190952e+01
2.510000000009313226e+00
1.800000000046566129e+00
3.810000000055879354e+00
3.931999999994877726e+01
3.964000000001396984e+01
6.939999999944120646e+00
1.181999999994877726e+01
5.459999999962747097e+00
6.150000000023283064e+00
1.469999999995343387e+01
7.589999999967403710e+00
9.390000000013969839e+00
3.164000000001396984e+01
1.181999999994877726e+01
2.157999999995809048e+01
7.469999999972060323e+00
2.005000000004656613e+01
1.029000000003725290e+01
2.056999999994877726e+01
1.193000000005122274e+01
1.843999999994412065e+01
2.500000000000000000e-01
2.338000000000465661e+01
3.321999999997206032e+01
6.542000000004190952e+01
2.017000000004190952e+01
2.729999999981373549e+00
7.217000000004190952e+01
1.268000000005122274e+01
5.430000000051222742e+00
4.452000000001862645e+01
1.709999999997671694e+01
1.449999999953433871e+00
1.555000000004656613e+01
1.563000000000465661e+01
2.109999999986030161e+00
1.553000000002793968e+01
4.100000000325962901e-01
2.592000000004190952e+01
1.383999999996740371e+01
3.900000000023283064e+00
7.800000000279396772e-01
1.359999999997671694e+01
4.069999999948777258e+00
7.030000000027939677e+00
5.859999999986030161e+00
2.579999999958090484e+00
2.452000000001862645e+01
2.459999999962747097e+00
2.658999999996740371e+01
3.089999999967403710e+00
7.489999999990686774e+00
2.034999999997671694e+01
3.518999999994412065e+01
1.157999999995809048e+01
4.079999999958090484e+00
1.091000000003259629e+01
3.300000000046566129e+00
8.030000000027939677e+00
7.160000000032596290e+00
4.506999999994877726e+01
4.630000000004656613e+00
1.633999999996740371e+01
8.430000000051222742e+00
2.153000000002793968e+01
5.810000000055879354e+00
1.077000000001862645e+01
6.060000000055879354e+00
1.881999999994877726e+01
1.800000000512227416e-01
3.869999999995343387e+00
2.256999999994877726e+01
2.663000000000465661e+01
2.140000000013969839e+00
6.000000005587935448e-02
5.593999999994412065e+01
1.550000000046566129e+00
2.768999999994412065e+01
1.910999999998603016e+01
2.796999999997206032e+01
1.573999999999068677e+01
2.942000000004190952e+01
1.125000000000000000e+01
4.430000000051222742e+00
6.869999999995343387e+00
3.107999999995809048e+01
1.163000000000465661e+01
5.310000000055879354e+00
4.494999999995343387e+01
3.719999999972060323e+00
3.282999999995809048e+01
1.619999999995343387e+00
1.632999999995809048e+01
7.339999999967403710e+00
3.250000000000000000e+00
7.969999999972060323e+00
2.859999999986030161e+00
6.400000000139698386e-01
5.899999999674037099e-01
3.489999999990686774e+00
3.280000000027939677e+00
1.569999999995343387e+01
1.651000000000931323e+01
1.229000000003725290e+01
1.097999999998137355e+01
4.182999999995809048e+01
1.129000000003725290e+01
8.780000000027939677e+00
6.010000000009313226e+00
1.829999999958090484e+00
3.659999999997671694e+01
9.799999999813735485e-01
1.184999999997671694e+01
1.905000000004656613e+01
4.619999999995343387e+00
3.150000000023283064e+00
1.430000000051222742e+00
2.520000000018626451e+00
2.469999999972060323e+00
1.698999999999068677e+01
1.170000000041909516e+00
1.096999999997206032e+01
7.859999999986030161e+00
3.199999999953433871e+00
1.338000000000465661e+01
1.955000000004656613e+01
2.356000000005587935e+01
4.689999999944120646e+00
1.778000000002793968e+01
2.260000000009313226e+00
2.800000000279396772e-01
3.819999999948777258e+00
2.469999999995343387e+01
9.939999999944120646e+00
4.023999999999068677e+01
1.477000000001862645e+01
2.022999999998137355e+01
3.000000000000000000e+00
1.347999999998137355e+01
5.010000000009313226e+00
2.884999999997671694e+01
3.177000000001862645e+01
3.199999999953433871e+00
1.150000000023283064e+00
1.315000000002328306e+01
1.300000000046566129e-01
4.018999999994412065e+01
1.510000000009313226e+00
4.390000000013969839e+00
1.013000000000465661e+01
3.058999999996740371e+01
1.899999999441206455e-01
1.430000000051222742e+00
4.069999999948777258e+00
2.443000000005122274e+01
1.979999999981373549e+00
3.109999999986030161e+00
1.920000000041909516e+00
6.369999999995343387e+00
8.910000000032596290e+00
9.399999999441206455e-01
7.079999999958090484e+00
1.302000000001862645e+01
3.750000000000000000e+00
1.130000000004656613e+00
8.319999999948777258e+00
1.761999999999534339e+01
2.260000000009313226e+00
1.219999999972060323e+00
1.859999999986030161e+00
1.633999999996740371e+01
3.540000000037252903e+00
1.368000000005122274e+01
6.520000000018626451e+00
1.845999999996274710e+01
1.134999999997671694e+01
2.328000000002793968e+01
1.320999999996274710e+01
2.439999999944120646e+00
2.231000000005587935e+01
4.810000000055879354e+00
9.170000000041909516e+00
9.189999999944120646e+00
9.329999999958090484e+00
1.640000000013969839e+00
1.280000000027939677e+00
2.107999999995809048e+01
2.302000000001862645e+01
1.548999999999068677e+01
1.959999999962747097e+00
1.593999999994412065e+01
1.206000000005587935e+01
3.630000000004656613e+00
2.969999999995343387e+01
1.140000000002328306e+01
9.790000000037252903e+00
1.206999999994877726e+01
1.620999999996274710e+01
1.132999999995809048e+01
2.631999999994877726e+01
4.109999999986030161e+00
1.141000000003259629e+01
2.920000000041909516e+00
1.280000000027939677e+00
1.398999999999068677e+01
1.733999999996740371e+01
1.772999999998137355e+01
1.952000000001862645e+01
2.350000000000000000e+01
1.849999999976716936e+00
3.800000000046566129e+00
9.040000000037252903e+00
4.906999999994877726e+01
2.489999999990686774e+00
2.198999999999068677e+01
2.039000000001396984e+01
2.680000000051222742e+00
6.430000000051222742e+00
3.198999999999068677e+01
4.270000000018626451e+00
1.119999999995343387e+00
2.750000000000000000e+00
4.880000000004656613e+00
1.838000000000465661e+01
1.000000000000000000e+01
9.060000000055879354e+00
7.310000000055879354e+00
4.790000000037252903e+00
1.121999999997206032e+01
5.800000000046566129e+00
3.921999999997206032e+01
8.800000000046566129e-01
3.609999999986030161e+00
5.267000000004190952e+01
4.880000000004656613e+00
4.520000000018626451e+00
8.880000000004656613e+00
5.050000000046566129e+00
1.904000000003725290e+01
2.197999999998137355e+01
2.400000000023283064e+00
1.372999999998137355e+01
4.290000000037252903e+00
4.000000000232830644e-01
4.200000000419095159e-01
5.760000000009313226e+00
9.000000000232830644e-01
7.800000000046566129e+00
1.439999999944120646e+00
1.906999999994877726e+01
1.765000000002328306e+01
1.143999999994412065e+01
3.699999999953433871e-01
1.030000000027939677e+00
1.134999999997671694e+01
5.489999999990686774e+00
3.489000000001396984e+01
1.251000000000931323e+01
7.099999999976716936e+00
1.733999999996740371e+01
2.449999999953433871e+00
1.332999999995809048e+01
5.000000000000000000e+00
1.946999999997206032e+01
6.930000000051222742e+00
1.359999999986030161e+00
3.254000000003725290e+01
4.390000000013969839e+00
8.750000000000000000e+00
6.410000000032596290e+00
2.031999999994877726e+01
2.020000000018626451e+00
5.699999999953433871e+00
7.219999999972060323e+00
2.596999999997206032e+01
6.709999999962747097e+00
3.018000000005122274e+01
1.796999999997206032e+01
3.000000000000000000e+00
3.800000000046566129e+00
1.305000000004656613e+01
6.779000000003725290e+01
6.999999999534338713e-01
1.643000000005122274e+01
9.619999999995343387e+00
6.760000000009313226e+00
9.479999999981373549e+00
1.485999999998603016e+01
1.018999999994412065e+01
9.510000000009313226e+00
1.533999999996740371e+01
4.380000000004656613e+00
6.188000000000465661e+01
8.939999999944120646e+00
1.319999999948777258e+00
1.083999999996740371e+01
8.339999999967403710e+00
1.298999999999068677e+01
3.689999999944120646e+00
1.883999999996740371e+01
5.010000000009313226e+00
5.640000000013969839e+00
1.156999999994877726e+01
1.184999999997671694e+01
5.719999999972060323e+00
6.079999999958090484e+00
1.185999999998603016e+01
1.729000000003725290e+01
2.458999999996740371e+01
4.380000000004656613e+00
8.420000000041909516e+00
9.540000000037252903e+00
4.420000000041909516e+00
1.043000000005122274e+01
1.600000000325962901e-01
7.369999999995343387e+00
8.290000000037252903e+00
2.243999999994412065e+01
9.300000000512227416e-01
1.236999999999534339e+01
1.364000000001396984e+01
8.589999999967403710e+00
5.156999999994877726e+01
5.100000000093132257e-01
1.373999999999068677e+01
5.530000000027939677e+00
3.069999999948777258e+00
5.599999999976716936e+00
1.348999999999068677e+01
1.156000000005587935e+01
4.589999999967403710e+00
3.069999999948777258e+00
1.129000000003725290e+01
1.871999999997206032e+01
1.965000000002328306e+01
1.484999999997671694e+01
2.280000000027939677e+00
7.949999999953433871e+00
1.540000000037252903e+00
1.910000000032596290e+00
1.392000000004190952e+01
5.750000000000000000e+00
5.089999999967403710e+00
1.483999999996740371e+01
7.339999999967403710e+00
1.128000000002793968e+01
4.119999999995343387e+00
5.359999999986030161e+00
1.290000000037252903e+00
6.599999999161809683e-01
9.409999999916180968e+00
1.771999999997206032e+01
7.169999999925494194e+00
3.830000000074505806e+00
7.169999999925494194e+00
4.429999999934807420e+00
1.247999999998137355e+01
7.639999999897554517e+00
2.739999999990686774e+00
2.121999999997206032e+01
7.659999999916180968e+00
9.600000000093132257e+00
3.290000000037252903e+00
2.669999999925494194e+00
6.600000000093132257e+00
7.020000000018626451e+00
6.409999999916180968e+00
3.310000000055879354e+00
2.214999999990686774e+01
1.299999998882412910e-01
1.560000000055879354e+00
1.281000000005587935e+01
2.401000000000931323e+01
1.679999999934807420e+00
1.899999999906867743e+00
1.055000000004656613e+01
3.600000000093132257e+00
1.148999999999068677e+01
3.500000000931322575e-01
3.412999999988824129e+01
1.899999999441206455e-01
3.939999999944120646e+00
5.629999999888241291e+00
1.587000000011175871e+01
1.520000000018626451e+00
2.012000000011175871e+01
4.565999999991618097e+01
8.340000000083819032e+00
1.103000000002793968e+01
1.054000000003725290e+01
1.612999999988824129e+01
4.260000000009313226e+00
5.270000000018626451e+00
1.979999999981373549e+00
8.989999999990686774e+00
5.100000000093132257e+00
4.899999999906867743e-01
3.840000000083819032e+00
8.629999999888241291e+00
2.019999999995343387e+01
3.360000000102445483e+00
2.811000000010244548e+01
3.232000000006519258e+01
3.020000000018626451e+00
3.429999999934807420e+00
4.202000000001862645e+01
1.273999999999068677e+01
3.080000000074505806e+00
8.110000000102445483e+00
2.118999999994412065e+01
1.689999999944120646e+00
2.900000000372529030e-01
1.418999999994412065e+01
2.175000000000000000e+01
3.290000000037252903e+00
4.923999999999068677e+01
1.759000000008381903e+01
8.799999998882412910e-01
1.752000000001862645e+01
9.840000000083819032e+00
2.000000000000000000e+00
8.600000000093132257e+00
2.796999999997206032e+01
4.669999999925494194e+00
1.711000000010244548e+01
1.238999999989755452e+01
5.949999999953433871e+00
1.580000000004656613e+01
7.899999999906867743e+00
4.019999999995343387e+01
7.099999999627470970e-01
8.669999999925494194e+00
1.267999999993480742e+01
5.080000000074505806e+00
4.520000000018626451e+00
3.323999999999068677e+01
2.600000000093132257e-01
3.535000000009313226e+01
1.757000000006519258e+01
1.850000000093132257e+00
9.719999999972060323e+00
1.510000000009313226e+01
7.399999999906867743e-01
3.999999999068677425e-01
5.149999999906867743e+00
1.023999999999068677e+01
8.300000000046566129e+00
1.320999999996274710e+01
4.270000000018626451e+00
5.364999999990686774e+01
3.110000000009313226e+01
5.709999999962747097e+00
3.570000000065192580e+00
6.020000000018626451e+00
8.000000007450580597e-02
1.987000000011175871e+01
2.099999999627470970e-01
2.257000000006519258e+01
1.883000000007450581e+01
3.699999999953433871e+00
1.545999999996274710e+01
7.110000000102445483e+00
2.240999999991618097e+01
1.019999999995343387e+01
4.600000000093132257e+00
1.726000000000931323e+01
3.939999999944120646e+00
1.369999999995343387e+01
5.600000000558793545e-01
1.880000000004656613e+01
9.239999999990686774e+00
2.379999999888241291e+00
8.360000000102445483e+00
2.040000000037252903e+00
1.317999999993480742e+01
6.695999999996274710e+01
7.080000000074505806e+00
7.669999999925494194e+00
8.870000000111758709e+00
1.745999999996274710e+01
5.800000000046566129e+00
5.540000000037252903e+00
1.078000000002793968e+01
1.100000001024454832e-01
3.879999999888241291e+00
4.899999999906867743e-01
1.482000000006519258e+01
4.300000000046566129e+00
4.299999999348074198e-01
5.360000000009313226e+01
2.040000000037252903e+00
2.158000000007450581e+01
3.149999999906867743e+00
5.020000000018626451e+00
1.805000000004656613e+01
2.691999999992549419e+01
2.189999999944120646e+00
2.096999999997206032e+01
1.603000000002793968e+01
3.080000000074505806e+00
1.815999999991618097e+01
2.443999999994412065e+01
2.000000000000000000e+00
8.700000001117587090e-01
2.081000000005587935e+01
2.584000000008381903e+01
9.850000000093132257e+00
1.880000000004656613e+01
3.760000000009313226e+00
4.050000000046566129e+00
1.449999999953433871e+00
5.820000000065192580e+00
6.399999999906867743e+00
1.700000000000000000e+01
4.479999999981373549e+00
2.820000000065192580e+00
1.008000000007450581e+01
7.790000000037252903e+00
5.689999999944120646e+00
2.840000000083819032e+00
8.530000000027939677e+00
2.231000000005587935e+01
2.750000000000000000e+01
2.900000000372529030e-01
3.899999998975545168e-01
6.030000000027939677e+00
1.625000000000000000e+01
1.078000000002793968e+01
2.900000000372529030e-01
1.470999999996274710e+01
5.000000004656612873e-02
2.681000000005587935e+01
8.489999999990686774e+00
1.755000000004656613e+01
1.679999999934807420e+00
6.999999999534338713e-01
2.330000000074505806e+00
8.560000000055879354e+00
3.669999999995343387e+01
7.669999999925494194e+00
3.820000000065192580e+00
3.987000000011175871e+01
7.580000000074505806e+00
4.181000000005587935e+01
7.370000000111758709e+00
3.377000000001862645e+01
1.550000000046566129e+00
1.080000000074505806e+00
5.250000000000000000e+00
8.229999999981373549e+00
2.169999999925494194e+00
5.076000000000931323e+01
1.658000000007450581e+01
1.415999999991618097e+01
9.379999999888241291e+00
2.764999999990686774e+01
2.969999999972060323e+00
1.045999999996274710e+01
1.320000000065192580e+00
1.073999999999068677e+01
2.328000000002793968e+01
2.050000000046566129e+00
6.939999999944120646e+00
6.090000000083819032e+00
2.445999999996274710e+01
3.979999999981373549e+00
6.080000000074505806e+00
2.041999999992549419e+01
5.310000000055879354e+00
1.848999999999068677e+01
3.820000000065192580e+00
1.172999999998137355e+01
3.479999999981373549e+00
4.879999999888241291e+00
6.100000001024454832e-01
1.657000000006519258e+01
1.731000000005587935e+01
1.590000000083819032e+00
2.157000000006519258e+01
3.280000000027939677e+00
6.989999999990686774e+00
3.289999999990686774e+01
2.969999999972060323e+00
2.771999999997206032e+01
3.353000000002793968e+01
2.280000000027939677e+00
6.850000000093132257e+00
4.161000000010244548e+01
2.643999999994412065e+01
6.599999999161809683e-01
9.399999999906867743e+00
1.778000000002793968e+01
2.050000000046566129e+00
5.700000000651925802e-01
6.409999999916180968e+00
3.023999999999068677e+01
6.570000000065192580e+00
1.086000000010244548e+01
1.590000000083819032e+00
1.760000000009313226e+01
1.016999999992549419e+01
4.699999999720603228e-01
1.175000000000000000e+01
9.669999999925494194e+00
6.305000000004656613e+01
5.354000000003725290e+01
4.799999999813735485e-01
1.542999999993480742e+01
7.389999999897554517e+00
2.451000000000931323e+01
4.379999999888241291e+00
2.019999999995343387e+01
1.300000000046566129e+00
5.141999999992549419e+01
1.729000000003725290e+01
1.594999999995343387e+01
3.799999998882412910e-01
1.977000000001862645e+01
3.620999999996274710e+01
2.649999999906867743e+00
2.633000000007450581e+01
5.050000000046566129e+00
1.520000000018626451e+00
2.580000000074505806e+00
1.106000000005587935e+01
1.999999999534338713e-01
1.059000000008381903e+01
7.429999999934807420e+00
9.580000000074505806e+00
6.000000005587935448e-02
5.000000004656612873e-02
1.590000000083819032e+00
1.120000000111758709e+00
2.164999999990686774e+01
1.380000000004656613e+01
8.250000000000000000e+00
4.095999999996274710e+01
2.537000000011175871e+01
