5.540658433092135711e-12
2.538806234149755357e-12
4.860544948948953372e-12
3.400380378343596424e-12
4.780897784645716654e-12
4.889439322497675885e-12
4.139215670483509980e-12
4.364679790822230996e-12
2.194082086167918389e-12
3.513453319554051297e-12
2.249151803017651197e-12
3.188113367964985363e-12
1.037021904113982821e-12
3.385337256130482119e-12
3.102323078291578860e-12
3.373743347712785866e-12
nan
8.666277012837632061e-13
3.136340995773507851e-12
nan
2.971770014483604934e-12
2.036966948394195862e-12
7.577115632010582912e-14
1.989577342988801553e-12
2.083828324676939381e-12
4.015659009058970366e-12
4.857304240197009397e-12
2.143869870924406159e-12
2.891822437256261099e-12
2.694554711844233544e-12
2.841222102226224024e-12
2.280441582393277332e-12
8.352193693101826128e-13
2.457658166745953628e-12
3.568014796390452605e-12
nan
2.960139965378031482e-12
1.028111297785194518e-12
2.603492643751145813e-12
7.169577886129445709e-14
2.011749599432834361e-12
3.480180693447188501e-12
1.763423036029279645e-12
5.482582696573322517e-12
5.323199839140068210e-12
2.166227724551380987e-12
2.447889461026769595e-13
1.718297906164404843e-12
8.656529306211136521e-13
2.141313535067696728e-12
2.206879849185238302e-12
2.057181748051743003e-12
1.071934882353610851e-12
3.935772112092835599e-12
1.872975676338887433e-12
1.392618489172755707e-13
1.086865589027387052e-12
1.888806826716320296e-12
3.520946647848438140e-12
2.664833241740864847e-12
1.094074916408741627e-12
3.350188411092440892e-12
3.134308386527151467e-14
3.632972447004357959e-12
3.438539803834610899e-12
3.712201376984686857e-12
1.146271675259058669e-12
3.819864979799864024e-12
2.574238610326138807e-12
3.356334307769065455e-12
2.902469822665499766e-12
nan
7.101276330875980180e-12
4.511986781647900938e-12
3.593104092496309481e-12
3.892356767535072961e-12
1.500943790882405572e-12
2.331321700376698756e-12
1.701186136841212954e-14
2.792289235509028746e-12
1.232305385863468990e-12
6.689876926500385277e-12
3.537771222475304699e-12
2.519975351897302387e-12
4.526756466382836653e-12
1.550862218024011471e-12
2.448822652731599158e-12
3.722171497285088357e-12
1.818956017663960606e-12
2.748799766687049345e-12
1.913052751420179229e-12
2.476547794410670653e-12
1.145146160671853125e-13
3.360701271867279145e-12
2.247714476652415735e-12
3.132547309955381278e-12
2.593836881503181284e-12
3.025793435635605318e-12
4.011006963056557807e-12
1.344983818112746370e-12
2.086051771921827687e-12
7.043296526299418853e-12
2.388133568901397562e-12
2.413346850024945685e-12
3.797278457977713596e-12
3.438413455629790097e-12
1.664305989552189368e-12
2.415314530185927184e-12
1.843821467438131083e-12
1.741866068984708138e-12
2.252787607946374738e-12
1.421723165588117594e-12
3.438446790934257123e-12
1.283027759445974617e-12
2.465803607640811421e-12
1.975724810432662329e-12
2.294277763115927767e-12
3.477637874454386435e-12
3.883709910080259664e-14
1.482042607650893076e-12
4.762818376376203939e-12
6.135712786525950308e-12
3.830182453337038789e-12
1.211382924661829851e-12
2.775181135673317571e-12
2.116063090063508992e-12
1.899468220085919070e-12
3.458715131583463894e-12
2.919623763494468384e-12
1.410223129851096435e-12
5.969363200324101876e-12
1.317459023947751707e-12
9.955296915762538907e-13
6.702364779824424353e-12
5.049724604359875789e-12
4.788128445124797024e-12
2.595117759007407854e-12
3.086658179387144485e-12
1.674161994748665036e-12
2.273888237142205116e-12
3.480324671228840502e-12
2.671370793705698995e-12
4.410592528396117974e-12
3.451602661181633114e-12
1.376420998074275144e-12
3.550828630849977742e-12
1.206175993504643938e-12
nan
4.100022386092431319e-12
3.947508911222816359e-12
2.595695831108517535e-12
3.228104577128011956e-12
1.174602489563539247e-12
nan
8.824739112315699384e-13
2.088901172654957490e-12
3.162463684080702268e-12
3.818102962716212564e-12
3.592262105026301886e-12
4.068198447917330355e-12
3.180312589324131650e-12
2.239700110288168219e-12
1.272503045603728939e-12
2.757748462042520208e-12
2.543930281019391099e-12
2.925122108415319903e-12
3.321469434330587267e-12
1.240327652437558774e-12
4.166628945489307569e-12
4.341930705401346682e-12
3.478944990675938322e-12
2.130632121638020724e-12
2.708382802699256964e-12
1.199472362228212289e-12
1.261769992315923657e-12
3.151535013234737189e-12
3.527863737410388644e-12
5.382426778428863441e-12
3.322848971639837192e-12
3.073785167155668954e-12
7.256201527484289337e-13
3.147578484505364389e-12
4.005480872295220890e-12
1.020997050150805673e-12
5.126845621968265934e-12
2.181043348808060686e-12
3.334597500651671021e-12
1.759262428256135598e-12
8.311374912739824584e-13
1.630154872035729676e-12
2.914248869018535200e-12
1.826886147880471155e-12
2.064616502837208236e-12
6.726469946177827889e-12
4.938937746648754761e-12
2.125957693957279468e-12
2.795922320201620379e-12
1.844892717563411009e-12
1.477727008505502738e-14
1.792030370881394628e-12
2.355148147410411995e-12
nan
1.409060820141588728e-12
1.565169220250496127e-13
4.912534973579436361e-12
4.475012077308871034e-12
3.117501618890570136e-12
2.439320168420357264e-12
7.207067098199195543e-13
2.035341517447751505e-12
nan
5.257468607504927921e-12
1.487324422166132836e-12
1.040895362702345105e-12
2.229519390006800760e-12
2.158319331973157252e-12
3.594834737165306336e-12
2.582243013814702845e-12
2.041796643951108615e-12
6.281586414534445914e-12
3.013834135840977259e-12
2.980100916871808184e-12
1.535291843306791002e-12
3.220774534076429511e-12
nan
2.203452577540012500e-12
2.360081127055692476e-12
2.924251167638105126e-13
2.339835382544192543e-12
4.425309876906124409e-12
3.936362698548385614e-12
2.024729399327729206e-12
nan
1.689470493692477173e-12
3.776367633434274248e-12
6.083271882683948150e-12
3.089049279158565343e-12
3.302291607227312254e-12
4.191782389920853016e-12
3.326432320449660591e-12
3.512513364297298143e-12
3.669322973904523336e-12
4.007979954289343071e-12
2.158918349738836816e-12
4.554816041800256649e-12
5.747237886024161201e-12
2.122715848128059672e-12
2.419161453735769782e-12
3.502452754275177031e-12
1.712096971237133397e-12
1.368704259401868980e-12
1.277770994641426742e-12
2.627276738694420758e-12
4.785077678976104445e-12
3.101419759938117630e-12
2.023717563344842202e-12
2.029209448059911365e-12
5.485798673523417128e-12
1.458153507277341767e-12
3.150795618226902733e-12
3.619880851820369878e-12
3.036519203841127894e-12
2.376811617000425129e-12
2.505207368201980405e-13
1.741073393610549296e-13
8.754649687356768388e-13
1.957301751746164087e-12
3.044811486143388938e-12
3.291577579034452884e-12
4.745836645729786298e-12
3.337044304673980966e-12
3.669316978170183663e-12
3.938227022609200614e-12
4.535536419799054880e-12
3.592438813410960225e-12
2.026795924354025940e-12
3.859168593570193432e-12
1.550982079306343979e-12
4.674209890649642924e-12
2.325847994500393052e-12
1.779955887646709922e-12
3.189908216903983761e-12
2.541221743611097016e-12
1.809347502397123503e-12
8.971715633133699641e-13
2.163354942595269085e-12
2.458724066345084627e-12
3.740938979420534604e-12
2.294658019224009737e-12
3.327574236029006046e-12
2.112134252368506716e-12
3.308421613179054168e-12
3.243722914945995589e-12
1.343179631929431662e-12
2.516946790371812615e-12
3.261287973261956787e-12
3.176293794357458701e-12
3.820658476574831452e-12
2.603878301538180150e-12
2.401123118162678495e-12
3.070856586313497615e-13
1.984268656217733309e-12
2.053660366507561389e-12
4.972972831905082800e-12
3.352875351356561956e-12
4.489198185025660510e-12
3.385939410508912120e-13
1.967621523948947602e-12
8.368711269754013407e-12
3.197967838239784939e-12
5.749268924734629295e-12
4.894207827558701835e-12
1.410970461018291987e-12
1.618673926831593610e-12
2.020482198598150144e-12
3.403062287510156337e-12
5.717478535081700677e-12
1.296046487456613314e-12
3.126983130827152441e-12
1.474964851054348502e-12
1.418798443170817751e-12
7.240858670177946730e-13
1.432589109109141252e-12
3.110864367053441893e-12
3.197344356497426035e-12
2.632527019855317658e-12
4.689236061072806551e-12
1.925143277365526411e-12
1.346031866102791353e-12
1.959721607526170828e-12
4.059793839890884180e-12
1.978070731586516389e-12
4.711522702521359644e-12
5.007379913390454240e-12
1.435880090438529426e-12
1.306463892270693795e-12
3.590035537470107364e-12
2.666504529800384544e-12
1.128680219184735432e-12
2.283501466129453806e-12
2.773492417095500351e-12
2.565017704820031709e-12
1.365818405962288791e-12
4.167871647057831889e-12
2.631350526088566850e-12
1.822972348045202576e-12
2.336048250840035159e-12
2.244508065407211271e-12
5.857376419137528443e-12
2.759206176293606401e-12
2.733254571430427786e-12
1.325454848802636620e-12
2.489900579953094552e-12
1.034168664864193929e-12
3.087124446373316290e-12
4.082962358427585425e-12
9.846105999927517946e-13
2.598512610126834065e-12
2.711064819778640003e-12
2.315278686074787449e-12
1.850334460034816794e-12
1.736610981073947218e-13
4.947793488433226396e-12
3.169768174819483876e-12
3.643724128942187002e-12
2.535314670289580724e-12
5.118491998123364153e-12
2.746894342369504326e-12
2.029586352935802482e-12
5.641318857762332117e-12
2.177597241474799492e-12
1.871383984559457669e-12
2.110111273311345324e-13
1.765720831552045069e-12
5.748654801232748004e-12
4.241523751642727008e-12
2.314584035649472496e-12
nan
3.322296082578307115e-12
2.523783723927608910e-12
1.008363593053470921e-12
3.516082489489235199e-12
2.171731530539995450e-12
2.738207164435147320e-12
1.632994556845928193e-12
2.365706233614532202e-12
2.265802390865337130e-12
4.783035312005015509e-12
3.515196313251193186e-12
nan
1.804514052716151411e-12
5.202577961856191220e-12
1.396299869400275177e-12
4.049874023069966992e-12
1.986559044881159817e-12
nan
nan
1.958829344308820957e-12
4.360521403829919426e-12
1.246200441385768504e-12
3.038408508024164606e-12
3.423662291802556613e-12
1.252142527186958303e-12
2.036020965090949593e-12
2.017179103299946560e-12
4.377422363793634437e-12
3.186263613967837916e-12
3.936902070283351426e-12
1.183900285742839772e-12
2.562191171643534206e-13
4.321620035364479302e-12
1.451660520234720530e-12
1.123838553444730003e-12
8.373207159564240889e-13
3.973835670884243598e-12
3.989958815326228782e-12
1.099377264060899652e-12
2.143821044909101418e-12
1.533826107390522033e-12
9.741962677968384229e-13
2.230637776353377143e-12
4.895841529060361379e-12
3.633722522299879556e-12
3.015414022314005886e-12
4.089722915241430163e-12
2.177089788166700146e-12
3.480439961709496082e-12
7.226373361145414306e-14
1.957838395294251841e-12
2.420028331752631558e-12
1.506988129505670317e-12
2.336714581243499347e-12
nan
3.818139983620449942e-12
1.456661211547807747e-12
2.314630954127084831e-13
3.139283048045307258e-12
3.445665182825603012e-12
1.361413410357676230e-12
1.396635035880934868e-12
2.162907330536393137e-12
1.815347846226405181e-12
1.960705925825811507e-12
2.493444222150473802e-12
3.609124462806017270e-12
3.772451031777730462e-12
2.267333089028248855e-12
5.897432076045071043e-12
3.507898598472096057e-12
3.588113611203780728e-12
3.952400208606973526e-12
2.283661163822205244e-12
nan
3.327438072908667193e-12
4.813070140353362236e-12
3.275880166216541541e-12
1.738633492135134056e-12
3.288428676009984293e-12
3.366395635407811208e-12
3.776263615747195209e-12
4.240484364910571736e-12
5.967918657177522419e-12
9.424958357940304727e-12
4.126979395593872124e-12
2.932493145031016942e-14
1.083258780746745450e-11
5.297293532236905794e-12
3.256601563620636032e-12
1.831386957402346598e-12
3.492288243005851531e-12
9.775604853110177738e-13
3.373079047607434866e-12
2.951942981739881103e-12
4.048283834461272842e-12
1.613067199966308658e-12
2.138815347549843073e-12
8.076057628618706026e-12
5.113267630068881937e-12
4.043592902308359174e-12
3.706062744536822268e-12
3.659995734040493710e-12
1.963169872160784067e-12
3.061005188772196662e-12
2.688277997652796240e-12
2.980893208966967080e-12
1.707322296426423399e-12
3.079076046987289448e-12
2.588363063942663008e-12
2.376557209664719432e-12
3.205426155459143448e-13
5.146337419542575933e-12
3.592171665639089215e-12
8.997842766166990345e-13
2.524238378376769796e-12
1.573638198771162129e-12
5.276134640220380856e-12
2.618146986428190399e-12
2.333869821580608953e-12
2.077801943334640225e-12
1.916128667508906846e-12
