5.126276196687425291e+00
1.741674931442490415e+00
4.262201755578138851e+00
2.523828761859620240e+00
4.291606983602761716e+00
4.311657277217522122e+00
3.414728235651999455e+00
3.639358149236515239e+00
1.362402608852881780e+00
2.649826689905919519e+00
1.443215613911819295e+00
2.406820019417030831e+00
4.513062477598813738e-01
2.384257893946755580e+00
2.291929832167726389e+00
2.589829170273986847e+00
3.382913225157030044e-04
3.385578277142248238e-01
2.141243125296390382e+00
2.355246951036490683e-04
2.174131147250390583e+00
1.198860552390665912e+00
3.165166325814228968e-03
1.159266284946105952e+00
1.239262095208727432e+00
3.361927982338209997e+00
4.285879436255430441e+00
1.331755852208685864e+00
2.063128533044776169e+00
1.851436684852750592e+00
1.946313243572323382e+00
1.452140990201836956e+00
3.228833637233064491e-01
1.613413691280520368e+00
2.624135583476657541e+00
4.090165676083641752e-04
2.135426033172249660e+00
4.424418555976606937e-01
1.806011808681958319e+00
3.499517237320521473e-03
1.179578615479168313e+00
2.593961692919548589e+00
9.660760238803474120e-01
5.139558420212456902e+00
4.882521003214620237e+00
1.339310438060224762e+00
3.679724104462085005e-02
9.393751760439044141e-01
3.487575631621482319e-01
1.320059722701562022e+00
1.386211152012795544e+00
1.217246847525689679e+00
4.739724692132527561e-01
3.062433064814975126e+00
1.056868155896744543e+00
6.744434875045601623e-03
4.912707911900663360e-01
1.071308866405517701e+00
2.773517459526128714e+00
1.838112479835386059e+00
4.966554121318208503e-01
2.462687382232235489e+00
1.027134270799786317e-03
2.917987810390346493e+00
2.567879418760852239e+00
2.969860090307984368e+00
5.345438430467279733e-01
2.973388592631119209e+00
1.750177167542737333e+00
2.458214545494386005e+00
2.067105991993979153e+00
2.696745363586684915e-04
7.455266761202054226e+00
3.820973267613705371e+00
2.698413738423384167e+00
2.989048665585357867e+00
7.711738917151135242e-01
1.505861755336784125e+00
6.245238305064807361e-04
1.993627787226918580e+00
5.884874189846457382e-01
6.834113004491396026e+00
2.689191300164704757e+00
1.720235351727517514e+00
3.777118816194861228e+00
8.115310194179472525e-01
1.648471341597576023e+00
2.902213155016518886e+00
1.012080285546742786e+00
1.912973431650258682e+00
1.091862846801013420e+00
1.670416154192483349e+00
4.399929822146823183e-03
2.475282808780586485e+00
1.439775075875620702e+00
2.166978021254946540e+00
1.793806710820613715e+00
2.194818646477289636e+00
3.215595058040832122e+00
6.630021389324421976e-01
1.246501886920890811e+00
7.364656368165513278e+00
1.576735279957181435e+00
1.604727245934699953e+00
2.901794164168804979e+00
2.567733584073822239e+00
8.928839126237545498e-01
1.581978979907882721e+00
1.039032866495253060e+00
9.512653913792017413e-01
1.443683773157912631e+00
7.187620042540401322e-01
2.567784158287886420e+00
6.191564869702259610e-01
1.652582214762527535e+00
1.144250280782859619e+00
1.453710067802619355e+00
2.618088646939765063e+00
1.460641389152770491e-03
7.580154688655817985e-01
4.197889753600136942e+00
6.030172082016235002e+00
2.988083289820579136e+00
5.726247180999655129e-01
1.975946875528989510e+00
1.299003709235740711e+00
1.080859116554877097e+00
2.600613313327435616e+00
2.036113338312713239e+00
7.078134685292786221e-01
5.767091117145846546e+00
6.443288527627890616e-01
4.337489882890270265e-01
6.844273370846918780e+00
4.508372573275103434e+00
4.219287788318978549e+00
1.812357510263125082e+00
2.278481078885842503e+00
9.012154213902862088e-01
1.477478679659991689e+00
2.613155405171156964e+00
1.844967046509636166e+00
3.696953849932804292e+00
2.517736971333930818e+00
6.866848733441013319e-01
2.691069934042253919e+00
5.704627752342958935e-01
3.197195678323252609e-04
3.236012357581769194e+00
3.081752259162089835e+00
1.808135123870750149e+00
2.372304744040265589e+00
5.489747173000292246e-01
2.773441632558625161e-05
3.608684209163228185e-01
1.265327524005393389e+00
2.359505983223192160e+00
2.991899162504865650e+00
2.737035018236611883e+00
3.264956746630557127e+00
2.381852412896218851e+00
1.435089663015560735e+00
6.115336351455632480e-01
1.898572449828708431e+00
1.739131453119507231e+00
2.119374591992598589e+00
2.528136013928927284e+00
5.929391287096056340e-01
3.399915419090529856e+00
3.634217390199237396e+00
2.658378971638327037e+00
1.311734313564231869e+00
1.894522469371444640e+00
5.618172015501092798e-01
6.056381254608390607e-01
2.136972457173437867e+00
2.604113599785620181e+00
4.952264655433982199e+00
2.457420925542921797e+00
2.250418052499015165e+00
2.622106968703949992e-01
2.347110547306479944e+00
3.353130483158589747e+00
4.517647219002797199e-01
4.610013240648256350e+00
1.358882911949152339e+00
2.572644941847532341e+00
9.673974212944346229e-01
3.295849276434443254e-01
8.661467901740228514e-01
2.121286823352731332e+00
1.018000946150071861e+00
1.235540616292152061e+00
6.880869991869826841e+00
4.363667203482389567e+00
1.310060046934225397e+00
1.932427530269641425e+00
1.033399034769661107e+00
5.582633086826007795e-04
9.919957228118982950e-01
1.541511377111800307e+00
4.952272207337672735e-06
7.076075044718821427e-01
2.152261831767211461e-02
4.522512595639174293e+00
3.786973648532729442e+00
2.342188048051901283e+00
1.645842825365094297e+00
2.598464423211898078e-01
1.204896144887303677e+00
4.952272207337672735e-06
4.791826485847266781e+00
7.623118813452585130e-01
4.648874330832562518e-01
1.417554179410482229e+00
1.350016243659408977e+00
2.664032490440209955e+00
1.754379680373285844e+00
1.214952001006890381e+00
6.274939496756543278e+00
2.212854658629827664e+00
2.150120205738247137e+00
7.996827309924501304e-01
2.444927803161458524e+00
3.702953221352869422e-05
1.375433629834017513e+00
1.544832594124181835e+00
7.179713684394301021e-02
1.493268516617393571e+00
3.778807261607246559e+00
3.110812670758867693e+00
1.191997320773770852e+00
1.610160096003934694e-04
9.091270911807660671e-01
2.944283884344530922e+00
5.992428469898435139e+00
2.260156058445380367e+00
2.482851068762690794e+00
3.494524869537741996e+00
2.461325426888224310e+00
2.784499138992820200e+00
2.823169052653299982e+00
3.221596875884209954e+00
1.342931969678216264e+00
3.873373604446066931e+00
5.408449312108057683e+00
1.281875518708976980e+00
1.626275544083555902e+00
2.564659681447179373e+00
9.282960588828529369e-01
6.797003436020441214e-01
6.143757254472190787e-01
1.825672569405143886e+00
4.165257316817384314e+00
2.127541215959132259e+00
1.192382617730286976e+00
1.196611296584344730e+00
5.184439340274860086e+00
7.446650914165513502e-01
2.142012605028244643e+00
2.862804022171960838e+00
2.220649639021862853e+00
1.558966750647642785e+00
1.532897358021079355e-02
2.720540756232357749e-02
3.433144563150468676e-01
1.131269677207013657e+00
2.263717997350874978e+00
2.272283278976775289e+00
4.115260266593008254e+00
2.577509175651331752e+00
2.814826138071437001e+00
3.130071795172630900e+00
3.806819479884748780e+00
2.680292521881246781e+00
1.196968240394201910e+00
3.039033238235072432e+00
8.105851860245749663e-01
4.024295181651956987e+00
1.499890649381566909e+00
9.835400061490399137e-01
2.395839505380428225e+00
1.737800827923363212e+00
1.009335503341262541e+00
3.642964739228972681e-01
1.344695944586426606e+00
1.653471157417234938e+00
2.886342214612492629e+00
1.472833600126474574e+00
2.448048670832512208e+00
1.288266753758330552e+00
2.539365836715518299e+00
2.448333024599861574e+00
6.623508739922406852e-01
1.717406614583485647e+00
2.490544160053071110e+00
2.309053495928279798e+00
2.994814397539048656e+00
1.773355232016507355e+00
1.567688837965407478e+00
8.156565292110570797e-02
1.151719115677073857e+00
1.227290746767432106e+00
4.407231023536865244e+00
2.448089155364051805e+00
3.837252093512060647e+00
9.404050259956703295e-02
1.136615530660412654e+00
9.440851158169135005e+00
2.412395495804685375e+00
5.457133515973238147e+00
4.305792484977130741e+00
7.110625291591268216e-01
8.598693031226325445e-01
1.180853947114445246e+00
2.496349815615749534e+00
5.413066599105943233e+00
6.301543145071158980e-01
2.256294040111451515e+00
7.532450439275858445e-01
7.184827080313050951e-01
2.598225289149086459e-01
7.239274066040247702e-01
2.282824331055603562e+00
2.400243548572936536e+00
1.846349111589005609e+00
4.090078335052015568e+00
1.101419355965423508e+00
6.630842884728826991e-01
1.131170011502550921e+00
3.342489297678284732e+00
1.142874018778178735e+00
4.071588886252407669e+00
4.452897058142984754e+00
7.283161533525478459e-01
6.348670971194582124e-01
2.761526828909011577e+00
1.841747810535096175e+00
5.194872966480670318e-01
1.471611876081703407e+00
1.978126657362887064e+00
1.735545021017714351e+00
6.765346313907584230e-01
3.401366978393406182e+00
1.842920420224915645e+00
1.016694467773431976e+00
1.524385484701034077e+00
1.417357659014605753e+00
5.608461242267176239e+00
1.965541994170698414e+00
1.910636837288479439e+00
6.505727594629087118e-01
1.691177577545812216e+00
4.608711801151014198e-01
2.223525843088488330e+00
3.209866164641608677e+00
4.126993037057294367e-01
1.768153370060740581e+00
1.907077508271222133e+00
1.513058937143063387e+00
1.041203824694233893e+00
2.720428395236814192e-02
4.414112325791114344e+00
2.361957030661825385e+00
2.841099908579806765e+00
1.704578154959407454e+00
4.598994459017989200e+00
1.944145764640323959e+00
1.194151372323650317e+00
5.307144018940354258e+00
1.343842984318254885e+00
1.057024332588330395e+00
3.421042406974106331e-02
9.685450953314396205e-01
5.455622570412488770e+00
3.489529876406702424e+00
1.507692005607561780e+00
3.767895518111612045e-04
2.426928337583182937e+00
1.727422236778114462e+00
4.310263565566274102e-01
2.625483817502348938e+00
1.362697554137788591e+00
1.884339392958466197e+00
8.733182399384347150e-01
1.569088663718392729e+00
1.439056250516300484e+00
4.162718731015788265e+00
2.651788085601485712e+00
4.952272207337672735e-06
1.001847251008459505e+00
4.760395315662602655e+00
6.985245994005672143e-01
3.261285831148245773e+00
1.152598465066339228e+00
5.857138406028287666e-05
3.686618703817647351e-05
1.130915313878493311e+00
3.634299211339319768e+00
5.942601948399915957e-01
2.197969842515681727e+00
2.659245238436075631e+00
5.988717010280727449e-01
1.208718340283619019e+00
1.186195393180665691e+00
3.701300023144366680e+00
2.387422546311050553e+00
3.121759731230414836e+00
5.548036482861602448e-01
3.634374691940731039e-02
3.586864583045167976e+00
7.377176582617850364e-01
5.163344723620801879e-01
3.307838841955246245e-01
3.172079140811085551e+00
3.105495128568900753e+00
5.051426648133566788e-01
1.326652816324335404e+00
7.944445912922287745e-01
4.182852842566571194e-01
1.412155560787500042e+00
4.307627476003126787e+00
2.776952830140484441e+00
2.212185593886398571e+00
3.307289677002061890e+00
1.360248922902488555e+00
2.613637741883723997e+00
2.939878098676278889e-03
1.130930958255273566e+00
1.571564339575029168e+00
7.760853361367676673e-01
1.514728903121062675e+00
2.219396039930264010e-04
2.997120039914289880e+00
7.432765306408548600e-01
1.343381730978645411e-02
2.367249568822379135e+00
2.620886722844296912e+00
6.745549837654154501e-01
6.978281100910550538e-01
1.348669162182199344e+00
1.010851734082992781e+00
1.128720396677466598e+00
1.700758676531250346e+00
2.712471254747033544e+00
2.980745783143509797e+00
1.431027061235553788e+00
5.665170428132149993e+00
2.738345471054473457e+00
2.705033117664836784e+00
3.225680221176884466e+00
1.477084537343835713e+00
2.477326609910028912e-04
2.447828757097587626e+00
4.240223768592860765e+00
2.371713050807315426e+00
9.543375436540210144e-01
2.395875394600165187e+00
2.433402181963952415e+00
2.942227016381789184e+00
3.441176937482319786e+00
5.766433007158994428e+00
1.133979812142181842e+01
3.352560149350786389e+00
1.065863759361099401e-03
1.394575037761578429e+01
4.786720516658039770e+00
2.457148953477907849e+00
1.025503512922608884e+00
2.638174630269467524e+00
4.214562413960679654e-01
2.612085924048128227e+00
2.164836753964118454e+00
3.212743559111177927e+00
8.520722495620900450e-01
1.320854719930664611e+00
9.016609268088370044e+00
4.661609497509693334e+00
3.284658461192489387e+00
2.863541658310080340e+00
2.843299892237092230e+00
1.133040027321115195e+00
2.215347770685464290e+00
1.894074109120541749e+00
2.198692986225057933e+00
9.256800946950577424e-01
2.277119969042010972e+00
1.785042979250317963e+00
1.580157068789095787e+00
5.979138995894176661e-02
4.677255355607431220e+00
2.736926874770730933e+00
3.593601253369471116e-01
1.734962381352103344e+00
8.259282746186652480e-01
4.808960191720150767e+00
1.827721397510137180e+00
1.517394146075363048e+00
1.252038011840461706e+00
1.094117513344395665e+00
2.801323665519674295e-04
8.558739727393670504e-01
1.705698735558802026e+00
2.300531556041777836e+00
1.231395621303285282e+00
3.706861469338386530e-05
3.038986725657520260e+00
1.415652665048625636e+00
3.309153709153723533e+00
2.691499222445814965e+00
3.279038999694317891e+00
1.800282043424161760e+00
2.405387491399929800e+00
1.502019823922341457e+00
7.030034508576665808e-05
2.664487850511024547e+00
1.377538319915453613e+00
2.965489561799359741e+00
1.778509940651778365e+00
3.016577694464639414e-01
2.136453317331897139e+00
3.074623583773850477e+00
1.622666811094778616e+00
2.387312740561335911e+00
2.860660272883543076e+00
7.613239614798622545e-01
4.952272207337672735e-06
3.491849794496291626e+00
4.161889766146662950e+00
2.200373326453938461e+00
1.667573543928731195e-01
1.651387069555747988e+00
9.455544666180678570e-01
1.270914981517164311e+00
3.200840165249059677e+00
5.114511542621593028e-03
4.529960567132787830e+00
2.814250718163776810e+00
2.862431222094835359e+00
5.846058405981899853e-01
5.621903068868214781e-01
3.131191345080823751e+00
1.423768196131040886e+00
1.168274880804336835e+00
1.099930657521766886e+00
2.509036246833437289e+00
1.579691376191123542e+00
3.792000390609258087e-01
3.171529535957477108e+00
3.399900405189681063e+00
1.848385013260650744e+00
2.159973130252409668e+00
2.433965627910513074e+00
6.610412161788753460e-01
4.808716921042490711e+00
2.268526543825998541e-04
4.977563428303627191e+00
2.004952048856427638e+00
2.566771960661001550e+00
1.691550906071347615e+00
2.855555960212141087e-01
3.889630414085744614e-01
6.761650263135736694e-01
9.189640284224855904e-01
1.877402051504910130e+00
5.309069956003291679e+00
3.276799090734237030e+00
2.300259735724067944e+00
2.329945392085006617e+00
1.578256612549207016e+00
1.654376036796998628e+00
2.642588722131458567e+00
6.160325866546627616e-01
1.984389404684520075e+00
2.246816839927097575e+00
2.553546081186079952e+00
2.547850148308657303e+00
2.320470688261421421e-04
2.975489644790058286e+00
1.578031712101579220e+00
2.335460471315729425e+00
1.621617694376275232e+00
2.458590047824569691e+00
2.704136462000043650e+00
4.699614887152646636e-01
2.221852385176205757e+00
1.377634598441685565e+00
7.303887391991384023e-03
3.971016617154587980e+00
1.276317917055645568e+00
1.931495831092793658e+00
3.705734324021678461e+00
7.206626152334856261e-01
2.086488176182436316e+00
6.835476747766797700e-01
1.260515079195746235e+00
1.860503815203975231e+00
3.862202602893323622e+00
1.421288044643672591e-03
2.768968747684282666e-05
1.452670381257191945e+00
1.610295637248776890e+00
2.449761369776517927e+00
2.420515272133239471e+00
3.583259799914424448e+00
2.338850583909971359e+00
1.729390386092436893e+00
1.455677937399032285e+00
2.618759453983973695e-02
3.084105539197932622e+00
1.076940503324180998e-04
8.284554531438533820e-01
2.281979063418186460e+00
1.602142084109650977e+00
1.217939681363534365e+00
1.937374729697113107e+00
9.378501628481922259e-01
3.441629254316489472e+00
2.229243815104355875e+00
1.356344555760431003e+00
1.917741286585643357e+00
1.805141758887145009e+00
3.277676162172234342e+00
1.365334642753806893e+00
7.760847155569775779e+00
8.746826963690697010e-01
2.476080982458414681e+00
1.184410172896397162e+00
2.693355503098818104e+00
1.500306641696999455e+00
2.634476731635811753e+00
1.375698399285160356e+00
8.490032742890776252e-01
2.387045801947615509e+00
4.220391277099698746e-01
2.992599058541410173e+00
1.861715221624113958e+00
6.923710226906520937e-01
5.527723628017233715e-01
3.441451152634552452e-03
8.009501525712661163e-01
2.847463026030915945e+00
1.813258898114940454e+00
2.251400257987931294e-02
2.380766273600737099e-04
3.662998923000254869e+00
5.905362027415546500e+00
1.804311570422013178e+00
3.191577810895602774e+00
4.115981065823506313e+00
1.394652730585248968e+00
1.105247658965845758e+00
3.704559953494951895e-03
2.476419307378276979e+00
2.766559141297914248e+00
2.819754497377300773e+00
1.331474702991341186e+00
1.844582204474597198e+00
1.412598298154360776e+00
4.842132595544367923e+00
2.586815233718456675e+00
1.905545232837627112e-02
1.794996693010223909e+00
2.271063532646808270e+00
6.536873458389532709e-01
3.410931722859383841e-01
1.498316368832819157e+00
2.687894110084048549e+00
1.580693439466028138e+00
2.831124369819275621e-01
3.215160888740055345e+00
5.320415930177046171e+00
1.521118299740546131e+00
3.520816734394796477e+00
2.391751444390676440e+00
1.417413072732716026e-04
4.361938364815923563e+00
2.411380323601026276e+00
2.233951938409504123e+00
4.691871595070621053e-04
3.197901535171727419e-04
1.954866697158988087e+00
3.259838536485770710e+00
4.749404537251872505e+00
2.691526405592750137e+00
8.051352814847926309e-01
2.133669423413476984e+00
4.954433010829345285e+00
1.121886611631643493e+00
1.850172942556374420e-05
2.737198023802821734e+00
1.525596530113997762e+00
3.470903282711098381e+00
8.543312763971052659e-01
3.080634230149840391e+00
1.167446767380999617e+00
1.583488984602695826e+00
2.745639129657114541e+00
2.943998812489350136e-01
2.157900378124309793e+00
2.178635221960421031e+00
6.318802631688072324e+00
2.011906126545043083e+00
2.918491095378314082e+00
6.969592399930679694e-01
4.484192225292708223e+00
2.715980274862882671e-04
4.344048153368984089e+00
9.655620273321121605e-01
2.546813699139807596e+00
3.172250260765963503e+00
1.999827614244068297e+00
3.613121518907436158e+00
2.676339606466042298e+00
3.603533087387846435e-04
1.297261005757553542e+00
3.084087989240004379e+00
2.473786768700967308e-04
7.308867181147571390e-01
3.037762954866182863e+00
7.362074537789162513e-04
2.951687501643570855e+00
1.024451415978878233e+00
1.154791531503131630e+00
4.501550544762474182e+00
1.161753783024948028e+00
1.088111038869744140e+00
3.340820240399752284e-04
1.865859999382847967e+00
1.369448369555618772e+00
4.183128243564912530e-01
1.212727088426630795e+00
1.763160104327791355e+00
7.901915334463565088e-01
2.317356817677244329e+00
8.921730822495536062e-01
3.274364227445646924e-01
2.752792603642635783e+00
1.133091874872949045e+00
2.211616247437300231e+00
1.996706603042436967e+00
3.652558989660790179e+00
2.881380351181534571e+00
4.980716485309745423e+00
3.174038652368960101e+00
1.496928850034277447e+00
1.300000585569594191e+00
1.783344811123934948e+00
2.783914485320676313e+00
1.187488630852133964e+00
1.818610088827520288e+00
3.038693214709175194e+00
4.177880862395741413e-02
9.043430801213864223e-03
1.205789600358201374e+00
2.412032167584952686e-04
8.215094543505093078e-05
3.466629115510304615e+00
1.742689089034752836e+00
2.605536374335465588e+00
1.804371379350703464e+00
2.829727285290772887e+00
2.683503653578357184e+00
2.736276242361562527e+00
1.615795576679867479e-02
2.429753240901342259e+00
2.456994297901308411e+00
1.864928664780169276e+00
1.328832076530650053e+00
2.742964625725305083e+00
3.013393849583713369e+00
6.479224057020788186e-01
4.452113390131300363e+00
2.983830343781018524e+00
2.343686509438645427e+00
7.566792972577789378e+00
5.164007126359630107e+00
3.156883871922800289e+00
2.653602122397654917e+00
8.060869276615744150e-01
1.073462154857093509e+00
1.594978879994537024e+00
3.700105099256682491e-05
1.126966777637295136e+00
2.213118222614498087e+00
3.466474808024522236e-01
1.472232121070750965e+00
2.781253974030071241e+00
2.899023142981328682e+00
7.582878497078160418e-01
3.449231774970575731e-02
4.975805344429421462e-01
2.269809549395490400e+00
1.594680761269737790e+00
1.783038082945839875e+00
1.237393754532301049e+00
9.548750007493672642e-01
6.373255073649118918e-01
2.378775568235929505e+00
4.340331473842298227e-01
5.803155300539547534e-02
3.448378428594671696e+00
2.380282858693456127e+00
1.195854250072695191e+00
6.816772468678080621e+00
3.909832847518193155e-01
3.400153922768792469e+00
4.599593649256778605e+00
4.023655988548158646e+00
1.222570927116546358e+00
1.360114085400538075e-01
9.791380376541405361e-01
1.934547212431479313e+00
2.588715676183456438e+00
1.407752989388824094e+00
5.002872141564814967e+00
8.577608846939593944e-05
2.941402474216154417e+00
3.831193297114021679e+00
2.738221828809435543e+00
1.692461423769037410e+00
3.630268053006656448e+00
1.890243355756900057e+00
2.312669815307082821e+00
2.611430745468809711e+00
7.812972762359997603e-01
3.109606000034011331e+00
2.058370861266376473e+00
9.170366882049701962e-01
1.756640853134616043e+00
4.309628344706592173e+00
1.941886674560105996e+00
1.352360427418159983e+00
2.738197279174383603e+00
2.718867149300737557e-02
2.849969950909573058e+00
2.471013299830591592e+00
6.610700193486176435e-01
2.803473764766973630e+00
4.952272207337672735e-06
1.687887758359444490e+00
2.589363767720982867e+00
2.406527503744810836e+00
1.003508458663285863e+00
9.036130563431392648e-01
1.395401680828627811e+00
3.401923558650080004e+00
5.068595639465380831e-01
4.952272207337672735e-06
2.783021479131570164e+00
6.297844806516949001e-01
2.290548570062206135e+00
5.247968622741152611e-01
3.568264155934510740e+00
2.542645206797866209e+00
3.067764242771961136e+00
3.450214696660273805e+00
3.869770569036471652e+00
2.212008902784351250e+00
1.487555553789190688e+00
2.614147315626111023e+00
3.520706543219333517e-01
3.012756013019215473e-01
1.117417746984671334e+00
2.794776954401728464e+00
1.036125028174799345e+00
5.369376805459777913e-01
4.093663121321058918e-01
1.050771859621210336e+00
1.739053274564470897e+00
1.956982714015147007e+00
3.352525799407033436e+00
7.860870909827599728e-01
2.213797212774791134e+00
5.317410120530439155e-01
3.878960790185245422e+00
2.472302936287193553e+00
6.034600082347859606e-01
1.087706099911579294e+00
2.911070705428809857e-01
9.239414717455010084e-01
1.886990800981281691e+00
1.143343886592528946e+00
4.070365110005237597e+00
7.941375509293129298e+00
5.446038049766033229e-01
2.617880719429130920e+00
2.734672710032328702e+00
2.728697482199103685e+00
1.211393495047659030e+00
4.108122867963841962e+00
1.857444676707353803e+00
2.567131637287862755e+00
1.542630692135378734e+00
3.163698638318998224e+00
2.590210259396783066e+00
6.644810223831695950e+00
4.952272207337672735e-06
5.710177674852182257e-03
2.462706063648425481e+00
2.731414439446699483e+00
4.935160713657338882e-01
6.052874320957732923e-01
2.514211404646331527e+00
1.598831289757828289e+00
2.483504331065624182e+00
4.710665290512591419e+00
5.398364079099725599e-01
3.786131762967545722e+00
7.034911885191145347e-05
2.204163477935027871e+00
3.923516805913339400e+00
3.123061738730926962e+00
3.090884060226244845e+00
7.803200637163020259e-01
1.875814776389160166e+00
1.316621792495736409e+00
1.691569721718199526e+00
3.921023559093260502e+00
2.613793045217187139e+00
2.550328954370160606e+00
2.110833794613659276e+00
2.010473765150543102e+00
1.390948795295054996e+00
3.796507048614083208e-04
3.923131094134907126e+00
1.367782871519910117e-04
7.941067243411016330e-01
2.741096332448196213e-02
2.403341812705273473e+00
9.157834830945942306e-01
1.683528522744579092e+00
3.595958431110861109e-01
1.096388676039793175e+00
4.402655530547564311e+00
5.252233419930698588e+00
2.324701308362671526e+00
2.197609602862129474e+00
5.280811873054751082e+00
2.669325597168730191e+00
7.194311049975974856e-03
2.136545811794570149e+00
8.307213229713061864e-01
2.647547611215059771e+00
4.172011374355340863e+00
5.913451467920440852e-01
2.991309145519648549e+00
2.248468732863691422e+00
1.512060957315014997e+00
8.524752375008746164e-01
3.823220244637971277e+00
4.304942631034719414e-01
2.407153059316814225e+00
3.891114029726761014e+00
1.201466751617060291e+00
1.645901908646011602e+00
2.109519857431921608e+00
3.192878443473706973e+00
2.339268585559548530e+00
3.306506757623731474e+00
3.106499739640449675e+00
2.030569110909676844e+00
2.540119371221334355e+00
2.635422904538444744e+00
1.123303963299878250e+00
7.484053808824412402e-01
7.467212271704970483e-01
6.814013099651459626e+00
3.668850060368104238e+00
1.392318980963253364e-03
1.937790085887371117e+00
6.166905651898477725e-01
1.770519314299645597e+00
1.250703821865019272e+00
2.858519853931887678e+00
5.632130357771517604e-01
5.898715460727084643e-03
6.792361376137201479e-01
1.727117333334862725e-02
3.269112543715726460e+00
2.380691285680171632e+00
2.057180549604990638e+00
9.896196510496175769e-01
4.925774645838410848e+00
8.571989010579811330e-01
4.952272207337672735e-06
2.084002195341302599e+00
4.161887803298633060e+00
5.008142937519466820e+00
1.487138127722715586e+00
1.838412111553608064e+00
2.527054267824410783e+00
5.359985897801142901e-02
6.259635071908273840e-01
2.559593137274733365e+00
3.035341057177642021e+00
1.635517548746560523e+00
6.123534686563822937e-01
1.967967486683309009e+00
7.303897136720287619e-01
3.036840662061247031e-01
