6.549880410962950789e-12
3.216351784859841781e-12
5.717721018613051907e-12
4.046697634170369795e-12
5.903529815446220524e-12
5.798861111212441705e-12
5.141460532851427209e-12
5.141529864879692120e-12
2.543978602698092946e-12
4.181878367274544064e-12
2.700674364535142326e-12
4.056553835912074859e-12
1.083921825923985517e-12
3.864310964127085540e-12
3.898476807403486541e-12
3.962763044465711471e-12
4.372102047372326228e-14
9.966851156636145264e-13
3.664315570326272172e-12
1.767190622788625463e-14
3.682994065672484595e-12
2.090694085029153942e-12
1.104792969977521694e-13
2.396327088264168760e-12
2.344163930249636148e-12
5.003568419302327993e-12
5.843144404691657157e-12
2.517276318798014491e-12
3.655052269479927677e-12
3.400192802977601279e-12
3.504444926934994744e-12
2.640015190158099200e-12
9.770573612522626402e-13
3.165188568467738296e-12
4.181269418109826710e-12
3.975072656343605996e-14
3.692851760977370689e-12
1.075636340266838526e-12
3.236917156144686820e-12
1.070181445518843007e-13
2.321936866617448520e-12
4.137449494406326837e-12
2.040283037181654616e-12
6.589908097709675271e-12
6.563519728275473394e-12
2.333316566432575396e-12
3.670590656754303695e-13
1.691341708471099010e-12
1.015657548289878133e-12
2.562803505216525217e-12
2.540203900055750530e-12
2.300456926909127115e-12
1.059656619671526678e-12
4.572298720836690002e-12
2.208006680548665448e-12
2.252771206450040173e-13
1.108906176733604745e-12
2.200573063095496465e-12
4.308161572241244607e-12
3.430384657140018705e-12
1.088765252289216185e-12
3.995638737103550876e-12
6.770375791861216951e-14
4.447220572066995703e-12
4.091059594616045283e-12
4.640568102753161213e-12
1.128887706576850784e-12
4.533118302574195561e-12
3.243211822237022191e-12
4.051060944816967919e-12
3.671689578154300427e-12
3.001396428031008142e-14
8.282479934673664432e-12
5.318939420086768521e-12
4.270302195922049812e-12
4.536004053096153162e-12
1.627069861727515266e-12
2.601140464751923917e-12
5.830860747091331745e-14
3.527279516831433951e-12
1.274097024480211186e-12
8.318011524740485096e-12
4.372534023094081408e-12
3.166529854879107226e-12
5.281218759245506832e-12
1.553078399685633772e-12
3.052332712273649913e-12
4.502965761610068897e-12
1.966728485054188464e-12
3.470402001893959036e-12
2.060212517922712964e-12
3.102228260288874336e-12
1.563307725229126838e-13
4.001194715878970736e-12
2.689485477322649950e-12
3.716215159814451640e-12
3.071783802168881941e-12
3.842980839264945264e-12
4.747356729784641073e-12
1.408105961053904957e-12
2.354220997915067649e-12
8.191754820779518189e-12
2.855990559155177813e-12
2.901723700336781653e-12
4.459336125221100818e-12
4.091519452157696189e-12
1.834962995149475698e-12
3.111015019639163378e-12
1.742397675132921016e-12
2.063373694737096913e-12
2.899394613507958416e-12
1.436527861772611697e-12
4.091631627741987139e-12
1.337789055467006259e-12
2.792320672570395196e-12
2.139734474941260453e-12
3.120587625362658898e-12
4.207235249268152194e-12
7.222165433153638949e-14
1.578172869874726899e-12
5.782455191210193459e-12
7.353450473387433818e-12
4.486228988728350467e-12
1.235703018185594232e-12
3.535632581643806661e-12
2.508054909326632661e-12
2.064959134410927955e-12
4.279221315932666626e-12
3.607490355874477383e-12
1.469782309657224941e-12
6.974432870473977319e-12
1.385721330270074951e-12
1.071998956581392948e-12
7.898984990139595519e-12
5.935294882011998575e-12
5.799410371829683323e-12
3.202636110728332155e-12
3.803338309309791431e-12
1.847492082489539060e-12
2.775633928009453717e-12
4.137292258680634206e-12
3.404272516907140987e-12
5.195097402977301775e-12
3.969575312198431532e-12
1.403071511781277046e-12
4.228781071195016333e-12
1.282811893702357089e-12
2.694885826367402674e-14
4.764678607925005251e-12
4.619836490342978391e-12
3.197655977198845620e-12
4.000932040811134888e-12
1.233511258769400880e-12
1.046399751161907241e-14
1.013138022743583498e-12
2.472800407072972167e-12
3.962014756489616328e-12
4.533275943749368838e-12
4.271559141765926256e-12
4.812965292093145266e-12
3.810510873721522274e-12
2.727815836066460863e-12
1.361060192080595608e-12
3.517491106833583012e-12
3.218537424481073275e-12
3.342115722918134080e-12
4.061277702844006205e-12
1.299980250733774254e-12
4.920091685948119562e-12
5.157805913201157823e-12
4.334380856858369373e-12
2.726559398219055204e-12
3.427203933800955766e-12
1.251873094796482596e-12
1.448100359219626930e-12
3.664750087566282047e-12
4.166659984776947204e-12
6.314883991800538790e-12
4.142365252801765680e-12
3.872586075868497150e-12
9.095886889784633825e-13
4.003955429302019772e-12
4.897825248398644197e-12
1.055904281086870554e-12
6.019660066784866109e-12
2.616917666493955138e-12
4.074657462719642379e-12
1.778650129027216832e-12
9.917517691752801910e-13
1.744996588933422602e-12
3.597514994992578701e-12
2.123607932019708819e-12
2.388610568201379711e-12
7.850802154608932495e-12
5.807486096248201260e-12
2.490075119029194901e-12
3.551521772970077382e-12
2.027411584120854358e-12
4.793449879472774756e-14
1.807506142091557231e-12
2.838404447086066709e-12
8.942914532903978406e-15
1.473807391506162393e-12
2.539660513804480888e-13
5.985901411696670883e-12
5.407099134263454066e-12
3.934363289076181438e-12
3.048991204764574265e-12
9.022765953867939578e-13
2.360899739620805482e-12
1.028186302367689532e-14
6.280664886911674668e-12
1.696969852004633342e-12
1.063009887136738330e-12
2.719041694769187552e-12
2.567020166365551716e-12
4.202934751615326278e-12
3.250130761852557941e-12
2.389746417785742214e-12
7.504733817247953962e-12
3.776524546033473425e-12
3.728338428847592799e-12
1.532681769847937970e-12
4.011868161506294055e-12
1.323597771210026700e-14
2.348212349128159199e-12
2.901520803491655782e-12
5.201884163358537164e-13
2.943564913455309636e-12
5.472227089121734376e-12
4.662843895429668971e-12
2.290182008616998718e-12
2.189451476840618069e-14
1.959195726244918463e-12
4.489383825687836412e-12
7.388423103731806661e-12
3.818498980286889090e-12
4.070271003469705969e-12
5.079562731837462599e-12
4.096220571656824364e-12
4.376841964005572193e-12
4.357059053243615372e-12
4.904802470347264632e-12
2.647585188730618245e-12
5.361416586169098341e-12
6.766176831463654271e-12
2.406250160905067606e-12
3.009700146241679113e-12
4.063501756050358067e-12
1.845649806813796699e-12
1.608987112435201569e-12
1.346214502821022081e-12
2.847543774623610970e-12
5.631635268102200368e-12
3.683624728700924716e-12
2.457867454202420470e-12
2.353594735166070501e-12
6.774758305149183896e-12
1.469372056313245192e-12
3.664984359841284490e-12
4.233123575309626148e-12
3.785753686306153615e-12
2.834207355806323206e-12
3.187283624323960692e-13
2.992676844282944050e-13
9.952850320649187630e-13
1.974775581374271635e-12
3.894757783270827670e-12
3.751521305919987954e-12
5.590002221292939883e-12
4.142464660098434942e-12
4.357526096494478118e-12
4.662731024498280678e-12
5.326501699317135893e-12
4.269081703783826229e-12
2.353825109602728701e-12
4.575070307111012812e-12
1.556705964950492504e-12
5.499197506071273864e-12
2.515967048969592809e-12
1.935149847583692141e-12
4.030339195756911529e-12
2.936817869862999971e-12
1.806183305595507451e-12
1.027889742615216271e-12
2.616135281209255398e-12
2.971688898839243461e-12
4.445957406308693965e-12
2.730097761901083442e-12
3.957904719809893040e-12
2.449505172981689576e-12
4.058217590133398011e-12
4.068813270346720687e-12
1.408063901788690621e-12
3.072534260176290597e-12
4.055154022988388883e-12
3.813939671417592664e-12
4.534180090741660258e-12
3.288912945129528297e-12
3.037574320577788667e-12
5.582938544587335593e-13
2.267842573889018112e-12
2.403807425745902202e-12
5.852693275361297838e-12
3.963483100567306316e-12
5.404440508372958670e-12
6.176445502319072164e-13
2.219739092539279075e-12
9.752414582093617254e-12
3.973771960854259005e-12
6.732308073066517135e-12
5.764855641200663930e-12
1.423093248298354180e-12
1.685232297860975554e-12
2.214913087013665122e-12
4.002716985612490175e-12
6.691772071621952157e-12
1.365177698789304175e-12
3.914514097583549352e-12
1.548471913118053620e-12
1.403640659880732230e-12
9.161919942869006976e-13
1.474293430387291549e-12
3.930454105469390127e-12
4.028424281717159300e-12
3.249072184255639773e-12
5.720663100317647608e-12
2.356019891013921633e-12
1.561498848594912261e-12
1.978694784663659738e-12
4.979973981574390822e-12
2.451360942589711682e-12
5.542843162446265214e-12
5.893186298316483222e-12
1.665222801187550498e-12
1.430157291393720378e-12
4.348806294326454421e-12
3.443325273374004173e-12
1.155829654792341494e-12
2.942733795877358177e-12
3.509554326503426408e-12
3.226533701523316611e-12
1.432459166948331622e-12
4.921626507888484148e-12
3.007536572876376112e-12
2.141562895281402795e-12
2.866316432733556515e-12
2.865179772093633050e-12
6.858910488101628676e-12
3.476880939050534468e-12
3.482504848929078712e-12
1.377570740810213008e-12
3.105289295177844787e-12
1.090811627017893779e-12
3.877967114613080770e-12
4.788184326096865699e-12
1.091323581931623569e-12
3.268291169444033684e-12
3.004596438227702757e-12
2.860527173744793522e-12
2.090906443986922007e-12
2.933585627078393800e-13
6.144509587884763589e-12
3.793270982578801043e-12
4.480457099915717260e-12
3.240504020196577204e-12
6.020138124709325544e-12
3.513431914813505224e-12
2.323515226564659636e-12
6.606720405036685557e-12
2.566987863822903863e-12
2.249101863320594312e-12
3.493678820182305072e-13
2.011369524171979150e-12
6.732504980108319994e-12
5.006740315248401197e-12
2.826516629957018788e-12
4.080139058224622072e-14
3.882043627508964772e-12
3.152456944218693270e-12
1.061944407090823979e-12
4.100116515055690530e-12
2.568448946617126368e-12
3.409579128946340163e-12
1.658043965267494638e-12
2.929348952145331322e-12
2.654730519633086021e-12
5.632202972012860445e-12
4.181901201922387200e-12
1.514400583125690045e-14
1.919126041516112383e-12
6.393949500250451899e-12
1.460274986519248185e-12
4.788261472296848155e-12
2.249716025831248618e-12
1.348243225842067093e-14
1.204970542631621753e-14
1.973155726336687521e-12
5.144328959027028439e-12
1.320717042460901983e-12
3.673185192254046159e-12
4.281162310905210751e-12
1.321849754319083506e-12
2.383015208305496099e-12
2.349310810011429023e-12
5.420402880497403425e-12
3.803824933556703060e-12
4.662663072426789752e-12
1.210154236029934929e-12
4.561383457642360524e-13
5.103313702637632300e-12
1.646597624986873469e-12
1.099998202338947218e-12
9.919792572237399673e-13
4.703873984192956658e-12
4.631670055371439300e-12
1.090439273974353527e-12
2.527046044849555436e-12
1.816851544673720992e-12
1.066794784274964235e-12
2.667882682978412339e-12
5.763886396807743542e-12
4.279347196340500399e-12
3.760584652851495110e-12
4.834984077163999794e-12
2.627921420054584375e-12
4.137602808601922741e-12
1.045802624570002091e-13
2.137694482040811640e-12
3.086231591512046473e-12
1.799683886090317108e-12
2.750868928131993531e-12
2.641326293462093483e-14
4.567747405684564816e-12
1.468129950647224095e-12
3.049301197688970993e-13
3.965326289893332300e-12
4.273593488311426783e-12
1.596032314565064011e-12
1.637012697468619776e-12
2.563477389025758475e-12
2.173363195362250105e-12
2.345010222332691946e-12
3.056333912780301541e-12
4.343953211003829919e-12
4.654584678646032827e-12
2.397431191078206921e-12
6.896623532530414165e-12
4.035144425477661907e-12
4.195256839494012399e-12
4.854974674975351526e-12
2.791727443608497386e-12
2.111563331325261365e-14
3.957844247099353510e-12
5.794049432645629600e-12
3.819586482374289987e-12
1.722985151313290727e-12
3.910288840462282435e-12
3.944626422026316274e-12
4.489472161527121590e-12
4.992740725087383880e-12
6.975510868621013873e-12
1.097620754531106726e-11
4.875663327205850121e-12
7.334376539179456257e-14
1.260727541414172829e-11
6.246269544690159973e-12
4.092414674387110259e-12
2.188604010041611624e-12
4.339214435774717512e-12
1.067376652976968222e-12
4.203511622467396983e-12
3.687898477090194123e-12
4.849203236485514503e-12
1.932278357799889265e-12
2.506376467451483403e-12
9.412527287487949467e-12
6.124476446370272242e-12
5.040687685121783320e-12
4.401856612623786337e-12
4.467302466807360444e-12
2.163236273489948521e-12
3.863918110248616805e-12
2.957568740834556462e-12
3.732022782934171913e-12
1.907132389236115526e-12
3.714343717909894317e-12
2.882102891994586084e-12
2.936269366918592849e-12
6.610851925672578565e-13
6.180574608251179538e-12
4.269801707130226212e-12
1.017724877411259977e-12
3.168066220205392267e-12
1.749666207733674835e-12
6.190349849483780416e-12
3.231158708092696677e-12
2.798962703735304868e-12
2.425518501971523488e-12
2.211608989244909962e-12
