9.578259923694922406e+00
3.293437719858636648e+00
7.722685619671702639e+00
4.598039683522991083e+00
8.220469983437961758e+00
7.893867387899172527e+00
6.821244092065030351e+00
6.585033070300273295e+00
2.343893428828866199e+00
4.830271294191104126e+00
2.540019225325508501e+00
4.629841328304402204e+00
6.216945959271724664e-01
4.344271767359540348e+00
4.380810715044389347e+00
4.539816351958998908e+00
4.682566010700094767e-04
5.352100366513674601e-01
4.023220277907734399e+00
1.962077095477379751e-04
4.065559341356915546e+00
1.742039199453012444e+00
3.350780981116595336e-03
2.133983588050528901e+00
2.098448518587849421e+00
6.346140915661468540e+00
8.112512311723335756e+00
2.297493162553928325e+00
3.971474926197724464e+00
3.651450962371030506e+00
3.762897303592938059e+00
2.471402337175011343e+00
5.173539801880849831e-01
3.218766642735361394e+00
4.902104118876144945e+00
2.619218668155780575e-04
4.144889054228961811e+00
6.116495993419300836e-01
3.332764768058550153e+00
2.656872954826738735e-03
2.035420001681201629e+00
4.753580089660256469e+00
1.690500753877804518e+00
9.866476449851965924e+00
9.596518087479017467e+00
2.075189694713292177e+00
6.363841743223758174e-02
1.240686817150543408e+00
5.543570395949023455e-01
2.349685939264499979e+00
2.332585248781376741e+00
2.033493915189437118e+00
5.956318400849398564e-01
5.684276918872402717e+00
1.885950358354585576e+00
2.380311890181337903e-02
6.486432675118529723e-01
1.878594583267050533e+00
5.158354608467821123e+00
3.628977501984401943e+00
6.272417936826966134e-01
4.611444996118974515e+00
7.963334380958384494e-04
5.403837093838532724e+00
4.673787974568739401e+00
5.684940659166983323e+00
6.724274532786521652e-01
5.451443382700913887e+00
3.395785557104809893e+00
4.751397332853528610e+00
4.010917579049841919e+00
4.032831303271539568e-04
1.346384683062929355e+01
6.928693728879019353e+00
4.984452661684286134e+00
5.601033531387425768e+00
1.172440412790141995e+00
2.424416306663008669e+00
7.415545140003359549e-04
3.789198777132480433e+00
8.123630672517337947e-01
1.383568923482216917e+01
5.230719700672801231e+00
3.218799369144530242e+00
7.008212505613238719e+00
1.093416766232119031e+00
3.044927836061619875e+00
5.517134686561885104e+00
1.572118858199388347e+00
3.689966752085477530e+00
1.692548312974118785e+00
3.120195455268455209e+00
6.761381659620698675e-03
4.520717162030135405e+00
2.522729772289441286e+00
4.108450165734773840e+00
3.079589076905993483e+00
4.269229889233645103e+00
5.842422005739261515e+00
9.438592898978801493e-01
2.114635101203438339e+00
1.324340069443213075e+01
2.762643737674233879e+00
2.829246637729667668e+00
5.431427335556672453e+00
4.674600409710427229e+00
1.419587941651587526e+00
3.167915366263134302e+00
1.299297194921238185e+00
1.711429559974473102e+00
2.813080446139395452e+00
9.725983001850199150e-01
4.674757357829949278e+00
8.740541864439602682e-01
2.684414548886987717e+00
1.819830608944980943e+00
3.156709192319532953e+00
4.928406135085748652e+00
9.244633109194354227e-04
1.118950443912796189e+00
8.088056679705260876e+00
1.156844912023125005e+01
5.510693181805020657e+00
7.758382173336334509e-01
3.798593799905963131e+00
2.278928305209702909e+00
1.714099087089903106e+00
5.050512971549003360e+00
3.943013090066149751e+00
1.006569207420388024e+00
1.040369158060482491e+01
9.214406639236227825e-01
6.100474549343476438e-01
1.258873482048445425e+01
8.167304046171729226e+00
8.097475305877543050e+00
3.273516129140132680e+00
4.274928979325888889e+00
1.434146499851634449e+00
2.644398526766926327e+00
4.753233544006480571e+00
3.586612550626467666e+00
6.901828878340882767e+00
4.519996911382539118e+00
9.388123333603189957e-01
4.911761973251985935e+00
8.204218395660017871e-01
3.864011200375558255e-04
5.973675231616152104e+00
5.742184797404747520e+00
3.269147793906520327e+00
4.556454581923181202e+00
7.737504839947799695e-01
2.783198428928839244e-05
5.520103033054257757e-01
2.233342808626332054e+00
4.520123422743855812e+00
5.451717564808324035e+00
4.986478960049912423e+00
6.123572619964574137e+00
4.268853590156452604e+00
2.578975499255093062e+00
8.965540211316698205e-01
3.769562622308588740e+00
3.297530455595345966e+00
3.503123721479820318e+00
4.669770199686555046e+00
8.372386613061767457e-01
6.164189026797654236e+00
6.811091580639743626e+00
5.152361111209432742e+00
2.571974259464500978e+00
3.624399638852374483e+00
7.912160636932252800e-01
9.843658887791715273e-01
4.003864618339743053e+00
4.862477508627360834e+00
8.963359164442355365e+00
4.841587695213281251e+00
4.335266142599651928e+00
4.519231263717253810e-01
4.542978603653829772e+00
6.216651068731541052e+00
5.947365456757246482e-01
8.342061685577593977e+00
2.435221095108015987e+00
4.745506361365436909e+00
1.349110776420322511e+00
5.322766717972180484e-01
1.312295489147910610e+00
3.924043487162435451e+00
1.783914445653552505e+00
2.131338952048476454e+00
1.242479458775851242e+01
7.904916151671590896e+00
2.265067075260644103e+00
3.826345912364600199e+00
1.673741554197740955e+00
4.932291414661067091e-04
1.388794515700208398e+00
2.738935414004378899e+00
4.952272207337672735e-06
1.010263078590662333e+00
3.342353166101652562e-02
8.391204804199723810e+00
7.302539640708717528e+00
4.419402670620093510e+00
3.038275556076809103e+00
4.510435880445012868e-01
2.101068927804897513e+00
4.952272207337672735e-06
9.136353850492389128e+00
1.256259957470194033e+00
6.086375734137312588e-01
2.563916355495893029e+00
2.359141435114576968e+00
4.937311874463992112e+00
3.398281098507362152e+00
2.123883015634401072e+00
1.183011058670715165e+01
4.205977565701065402e+00
4.137471304621061385e+00
1.071926268213138966e+00
4.613930373491164971e+00
3.709295662974236395e-05
2.096661985269012707e+00
2.823615794933242107e+00
1.228054276019488467e-01
2.887476726695977547e+00
7.464868407630163460e+00
5.687221940916809437e+00
2.010426029807268034e+00
1.181125143779919250e-04
1.595450209740731484e+00
5.372728039023058955e+00
1.155544997049424438e+01
4.235999987330189676e+00
4.666407112901071130e+00
6.715482125854588702e+00
4.733689211679763531e+00
5.268973123405902292e+00
5.136941972516900101e+00
6.272896912988169760e+00
2.474729772202846068e+00
7.016750258101196458e+00
1.001912129007287433e+01
2.170310124402876628e+00
2.980426249380625059e+00
4.701226718856903020e+00
1.427261473274408887e+00
1.151912121133187972e+00
8.823407055609187033e-01
2.807176576935821899e+00
7.549230632474794866e+00
4.065148172865161058e+00
2.219608867100872018e+00
2.077058361179124457e+00
9.995665005708824324e+00
1.006157601345091912e+00
4.013956952980604953e+00
5.028394100731343741e+00
4.188559693302557285e+00
2.733053656047836899e+00
5.448906643547244549e-02
4.725611606706292545e-02
5.343054768216851658e-01
1.591063783536594167e+00
4.395847923457886886e+00
4.186383178578368280e+00
7.465182364128507331e+00
4.859403386946211434e+00
5.137786643974706635e+00
5.686907963808735644e+00
7.106347361000247886e+00
4.982254464534622507e+00
2.077349950354420383e+00
5.527329195760385616e+00
1.097252942376889528e+00
7.283903985377825130e+00
2.326563902633436598e+00
1.538997411378680180e+00
4.634641888280461863e+00
2.883573521987817578e+00
1.382529756728331449e+00
5.668082112972319120e-01
2.419857945183284453e+00
2.933800345220824557e+00
5.294976814711116475e+00
2.587630186182984904e+00
4.447456869873516183e+00
2.215787036166974033e+00
4.713934826508577203e+00
4.665036687771568324e+00
9.438206506658928241e-01
3.077068166616971912e+00
4.700987702276923308e+00
4.261337948961315902e+00
5.453348769334374957e+00
3.474714654603192177e+00
3.020290177326349301e+00
1.448654715704715268e-01
1.965761198132097709e+00
2.142833786294913612e+00
7.997567347704166885e+00
4.514721731980067432e+00
7.278651842128364358e+00
1.994892828278340136e-01
1.925428041233063770e+00
1.723433608009259999e+01
4.551398479536291397e+00
9.866966065442376532e+00
7.819039032787188148e+00
9.589779666245017431e-01
1.235861601580967140e+00
1.910616866648062295e+00
4.634160974067342842e+00
9.777599303402610076e+00
9.006919076581569872e-01
4.402056072773952167e+00
1.088546807356870483e+00
9.393937515048824682e-01
4.620423407753205813e-01
1.010626724247156494e+00
4.427718356404073852e+00
4.600600571228151026e+00
3.354883199448722930e+00
7.983961908060705603e+00
2.076637426747703241e+00
1.102319728232282303e+00
1.600002525225389549e+00
6.513036977083381807e+00
2.205035164620491095e+00
7.370791889100222427e+00
8.080544879792284974e+00
1.217270466546972907e+00
9.661308825400789502e-01
5.232844052963281811e+00
3.631572724318866463e+00
6.975106806203145160e-01
2.883382144240701717e+00
3.757749504444467092e+00
3.365880402953298933e+00
9.684543863288869181e-01
6.167074306776576975e+00
2.995179878182592681e+00
1.803323578707902275e+00
2.773448366544505106e+00
2.764032803957149120e+00
1.014641181682413418e+01
3.710176184169993618e+00
3.714857027902797260e+00
9.133250042801034363e-01
3.120950539241020838e+00
6.286551796893481425e-01
4.393535653893891002e+00
5.985735566629653448e+00
6.293348019725233389e-01
3.375516931730987658e+00
2.998474831937800289e+00
2.765179727311738667e+00
1.771398769652869687e+00
4.495242204930605112e-02
8.795586167057170002e+00
4.240262703339696237e+00
5.418469376887355970e+00
3.387206250227603022e+00
8.343052260405279696e+00
3.762468260926491670e+00
2.045758048772549742e+00
9.592072927134832838e+00
2.374460500638654104e+00
1.937694659918489215e+00
5.709160049134948123e-02
1.663769445552526927e+00
9.867367896366975089e+00
6.327750596469400968e+00
2.722807036163146233e+00
4.006848884598931135e-04
4.371211873201401588e+00
3.192038069450293225e+00
6.006101419085621007e-01
4.750125387693609369e+00
2.361786749344740866e+00
3.651380529304133038e+00
1.206111634640929964e+00
2.865477433967734910e+00
2.490804881570993778e+00
7.549744749198687543e+00
4.830308336016917892e+00
4.952272207337672735e-06
1.513811463707006366e+00
9.237363262373378348e+00
9.968124615768108043e-01
5.918086391600466456e+00
1.958954275409224843e+00
5.808904158586545359e-05
3.731623191024923710e-05
1.596183295653764045e+00
6.590380357585281956e+00
8.573816115562247209e-01
4.057473907147174152e+00
5.026502571836700461e+00
8.581441500371087550e-01
2.117251653758685848e+00
2.074053041437943445e+00
7.360070949491688275e+00
4.256413463114091300e+00
5.686873922876426235e+00
7.517341439308673490e-01
9.029501123931017725e-02
6.511712873291310544e+00
1.193619840458512993e+00
6.386019675507067506e-01
5.325771413425949286e-01
5.762327334739623552e+00
5.779852267505628305e+00
6.290690785868828794e-01
2.310279569881339423e+00
1.391688005402485384e+00
6.029393578064187187e-01
2.493500663593044120e+00
7.816356196568747805e+00
5.147676670929252296e+00
4.179735269661967401e+00
6.004948577641370022e+00
2.433819071756115449e+00
4.753759516049269607e+00
2.791117061361668861e-03
1.828451140674499875e+00
3.098788340364164284e+00
1.373731503713252033e+00
2.617407304689017611e+00
1.723293384331926401e-04
5.634832252108673778e+00
1.004604171863969775e+00
4.985551089980329309e-02
4.521898456430941238e+00
5.028641190829874041e+00
1.139031174799788548e+00
1.187192624847942302e+00
2.354967571417939443e+00
1.841681362570291025e+00
2.064566657220635371e+00
3.054967760383900277e+00
5.136496295811985746e+00
5.813614909336968672e+00
2.150198733883738722e+00
1.023004180617913583e+01
4.672330507989643777e+00
4.979753246018903567e+00
6.109638788798385178e+00
2.663679750476249719e+00
2.384367727640791725e-04
4.447366318156045217e+00
8.134961893990363180e+00
4.265119797663465384e+00
1.277315820046055705e+00
4.370498495507566084e+00
4.517849422996851771e+00
5.373550265568129092e+00
6.310399958913901486e+00
1.040599869163910185e+01
2.054142633545130536e+01
6.080868894053551799e+00
9.798524566033747080e-04
2.528510629531597331e+01
8.932915428308493944e+00
4.698865463739529957e+00
1.860193615876503781e+00
5.200909432828288104e+00
6.030511949879100442e-01
4.901983795450768788e+00
4.068585770970602589e+00
6.083259485083434726e+00
1.554553354060898451e+00
2.286469980614295849e+00
1.631220991943269638e+01
8.729941035655013337e+00
6.473049970095874350e+00
5.216373858807312303e+00
5.440288934148460598e+00
1.857215915394329731e+00
4.320925242721662229e+00
2.945161255658418575e+00
4.132253219563416735e+00
1.501283604725542897e+00
4.108852168701487173e+00
2.816611903652047388e+00
2.872780641972056070e+00
2.168842104858004771e-01
9.036509020142649007e+00
4.983404943574516466e+00
5.557793956449963435e-01
3.216920014055719257e+00
1.319367279230811985e+00
8.699371402276957710e+00
3.321402961441322077e+00
2.683399964780722069e+00
2.183567663766809552e+00
1.896029679234760179e+00
2.033738264141263057e-04
1.180398052306268930e+00
3.146979272183300758e+00
4.413566310248471680e+00
2.158260366868709923e+00
3.706019247479303556e-05
5.527835547667761418e+00
2.587040140634251806e+00
6.002459282628336723e+00
5.057602089293467884e+00
6.189985188703476915e+00
2.874983317631159885e+00
4.606634487777064635e+00
2.596212700617354319e+00
7.118396609552553160e-05
4.890632397735696912e+00
2.486564658684532247e+00
5.269578001480009988e+00
3.384833963125703171e+00
4.950321661142191854e-01
3.361411431429560004e+00
5.908853507249206771e+00
2.949679227857082253e+00
4.520706592790716627e+00
5.321829317930271586e+00
1.053845163242136840e+00
4.952272207337672735e-06
6.331692979288130019e+00
7.553669645436510649e+00
4.198354780921915719e+00
3.865472553323069937e-01
2.968957242967844135e+00
1.646534635709334671e+00
2.222459814156674263e+00
6.051129486875820085e+00
3.981533478793593955e-03
8.743070059934488825e+00
5.374331552647864108e+00
5.457587224765784839e+00
7.831082210616507888e-01
8.113218704015873195e-01
5.688980075961144856e+00
2.636071742486522318e+00
1.868275501933801985e+00
1.748779834817342227e+00
4.581105472669604772e+00
3.062622966249460621e+00
5.786060081871967631e-01
5.761696440341136594e+00
6.165303398502600452e+00
3.638123319591587190e+00
3.842483427638041515e+00
4.438544302168899947e+00
9.418312047912540397e-01
8.685453801114070060e+00
2.579163425839183345e-04
9.443643743891867004e+00
3.822105236393634087e+00
4.673097308925609816e+00
2.646161721732760874e+00
4.850817182873280453e-01
5.913762393465591405e-01
1.168711645353642137e+00
1.615534820184406195e+00
3.178298146753197440e+00
9.591820891730169052e+00
6.062490630262330704e+00
4.261312302909839644e+00
4.295821143817960319e+00
3.114124306639015849e+00
2.960836839528547149e+00
4.907690006581209907e+00
9.812609129381734130e-01
3.861764658962330898e+00
4.361521201177034790e+00
4.804916189313763297e+00
4.744319536266209170e+00
2.203409508499539165e-04
5.728698938870026680e+00
2.812217562853622788e+00
4.469769066823256587e+00
3.302615846538476063e+00
4.518510765193554768e+00
4.862761153543095460e+00
5.976143233104752595e-01
4.140174157911353348e+00
2.462041140235011305e+00
2.949591526692580887e-02
7.193113228576509144e+00
2.263185453800174329e+00
3.730171774640287818e+00
7.036389274652296244e+00
1.238137739717543262e+00
4.108760667783940335e+00
1.046125751599701337e+00
2.195645958718213997e+00
3.527966723830012530e+00
7.385836985310658243e+00
1.233991806434604679e-03
2.791272180035470849e-05
2.686324815936233179e+00
3.141343240381982760e+00
4.514462056281593583e+00
4.516597455502918912e+00
6.623658799783641804e+00
4.402241128664316605e+00
3.220429854027149652e+00
2.292448694231771000e+00
1.913017395107424745e-01
5.607570895601783789e+00
1.087506869654720842e-04
1.135436346791734330e+00
4.449501560062399719e+00
2.989257638975518994e+00
2.092973508816021067e+00
3.661211122821522501e+00
1.687821784088877397e+00
6.566924244292870583e+00
4.193248328371574019e+00
2.355301830105356764e+00
3.650420934272567752e+00
3.610534730105241508e+00
6.352455097215554680e+00
2.545016152118101171e+00
1.384749162164211711e+01
1.206089144098461130e+00
4.520638296285875768e+00
2.039770925426553028e+00
5.139263300034356163e+00
2.719558125881261557e+00
4.946783695101918177e+00
2.404268619903828341e+00
1.395897628311351335e+00
4.358553652532263456e+00
5.947633357508250729e-01
5.473037993517081645e+00
3.598531070246827390e+00
1.071518626070126823e+00
7.346345145725842185e-01
5.528746709398528816e-03
1.215437909027916152e+00
5.457508509712226008e+00
3.455864730487449243e+00
3.496473678089129233e-02
2.601579130290305368e-04
7.047226029923180590e+00
1.105681504518504710e+01
2.829206207144386642e+00
6.009088769391519591e+00
7.463835885047879870e+00
2.417182005553116575e+00
1.971694961229080612e+00
4.687190048592257755e-03
4.520509005504746547e+00
5.216324512971160843e+00
5.467383052284464640e+00
2.620720419359964914e+00
3.341931511174059288e+00
2.524284712900633387e+00
8.787430633532709479e+00
4.757911630358345967e+00
1.539346596575001391e-01
3.194086911800252171e+00
3.700941141553490521e+00
9.287102554500702434e-01
5.405729812249296939e-01
2.701231064575426721e+00
5.015906919762321614e+00
2.470976505337624474e+00
4.739463979325046483e-01
5.839687836748292504e+00
1.035835558814478752e+01
2.765830797147858178e+00
6.880875399875431064e+00
4.367595398318986355e+00
1.397848161548853217e-04
7.902053750213597461e+00
4.418822950284292617e+00
4.389311216320930242e+00
5.955445935652950483e-04
3.643887408337414071e-04
3.744119236356979741e+00
5.918017673554484048e+00
8.896863389580959236e+00
4.910348497123943723e+00
1.185427248949020518e+00
4.108343126817078250e+00
8.960769939904162484e+00
1.921875631717041122e+00
1.850127102714537906e-05
4.982963488699728494e+00
2.989050932859959708e+00
6.701170896028550317e+00
1.419227338452620391e+00
5.124205680959347475e+00
2.173608314070322400e+00
2.896985531911020928e+00
5.206548804588501334e+00
4.983217953412509282e-01
3.861388960012962723e+00
4.141795721275645548e+00
1.159844533016504187e+01
3.859722275143762094e+00
5.456844454491171170e+00
9.916261092221030360e-01
8.150708085628156851e+00
1.915818667558402992e-04
7.874808228962566936e+00
1.453592027545805188e+00
4.903087596323269182e+00
5.763819055623908838e+00
3.321469784984434348e+00
6.917342659507356828e+00
5.031887205730696699e+00
5.815417037277734093e-04
2.533010075764677183e+00
5.607575190585462721e+00
3.149030380802362878e-04
9.771805461531163361e-01
5.526996645120775931e+00
5.586930633789072374e-04
5.578607124864228162e+00
1.855905122568133780e+00
2.119915184112707074e+00
8.495261200756750952e+00
1.930709308407819957e+00
1.496502907355258927e+00
5.596262917241930047e-04
3.228104101043764995e+00
1.963437566311276861e+00
6.357910524199424929e-01
2.115545267688447861e+00
2.717781378106464807e+00
1.406908236559216041e+00
4.115043854609046647e+00
1.379779929357058066e+00
5.236135575291284150e-01
4.983697339723111241e+00
1.541048982712012183e+00
4.258186310094017379e+00
3.902565728382776378e+00
6.976520895805853328e+00
5.405290426210208388e+00
9.610496893497673554e+00
5.764507804525685231e+00
2.851365373722015484e+00
2.161154410424852124e+00
3.222211419813676869e+00
5.281006871270770731e+00
1.955316566336792850e+00
3.120452681980495413e+00
5.528462436496560883e+00
1.765431669902255418e-01
4.719353842509943497e-02
2.061248785857833443e+00
2.615211057641251787e-04
8.054581289287145998e-05
6.378039071051885500e+00
3.124676807055263072e+00
4.980612681640269379e+00
2.869425207749822349e+00
5.385749782635187444e+00
4.903792498532782318e+00
4.983889713566838964e+00
2.407227559279239912e-02
4.414068460016242312e+00
4.413771006971114019e+00
3.420782235746298028e+00
1.987819226678993578e+00
4.995770543361159000e+00
5.674570894382467756e+00
1.013619481985723381e+00
8.076756404487625218e+00
5.575036849233619307e+00
3.986040372502614559e+00
1.363688672397987389e+01
9.963982578175741622e+00
5.762777566083896019e+00
4.954575819326075603e+00
1.384148114440181709e+00
1.884623905841768199e+00
3.031657104905543854e+00
3.709335542266516811e-05
1.595663548028023682e+00
4.170382836711532093e+00
5.356379672405212622e-01
2.539038035512961589e+00
5.058059069721062784e+00
5.386424976841572843e+00
1.018685216491429069e+00
6.487592060139638073e-02
6.087286272309110347e-01
4.261614435830662906e+00
2.604002731583538122e+00
3.275924749024667459e+00
2.152087357373581700e+00
1.541027976046836834e+00
8.744350485856838828e-01
4.506899245232828477e+00
5.766090770870420101e-01
1.255272599581685744e-01
6.243584028243154727e+00
4.297253545952890441e+00
1.929773575337776492e+00
1.227393347150562875e+01
5.819737129444829682e-01
6.166889948220549478e+00
8.714587108628261802e+00
7.284790777691122265e+00
2.120658410871051114e+00
3.176888896438906373e-01
1.371859570189871258e+00
3.852951926525580273e+00
4.955759011171367412e+00
2.533474603787245982e+00
9.044415483968890612e+00
8.006843783350754739e-05
5.373359098856513860e+00
7.519336274605234571e+00
4.985702666906713709e+00
3.423056301050581673e+00
6.677552598016246677e+00
3.671281737596419070e+00
4.264507619487313050e+00
4.908393395009047921e+00
1.180243448369946213e+00
5.687238291268682744e+00
3.375643694291042607e+00
1.384828932956100100e+00
3.184050933030344588e+00
7.817749843908439189e+00
3.558673035869341916e+00
1.932705765048287061e+00
4.985711368805382016e+00
4.711190011309654424e-02
5.217578901788444412e+00
4.731319769151095755e+00
1.062594493896445114e+00
4.689160881425180172e+00
4.952272207337672735e-06
3.003287225127171389e+00
4.753071056463316069e+00
4.371662178497478735e+00
1.820533933828954787e+00
1.633181621036592146e+00
2.456308999320439224e+00
6.165273780549505034e+00
6.454618367080291463e-01
4.952272207337672735e-06
5.058329010658148661e+00
8.645702904361278751e-01
4.279136103793403478e+00
6.567643370673109660e-01
6.419835088603696782e+00
4.815453216499300915e+00
5.822728530347766274e+00
6.594970006034783339e+00
7.265915368229193483e+00
4.198213070052054796e+00
2.932964275612546245e+00
4.753339641456760134e+00
5.370107176240878077e-01
4.849831423712344658e-01
1.847363933999028651e+00
5.090288625434417291e+00
1.450553576205998452e+00
7.489732681645557832e-01
5.970179971710590783e-01
1.599971808964983477e+00
3.449368298113737907e+00
3.872398334275295451e+00
6.083442863084719932e+00
1.085388614349756198e+00
3.638417823691949327e+00
6.270472265639558396e-01
7.360918555372550465e+00
4.750191300165894859e+00
8.466447197924864554e-01
2.044751919182624000e+00
4.829919384153820161e-01
1.404255878080277631e+00
3.519113724872388271e+00
1.543708485232380800e+00
7.370850687737209306e+00
1.434810981094289062e+01
7.152650027183529158e-01
5.008941571465841847e+00
4.928003104675807933e+00
5.043497115671517150e+00
2.377988966332722498e+00
7.874584130273531990e+00
3.487094277180558421e+00
4.673741757093420546e+00
3.072287663264622548e+00
5.762188798520673672e+00
4.908993990413904385e+00
1.183878810869091680e+01
4.952272207337672735e-06
1.399633279978969302e-02
4.581933976391737495e+00
5.107286737479572736e+00
6.328679783015846994e-01
8.804816588924377907e-01
4.654545591854170716e+00
2.977274515372315022e+00
4.520998579584632360e+00
8.510836400221894138e+00
6.969505252799194084e-01
7.051330903858247900e+00
6.949050489421463987e-05
3.796434573836216853e+00
7.109339475335413105e+00
5.686842895646861962e+00
5.291160497983138811e+00
1.150241341946043994e+00
3.671757083381884446e+00
2.342865876783036150e+00
3.098684276992259790e+00
7.105942967344216044e+00
4.752721903017878446e+00
4.673880614322557747e+00
4.039381288687843963e+00
3.740826937777672168e+00
2.484562017932523847e+00
6.393640313323701967e-04
7.106902504924931918e+00
1.371265263170892506e-04
1.144715355796140255e+00
4.136505659402390372e-02
4.505570469396667832e+00
1.425814631846817448e+00
3.144484812440972554e+00
5.573278197851471161e-01
1.546893684918940082e+00
8.334716744328561688e+00
1.016293271710625490e+01
4.505114695283893411e+00
4.127911465566224791e+00
1.014435403490352705e+01
4.752396266571938810e+00
2.243141318385734675e-02
4.151678487876850454e+00
1.435365245831214054e+00
4.917131620530562408e+00
7.797272716670271997e+00
6.790360024380079906e-01
5.452599249187712438e+00
3.858451112085056867e+00
2.694038387802407453e+00
1.269484357131679175e+00
6.929691747249794531e+00
6.171315725261290464e-01
4.371086760732062260e+00
7.247118932886884579e+00
1.960811557995924881e+00
3.156332534991443950e+00
3.420767528728567264e+00
5.925349581222101314e+00
4.521566693874494725e+00
5.999954810527103888e+00
5.921967583598037876e+00
3.953281350697593233e+00
4.676485488237471344e+00
4.972205280079597500e+00
1.921661837650992188e+00
1.018805936933272482e+00
1.017806002524359155e+00
1.232890876228858268e+01
6.993089105626816959e+00
1.160722016367751437e-03
3.702755820151606869e+00
9.672374520706484846e-01
3.309271924195613668e+00
2.175832019429601250e+00
5.217646273657079448e+00
8.579578008796738819e-01
8.710890031666701158e-03
1.059375383715625896e+00
1.515202656777424883e-01
6.150448408552061430e+00
4.452191544938999712e+00
3.969772422637433351e+00
1.627433562273141510e+00
9.489494590066088975e+00
1.370373824596428758e+00
4.952272207337672735e-06
3.341577984918216782e+00
7.693850980234715031e+00
9.043578431200387513e+00
2.651559159811128552e+00
3.618794229196062862e+00
4.776723092386817804e+00
1.184744656459993245e-01
9.133744799428173966e-01
4.673595755577668598e+00
5.811741347516018230e+00
2.986093749455545066e+00
8.731423809797326241e-01
3.800763856230816806e+00
1.224194457932595181e+00
5.071790685895105621e-01
