5.862231454847085510e-12
2.804465491987264067e-12
5.166062803084478454e-12
3.640191019822153346e-12
5.067505702866717626e-12
5.173028322328707518e-12
4.592795255118075091e-12
4.654808070691735331e-12
2.263298130748931498e-12
3.759481431224953017e-12
2.408629498942045004e-12
3.535569470199892058e-12
9.769396662317270679e-13
3.531253326633820877e-12
3.375728862588955384e-12
3.511161820824535246e-12
7.303307433161811082e-14
9.051201377857011993e-13
3.301032971016955130e-12
2.224206667518528089e-14
3.233351239871509507e-12
1.944860879737891786e-12
1.703673050293239256e-13
2.109759138712395954e-12
2.094492637464502120e-12
4.351876796221802471e-12
5.151168274976339287e-12
2.237450426577307176e-12
3.184326095871763094e-12
2.967463091966526633e-12
3.061721652724510943e-12
2.365711846281119035e-12
8.820198062924949915e-13
2.778161816041462504e-12
3.777852624643696801e-12
5.169636524151433013e-14
3.176584194348384776e-12
9.816989802441743910e-13
2.848559145651818527e-12
1.488539048962910082e-13
2.045261090872375304e-12
3.720365597096954421e-12
1.836016373616751677e-12
5.962078941460950899e-12
5.760499503886397900e-12
2.118984679974938648e-12
3.952832538526516278e-13
1.585213672412879713e-12
9.136547054584785661e-13
2.254938802832322353e-12
2.256893017005817800e-12
2.047761949613076641e-12
9.737707702349459511e-13
4.123678416675973205e-12
1.956382807914742983e-12
2.643073990521849353e-13
9.874415664775456094e-13
1.955132830441041382e-12
3.807629893068203390e-12
2.990536987940363186e-12
9.917743707633618735e-13
3.580244921862568273e-12
8.969343826136713087e-14
3.941039446178835548e-12
3.679394730530562733e-12
4.060115150377132460e-12
1.011198411390505901e-12
4.097874151953003071e-12
2.854712032682633828e-12
3.625672685185667165e-12
3.160298407010472477e-12
4.056948879022334534e-14
7.427483712209785515e-12
4.812588894933558295e-12
3.845067524355726548e-12
4.086918629738638769e-12
1.494830749470717935e-12
2.332710738625848637e-12
8.249693476275574196e-14
3.094945777160521684e-12
1.053605323068390208e-12
7.198724198398939667e-12
3.825047445003427915e-12
2.769508620101472757e-12
4.745920028920678635e-12
1.458614131189955637e-12
2.678568317102830566e-12
3.971051740347499305e-12
1.790551267347551021e-12
3.033769346470535371e-12
1.866142909268356433e-12
2.717983992409204224e-12
2.273229851903543541e-13
3.597939013164325946e-12
2.391538994373766228e-12
3.334018176920923127e-12
2.737396604648258335e-12
3.369739230523059600e-12
4.291395123686859344e-12
1.321326109266074552e-12
2.104229536539032967e-12
7.351420211722553130e-12
2.558231922886876648e-12
2.597312551088005669e-12
3.989080042713810504e-12
3.679464152203851215e-12
1.663009630451042471e-12
2.697419390733553705e-12
1.667187317818344774e-12
1.852063646854540479e-12
2.542634835409801437e-12
1.347001970022967694e-12
3.679628047484550854e-12
1.278533308197013824e-12
2.533563363270129266e-12
1.953357064484392950e-12
2.764835250651402960e-12
3.836328370980600907e-12
1.052067828102044640e-13
1.471175456619931487e-12
5.230821478777027203e-12
6.631385890170238909e-12
4.042536329162042614e-12
1.056953750866868923e-12
3.104104418682494708e-12
2.204916213437300742e-12
1.883733187778838540e-12
3.752900760033037553e-12
3.129767702046894561e-12
1.388386859567836489e-12
6.281882344507392324e-12
1.296040937581687251e-12
9.689214921832305872e-13
7.203277151579129744e-12
5.351546882122732666e-12
5.251577070328193409e-12
2.826672060339800150e-12
3.345183120140251576e-12
1.666719264059649821e-12
2.483308834703808818e-12
3.720561247386452139e-12
2.950732940028157149e-12
4.721172284884386517e-12
3.624298549067482083e-12
1.304915755349936042e-12
3.798300419700230717e-12
1.069922413718355383e-12
3.722178621043424900e-14
4.260210884338749340e-12
4.145471545682708297e-12
2.833082934475399913e-12
3.449113904448120791e-12
1.053164009071689994e-12
1.276441385485553469e-14
9.145660136533403211e-13
2.171892064414738060e-12
3.473194754647181442e-12
4.096526804132422972e-12
3.844911793728410957e-12
4.320012675498210940e-12
3.359130663364925196e-12
2.436685342557422579e-12
1.311461897663656061e-12
3.010830417435073677e-12
2.811295934418038153e-12
2.983051548487483673e-12
3.548913279810178797e-12
1.127915787177944111e-12
4.452731199585502983e-12
4.697352797117444367e-12
3.817324061603410995e-12
2.412960128749742115e-12
2.995603257934852949e-12
1.073916266872190754e-12
1.370602278300353241e-12
3.306345662248040162e-12
3.797643593654414006e-12
5.690078080761017338e-12
3.648502515810844817e-12
3.410438795988075347e-12
8.118389686987910502e-13
3.519927269225107185e-12
4.296479117456922006e-12
9.796962602780186124e-13
5.430254672800821679e-12
2.325867883522861953e-12
3.596667451454561164e-12
1.565588733969750741e-12
8.915073325687581160e-13
1.588948138715789645e-12
3.183046254754683950e-12
1.898657685634950650e-12
2.108936649096177331e-12
7.031508317341505119e-12
5.239735631872687822e-12
2.197031750913411546e-12
3.068251903398680627e-12
1.833339621816706613e-12
8.360670107608779632e-14
1.681016599527504676e-12
2.547943014556710951e-12
1.091543095476268439e-14
1.394871300409047110e-12
3.043504512494201341e-13
5.166699374648472705e-12
4.798992004399856351e-12
3.451181018095920890e-12
2.687711646541905017e-12
8.191295213557767413e-13
2.091819429955562247e-12
1.255071860585126296e-14
5.655120597776341193e-12
1.521449859809850791e-12
9.927184823101056324e-13
2.412359451642515455e-12
2.273605735806581154e-12
3.769362129197747355e-12
2.871626372186282826e-12
2.099953726314085741e-12
6.501611725696683972e-12
3.301062013910185043e-12
3.223203030297898324e-12
1.378787610130414574e-12
3.502704307189747727e-12
1.615540445427306366e-14
2.135830824696334515e-12
2.575882560054634380e-12
4.716906531115695796e-13
2.572899147066157163e-12
4.921697036568563356e-12
4.212213417329992650e-12
2.037270563232128537e-12
2.701453026049445007e-14
1.766950787051415984e-12
4.052659433960938343e-12
6.262603561254265623e-12
3.314037831871044663e-12
3.520079993495618009e-12
4.609742453407492082e-12
3.586382691728673154e-12
3.849272586780860661e-12
3.929595977025794235e-12
4.331590939432671817e-12
2.363086793527413844e-12
4.853696332343292765e-12
6.076950522878341274e-12
2.144831037174958059e-12
2.650203597624170284e-12
3.678063343726334771e-12
1.666479717137551571e-12
1.468938224596142581e-12
1.366582790469461686e-12
2.582414558702873753e-12
5.086465129823221739e-12
3.285277063113724629e-12
2.167114956860691003e-12
2.069753290682476857e-12
5.875821832331242943e-12
1.304373134203555021e-12
3.302324011302648291e-12
3.717953041823657776e-12
3.285922133253330082e-12
2.547021244979339324e-12
3.635510239951803181e-13
3.391068189317050216e-13
8.996916551133120941e-13
1.836087770550753038e-12
3.386737114167399938e-12
3.418427063327855853e-12
5.057566585866033417e-12
3.643641611914551344e-12
3.929278281195540589e-12
4.213388623315441530e-12
4.762452262035483824e-12
3.843652618719430044e-12
2.069096273355057657e-12
4.135148755461042254e-12
1.459073971378950664e-12
4.977300931524213744e-12
2.282529413423653008e-12
1.749691441744938646e-12
3.533987948809336918e-12
2.648628255873009000e-12
1.643392162636970653e-12
9.300179191901363411e-13
2.310005610408396738e-12
2.667034830302427408e-12
4.011895710399311270e-12
2.439977815252438055e-12
3.555956227462974266e-12
2.166268265741334720e-12
3.565552904904871190e-12
3.554662886962347316e-12
1.321377330570170672e-12
2.744091336176424422e-12
3.548228055150560246e-12
3.471231007731223920e-12
4.097301997657161834e-12
2.898558982610461023e-12
2.661734283080298317e-12
4.792038897895911437e-13
2.004653461369614400e-12
2.114823191359067655e-12
5.276594025947690627e-12
3.546860648798601006e-12
4.866145797870691518e-12
4.909560178193481847e-13
1.983328897324791636e-12
8.756723292656735775e-12
3.486915205939491533e-12
6.063647741002461058e-12
5.203027096870237587e-12
1.334149882117381325e-12
1.541930561524619152e-12
2.002295377265088519e-12
3.595320896639380233e-12
6.028989312440120836e-12
1.256190755577341971e-12
3.358436712306724581e-12
1.454768350796385428e-12
1.322786916669903999e-12
8.287837148123515461e-13
1.399189733931715371e-12
3.457626544558940941e-12
3.544403770436078106e-12
2.884780532354796498e-12
5.173970994917958006e-12
2.067520548843147901e-12
1.461024001461796825e-12
1.817386416416741946e-12
4.506750942871549837e-12
2.154402327376558883e-12
5.019141003429559613e-12
5.313428076041975758e-12
1.525478537579269431e-12
1.410338067962750363e-12
3.815019540851996528e-12
2.971257071183158363e-12
1.011168829123975940e-12
2.561461848272441904e-12
3.068114026231334922e-12
2.855501645439459896e-12
1.336665375812185696e-12
4.453495938890689765e-12
2.719411396391179434e-12
1.903270254502614251e-12
2.563695951752087844e-12
2.515792689995205326e-12
6.169263745218237356e-12
3.049815974925609607e-12
2.976790723999064098e-12
1.277952768386245109e-12
2.728716398802906531e-12
9.859990065162484275e-13
3.417123974145710801e-12
4.319267269840952546e-12
9.810339043054550356e-13
2.848902159451808488e-12
2.721015331649732186e-12
2.560912568613227936e-12
1.887874947330184648e-12
3.380844698727545649e-13
5.479737672732384219e-12
3.340245366857357022e-12
3.893059820556465189e-12
2.843291620806878721e-12
5.428150903809142248e-12
3.074646738460761966e-12
2.056251083731349851e-12
5.956474908148449954e-12
2.294850241027432757e-12
1.976729445615350525e-12
3.819256483790301664e-13
1.825671766861859122e-12
6.062879982325235741e-12
4.532015335281298077e-12
2.532208438902581743e-12
7.869202519764590510e-14
3.545622389418781298e-12
2.765328391698104147e-12
9.697006545811770215e-13
3.718430213973724913e-12
2.284756648916901232e-12
2.981388771712220185e-12
1.527853201532461568e-12
2.616018315650293765e-12
2.369464800333700156e-12
5.092377846410323441e-12
3.760984576503506393e-12
1.848428215236196421e-14
1.747882528084993585e-12
5.784407681112382331e-12
1.380818131789500179e-12
4.335176631431225645e-12
2.002401672472059901e-12
1.668133927696130773e-14
1.488808074338962664e-14
1.836891052114872687e-12
4.655686304488979343e-12
1.254354154647191734e-12
3.229070642314138716e-12
3.787909958668614655e-12
1.146673902446968101e-12
2.094914881841876200e-12
2.066564750738166555e-12
4.811415902927232816e-12
3.349613155647950956e-12
4.213118829698835672e-12
1.027996433258322252e-12
4.115056063931358891e-13
4.612260447452809017e-12
1.511116531853133760e-12
1.015769705486919680e-12
8.920253413035309684e-13
4.256313982187204259e-12
4.140761018558754672e-12
9.831043744247746666e-13
2.239642734439345201e-12
1.605485817578526326e-12
9.657207192054455843e-13
2.377583173983595631e-12
5.202528568258286997e-12
3.837048746093227359e-12
3.287868435982111167e-12
4.371682323421309178e-12
2.322662590103487566e-12
3.720561959326341011e-12
1.595412053370349513e-13
1.950834273330607880e-12
2.703624054817573862e-12
1.588637056400467810e-12
2.468788109981403607e-12
3.400398066788570592e-14
4.134533086202267840e-12
1.258095705689712369e-12
3.637788941107330496e-13
3.479422619436730583e-12
3.757881607932759265e-12
1.464420108957831266e-12
1.498105163123473452e-12
2.276946951334889939e-12
1.924429980250052033e-12
2.062457780608333431e-12
2.720974295079499895e-12
3.901784818973879700e-12
4.152788617389563278e-12
2.175059057079550158e-12
6.208479769299860522e-12
3.578960903677414826e-12
3.772315605499501528e-12
4.338703116212445821e-12
2.492267489333098886e-12
2.686054794757185712e-14
3.556206805098929129e-12
5.285776340779404821e-12
3.485614045869311289e-12
1.606636716404794160e-12
3.515380490979845227e-12
3.544017193663410865e-12
4.052868438327729289e-12
4.509503259760087395e-12
6.282953769714799511e-12
9.806644937509194637e-12
4.412342043236635805e-12
1.139012899906930638e-13
1.125719187442150055e-11
5.628609181633497488e-12
3.578051410160943752e-12
1.937112434281194471e-12
3.802844843490037641e-12
9.681426693790428640e-13
3.645300859450936653e-12
3.220261123091712195e-12
4.380278971529388253e-12
1.734785265740823982e-12
2.213235380898935670e-12
8.419742952132132663e-12
5.292816095362468269e-12
4.475072631816040278e-12
3.971091137513080243e-12
3.978887839125376164e-12
1.951876358395994564e-12
3.319474919891444221e-12
2.654753942545578405e-12
3.257237109308065428e-12
1.710859607391911342e-12
3.278994144406152251e-12
2.616505191981984217e-12
2.618381862873563995e-12
5.684402183180791152e-13
5.693803499998307908e-12
3.844308265721692398e-12
9.153890342551288349e-13
2.777917748071619299e-12
1.582237362726488780e-12
5.583482411132852336e-12
2.859595402192377007e-12
2.505963995590242643e-12
2.141671529110749354e-12
1.962808166283589900e-12
