5.457747781780213862e-12
3.010783122899610718e-12
4.666462333680608659e-12
3.140364360075380400e-12
5.084513538373540020e-12
4.673917390789159353e-12
4.623958815126336957e-12
4.156114794680074822e-12
1.920973763691839423e-12
3.259770413591288506e-12
2.517373687725596462e-12
3.715714325475662577e-12
5.207060736858091941e-13
3.220806764860890229e-12
3.591522935323904002e-12
3.245000815521584220e-12
nan
4.539358766572216465e-13
3.097618913617594982e-12
nan
3.403508278380224013e-12
1.563429800970468266e-12
nan
2.243472953684993520e-12
1.731086462340435755e-12
4.522170246435318514e-12
5.492818645315309092e-12
2.179154275363813767e-12
3.364030320916002865e-12
3.123021055998988003e-12
3.097504875391142597e-12
2.024830622443674980e-12
4.289540528569094932e-13
2.964386946433929373e-12
3.553562806832228382e-12
nan
3.342985160583689608e-12
5.364878678492125819e-13
3.058734699057942782e-12
nan
2.015180608206198995e-12
3.220721488188640465e-12
1.452691485822596456e-12
5.665648365439893258e-12
5.867527969965131934e-12
1.745102304606533511e-12
5.000366483571325845e-14
1.186338881695991242e-12
4.590452751620023401e-13
2.466280798025906332e-12
1.924991520862681614e-12
1.682031895953448336e-12
5.209124510568832256e-13
3.834335512153773449e-12
1.867477623401348135e-12
nan
5.445179758934117368e-13
1.736014893671341292e-12
4.086049179334978406e-12
3.191856292098574068e-12
5.502445257176490282e-13
3.428564130636714890e-12
nan
4.103689059412045633e-12
3.179461912509568071e-12
4.226853791502340529e-12
5.557605251207152034e-13
3.598193846683898598e-12
3.014276712609855156e-12
3.512272902977499618e-12
3.330228904254894901e-12
nan
6.928358503696796696e-12
4.312730425811121863e-12
3.345514655545633101e-12
3.790338296408258603e-12
1.100236040397794934e-12
2.001001644563085014e-12
nan
3.281636301228051830e-12
7.158792950175219835e-13
7.638023401240426946e-12
3.913420605408704251e-12
2.989009161240495869e-12
4.434866320018755473e-12
1.052365163746316343e-12
2.858788255624532087e-12
4.148346862111688781e-12
1.409811296108991241e-12
3.211657683590591699e-12
1.467644521018670439e-12
2.931482074801582809e-12
nan
3.098142267803409587e-12
2.485157799969296804e-12
3.179201544242852936e-12
2.372262053030208358e-12
3.541060370660175988e-12
3.791689322300799788e-12
9.374285921293794753e-13
1.743716645822788243e-12
6.852379295060162533e-12
2.484857754331884172e-12
2.605650670029675561e-12
3.634625132844252144e-12
3.179759407802398324e-12
1.307499330824714105e-12
2.925072925946774700e-12
1.287411052194947247e-12
1.477296470890519623e-12
2.770401973321030877e-12
9.381231183325385735e-13
3.179669068880055965e-12
8.942296022290262641e-13
2.191386147685732636e-12
1.554724099924414763e-12
2.285954061298749464e-12
3.343797372196798448e-12
nan
1.078490791324997488e-12
5.046048668905299252e-12
6.349603204549580363e-12
3.712981078698606855e-12
7.405225101447565810e-13
3.279337260039552555e-12
2.338737065906562517e-12
1.488709699168946879e-12
3.872490614509282839e-12
3.220744771657932434e-12
1.006258056963058450e-12
5.784233646831172420e-12
9.099239009168481762e-13
5.105918624189322743e-13
6.734937165096015430e-12
4.851582895914024104e-12
5.045556989477507771e-12
2.778328734216090560e-12
3.505239063715163439e-12
1.317764607273792583e-12
2.597520440068957898e-12
3.220879679993627277e-12
3.162223554340370417e-12
4.474621149105646131e-12
3.259834484735637942e-12
8.967022784312460608e-13
3.298721274529364759e-12
7.748785462272395226e-13
nan
3.914306099182568930e-12
3.791299425486443878e-12
2.866929617251540272e-12
3.619488603568917563e-12
7.419671504409814639e-13
nan
4.547594428547336534e-13
2.315034393607661920e-12
3.642076886934308211e-12
3.596868589318738929e-12
3.345331910029002027e-12
4.114522827086843537e-12
3.383202680085157331e-12
2.489124263486609010e-12
9.176723256181698793e-13
3.241127458941342275e-12
3.014973020083067344e-12
2.648822809744841946e-12
3.712250760105499631e-12
8.211179401236174384e-13
3.953020559660671017e-12
4.475736270833793714e-12
3.790769103002439742e-12
2.617625950707508530e-12
3.189951473597534857e-12
7.555854504658088221e-13
9.824994432669881023e-13
3.015158228983961166e-12
3.345760037493361648e-12
5.191071281161725678e-12
3.676969824942480385e-12
3.578394718639082027e-12
3.670942722984955176e-13
3.689221778442272255e-12
4.595406260115634484e-12
6.442703633271795498e-13
4.930682661538188140e-12
2.143775137746248194e-12
3.895150978747357361e-12
1.202020056659391793e-12
4.404239996647531411e-13
1.228847046533545226e-12
3.363404301025248409e-12
1.534138854114189477e-12
1.871923307180295113e-12
6.531516528842854575e-12
4.740066823577059718e-12
2.060724265129328241e-12
3.250022920558719860e-12
1.447494410171166737e-12
nan
1.324878807603211565e-12
2.230850127694277103e-12
nan
1.006395113307763516e-12
nan
5.327177550500058272e-12
4.948312523829329194e-12
3.642779329567113738e-12
2.869804966263066534e-12
3.720743395506431695e-13
1.874148330215198762e-12
nan
5.342158154195161659e-12
1.138634772087051460e-12
5.334798310954229134e-13
2.591800178188721912e-12
2.407102719605345412e-12
3.512443594299426631e-12
2.984147527660185534e-12
2.159715256746076024e-12
7.006293923467836001e-12
3.466153913761118396e-12
3.400723461097346900e-12
9.774141588451557294e-13
3.675799258081933965e-12
nan
1.766990016600186403e-12
2.743029902510376250e-12
8.034296059776515563e-14
2.804222688252405865e-12
4.849765186316311301e-12
3.712402658258046300e-12
1.676401069277391877e-12
nan
1.392374810600872078e-12
3.553081024433637985e-12
6.912924740933032894e-12
3.499984663862317660e-12
3.757604920449729209e-12
4.515776632033885951e-12
3.748788408632416593e-12
4.036910972670222549e-12
3.429604272728669769e-12
4.510427123996714083e-12
2.518036408538274589e-12
4.354384256289332786e-12
5.633333707648282695e-12
1.790180754682055909e-12
2.832630212546857216e-12
3.385484770922507035e-12
1.313003586484876935e-12
1.073790130901263286e-12
9.711978945561799362e-13
2.254728712708870062e-12
4.590871326094302762e-12
3.139860988522747512e-12
2.377828907385083804e-12
2.024324278687726313e-12
5.809068170076476966e-12
9.013698533928844824e-13
3.056107254796376104e-12
3.583602443365158859e-12
3.472284584811631956e-12
2.186510379471416440e-12
9.198050867156011566e-14
8.259430497602338626e-15
4.474054473487819392e-13
1.473421985064474257e-12
3.563249733785838323e-12
3.097463926310514053e-12
4.557572231945982631e-12
3.884938069202170224e-12
3.429566966889315740e-12
3.713551497536395341e-12
4.516350514246961560e-12
3.343963900669454931e-12
2.031480518387725022e-12
3.635475714147708362e-12
1.064113468272777552e-12
4.477980249529157337e-12
1.935352751182052607e-12
1.379417911558666645e-12
3.670883255723425492e-12
2.292962402475046499e-12
1.286605956040820236e-12
4.757856036888014603e-13
2.503484439100705848e-12
2.284708098712563634e-12
3.512344310474544894e-12
2.102102666114410541e-12
3.056217414446703936e-12
1.846615668387013301e-12
3.902405408422274539e-12
3.745961134299892034e-12
9.270136377664743205e-13
2.443187501715641640e-12
3.701759119595949158e-12
3.192904584322783595e-12
3.597625733979271979e-12
3.052447075957704212e-12
2.869363251095924305e-12
9.448616387134203019e-14
1.917472984955878814e-12
2.094281770604102977e-12
4.777633157326854775e-12
3.097151353119859059e-12
4.664117781427256014e-12
1.298843333231976448e-13
1.606227563014834224e-12
8.270128491977820630e-12
3.655891406790410553e-12
5.567419830148351150e-12
4.703166296634742024e-12
9.323947359444793222e-13
1.163975923729229167e-12
1.615735154096560050e-12
3.179664855264285033e-12
5.529838739607244499e-12
8.842635813258377380e-13
3.543984013396939145e-12
1.064217249202201577e-12
8.941213384769670429e-13
3.807644986646006671e-13
1.010764362032855525e-12
3.627694967071767773e-12
3.731786245698121260e-12
2.983662433939777914e-12
5.156328542103725060e-12
2.256088040651136880e-12
1.065134645821324656e-12
1.446242489651465196e-12
4.516525360678677225e-12
2.405938097719621640e-12
4.519225606220751015e-12
4.813536008648093957e-12
1.141437709990371103e-12
1.008145382240744532e-12
4.011830382205570413e-12
3.140977538633329127e-12
5.885866636770720655e-13
2.803067037911355138e-12
3.239991089790636017e-12
2.974297768791657190e-12
9.532119201008461527e-13
3.953767847957605033e-12
2.355456514831354584e-12
1.655854589525715116e-12
2.746595398591354028e-12
2.740234925382617020e-12
5.669552311417277459e-12
3.219395373226945577e-12
3.167734549713205490e-12
8.819869460047887448e-13
2.926026997617776874e-12
5.252467583300230511e-13
3.471718415446070360e-12
3.872976474433740251e-12
5.398208343234552913e-13
3.062712877501252835e-12
2.384339976595925743e-12
2.720367274120321784e-12
1.493653796363112599e-12
4.803390892973081046e-15
5.532134056476889720e-12
3.334126247451052946e-12
4.104554039341915364e-12
3.026833935158682431e-12
4.928590921335094137e-12
3.247044234120772407e-12
1.777595722264363035e-12
5.457400407114779144e-12
1.862245049104900545e-12
2.017729805929356255e-12
3.395888158270663602e-14
1.439158461852513894e-12
5.566874806839069963e-12
4.032470314348044537e-12
2.504558161748414863e-12
nan
3.056348603563519118e-12
2.656508701139364971e-12
5.232240229868935797e-13
3.383391623512689186e-12
2.315809312593531197e-12
3.095356799589980970e-12
1.130341376853322996e-12
2.771532688585801723e-12
2.037075256755137882e-12
4.592440444142332231e-12
3.261263432709482583e-12
nan
1.387501288342596576e-12
5.705494306789169509e-12
9.931909551975512864e-13
3.835311966671278831e-12
1.629468142557555595e-12
nan
nan
1.477540527357882661e-12
4.156930849292913073e-12
8.749304138210960175e-13
3.260905017763154383e-12
3.956080241634968019e-12
8.077499934892790351e-13
2.208804260879355347e-12
2.125507505985581975e-12
4.846484702757887665e-12
3.262701895759833111e-12
3.713241565060832564e-12
6.396509079329106933e-13
6.839796894762280118e-14
4.113157613442149882e-12
1.127762207318672008e-12
6.140822134742018786e-13
4.438890230610354635e-13
3.756417987937886224e-12
3.870780357812950291e-12
5.267629894372535383e-13
2.331791674627955992e-12
1.273116691817126135e-12
5.166384035174478191e-13
2.564174819274862379e-12
4.702905586407656785e-12
3.513123673237117747e-12
3.439150568131634900e-12
3.872133112853125504e-12
2.513285531826151625e-12
3.220736455741376861e-12
nan
1.554112523764789702e-12
2.912986963794676956e-12
1.254309414147911597e-12
2.123349189539053292e-12
nan
3.654384723982522939e-12
8.496216392723510925e-13
6.151888155548302543e-14
3.617930097132223958e-12
3.935462710242301622e-12
1.068763442992983883e-12
1.112165281187346721e-12
2.360851982886696108e-12
1.791267075573193783e-12
2.177047611887749964e-12
2.750940831230736814e-12
3.429218729459315611e-12
4.157756769268086683e-12
1.819041734694368238e-12
5.709504218688251925e-12
3.257957461397228629e-12
3.471122205200406068e-12
4.538630369971427524e-12
2.570324765709562781e-12
nan
3.056495734401694561e-12
5.007967543101075710e-12
3.015713515896081981e-12
1.229200049010051287e-12
3.015699143085525849e-12
3.343960030321055612e-12
3.553449599994662243e-12
4.032364070898787557e-12
5.782972666130322707e-12
9.324851138664023305e-12
3.912625003797334970e-12
nan
1.075899831422141772e-11
5.191368809100248144e-12
3.762458681401295646e-12
1.923322676237650268e-12
3.873328377872021056e-12
5.201294100247356173e-13
3.883138484621071273e-12
3.546800977094302919e-12
3.912817633547802252e-12
1.365736300061337663e-12
2.041367927288013713e-12
7.925757563434665778e-12
5.618149621216851939e-12
4.671095800900383832e-12
3.471306185183284298e-12
3.873201179930661232e-12
1.569906410956666437e-12
3.512466604929189801e-12
2.321769123049072726e-12
3.431510207681776640e-12
1.359693891857127487e-12
3.350316465364605406e-12
2.275489419429868044e-12
2.801180381411203691e-12
1.562899749672081696e-13
5.416409632556190817e-12
3.344391716455762097e-12
4.576876485870703977e-13
2.963647355129737025e-12
1.225138256866601523e-12
5.083524540196425757e-12
2.991293623606719617e-12
2.164490223075542018e-12
1.818661575586743228e-12
1.685657040272040171e-12
