4.745812385670535499e-12
2.516074354668765592e-12
3.960594311809187316e-12
2.500485377166784809e-12
4.865996931349271480e-12
4.011859252229642525e-12
3.921035554236911466e-12
3.464823240799515243e-12
2.110539449267528031e-12
2.613475819051904462e-12
2.254271354656588437e-12
3.270209191263830107e-12
7.505392282056657703e-13
2.580231264866533566e-12
2.993599697883287944e-12
3.515758895200528174e-12
nan
4.512511474605489341e-13
2.460874145080202111e-12
nan
3.015326359046301785e-12
2.007085673594271587e-12
nan
1.980196218466537586e-12
1.941767264506671251e-12
4.055987433002343655e-12
4.864750510158985303e-12
2.035133343233987674e-12
2.826856155367492329e-12
2.510614162779727121e-12
2.459532027662291787e-12
2.268144542265536002e-12
3.844648084294599181e-13
2.455986088802792988e-12
2.877409901218946656e-12
nan
2.660732437891565720e-12
7.538078358263458975e-13
2.711127729994546709e-12
nan
1.834550188941364843e-12
2.580223668362308346e-12
1.505314987569173005e-12
4.954255090974215852e-12
5.214080248594015582e-12
2.148898980543718902e-12
nan
1.452370657676357831e-12
5.060634489702648868e-13
2.094833485820923386e-12
2.057041050792422960e-12
1.840928018046508920e-12
7.322838924341394305e-13
3.149906791663444803e-12
1.722775483884138155e-12
nan
7.914628146164297982e-13
1.661363453053257607e-12
3.616814358039836390e-12
2.710104746112701717e-12
8.242704448914609134e-13
2.767844837012146821e-12
nan
3.738227856390212860e-12
2.538563281028159404e-12
3.781322052983672235e-12
8.399475310887640598e-13
2.920142523789621061e-12
2.413170457812747707e-12
2.839051104607312742e-12
2.705254524950971167e-12
nan
6.201283158157601289e-12
3.611999532428904322e-12
2.693372453374991072e-12
3.111114460084913127e-12
1.358586652887676466e-12
2.330596975577834586e-12
nan
2.936460680151269462e-12
1.056679079680126885e-12
6.914580158956252334e-12
3.229812971655499614e-12
2.626727770257517058e-12
3.731054158437106451e-12
1.325844912898487133e-12
2.534404863638774627e-12
3.461166008693290591e-12
1.672156984128075472e-12
2.826157485815623902e-12
1.778683702917690956e-12
2.558527132556693502e-12
nan
2.460919594110611919e-12
2.254124279063272461e-12
2.538416481433700527e-12
2.569492993794265978e-12
3.060835645479340443e-12
3.111122201726051120e-12
1.151796129510448449e-12
1.944408070787736505e-12
6.143328979667779440e-12
2.356272554312977747e-12
2.423597760438380978e-12
2.959953756909188704e-12
2.538450508744084895e-12
1.467572615729865107e-12
2.405870174752902235e-12
1.602682572665808054e-12
1.514256165892301880e-12
2.340778873889629788e-12
1.186937793273531576e-12
2.538456984388484140e-12
1.151375494008162656e-12
2.467676381308735452e-12
1.869481043137934636e-12
1.445541902727741569e-12
2.591809173981594423e-12
nan
1.316165390999515211e-12
4.343399776940497986e-12
5.667973446833338250e-12
3.037061872120486401e-12
1.011608623788670715e-12
2.858478068005139660e-12
2.106734623454987866e-12
1.741636318375779466e-12
3.190000492576031611e-12
2.558546574485565432e-12
1.260346728604535146e-12
5.069631753493018814e-12
1.119740161476959665e-12
7.116700284556416724e-13
6.020876715889551697e-12
4.149735731469831938e-12
4.343289430082974211e-12
2.670676798706308764e-12
3.155563790969695615e-12
1.417620293904442193e-12
2.355802250509614146e-12
2.580353127188161102e-12
2.621986568353099978e-12
3.774642258880297477e-12
2.612728807429670860e-12
1.144586517126980845e-12
2.650850074479314646e-12
9.909649049336810513e-13
nan
3.229657951553054442e-12
3.111039697126489933e-12
2.707461055855320808e-12
2.958820730933404220e-12
9.544748717287259086e-13
nan
4.969081283201658338e-13
2.035557532025917882e-12
3.282552681343275232e-12
2.918450312129241865e-12
2.692264164946439633e-12
3.423376169444825968e-12
3.321255934658792524e-12
2.284719346004439368e-12
1.160109501867392449e-12
2.670326187963012543e-12
2.552976998229378073e-12
3.003024379719812162e-12
3.025245473876421421e-12
1.026360602681650302e-12
3.266641549338246209e-12
3.774906539672760462e-12
3.112242032005647903e-12
2.238196907463834160e-12
2.732357821591013241e-12
1.021666571198110964e-12
1.202934157659987294e-12
2.389092041750208918e-12
2.693333762121330555e-12
4.482444093439657195e-12
2.994667812566669375e-12
3.067344335740512736e-12
1.742545468811809729e-13
3.230660443912163693e-12
4.216160611164268939e-12
7.557980966839772006e-13
4.226854315147552275e-12
2.092921061550725570e-12
3.442971862712995862e-12
1.594860889287764535e-12
4.268189609324338205e-13
1.476725059257879409e-12
3.022826718636872428e-12
1.539957868904414602e-12
1.894699846713419887e-12
5.826470069592126966e-12
4.038955910302899293e-12
1.992538147416140658e-12
2.606783086936887600e-12
1.470886448648790348e-12
nan
1.630561112818278246e-12
2.290646261705453038e-12
nan
1.230355046179431869e-12
nan
5.130451761463603704e-12
4.306735162577844964e-12
3.110142679101637916e-12
2.498901035496446961e-12
1.753057680526820920e-13
1.880485792077776432e-12
nan
4.634051776121017789e-12
1.334397634024784327e-12
8.083901086804850558e-13
2.288147320655183113e-12
2.202797789971698671e-12
2.840666834583456928e-12
2.377581489290862286e-12
1.959273390674648032e-12
6.476596277916207034e-12
3.116360837486409217e-12
2.714978074328422550e-12
1.305812791253784657e-12
3.301007447452401681e-12
nan
2.257840800168443596e-12
2.491986799759237872e-12
nan
2.386590709494220170e-12
4.149545545476212319e-12
3.037389354779067366e-12
1.774739300170461980e-12
nan
1.458591198537395471e-12
2.876369139400540856e-12
6.329366032204298694e-12
2.796364757012667523e-12
3.110692715301483724e-12
3.810823495760535089e-12
3.073724611682263898e-12
3.576786935273722947e-12
2.769325754419663823e-12
3.811468163865567618e-12
2.212389860812180721e-12
3.655768807540302598e-12
4.923284725360311778e-12
2.007349342119946645e-12
2.598525020723584267e-12
2.731965636189527428e-12
1.557516494920156237e-12
1.270182236787941507e-12
1.205724862812559581e-12
2.853419975021731423e-12
3.885147266667070460e-12
2.500703836267205064e-12
2.007538444709087907e-12
1.855761773639589579e-12
5.540139771480564730e-12
1.225894566187709655e-12
2.427567617808844525e-12
3.816391485898672956e-12
2.855302757751584375e-12
2.357669841381422136e-12
nan
nan
4.611040274841316494e-13
1.865555698359374417e-12
3.115286737079135797e-12
2.460857671923997977e-12
3.845842161715595424e-12
3.411911230074011553e-12
2.769364433832153091e-12
3.038294587075466307e-12
3.811154479796618556e-12
2.692556885205891120e-12
1.853696477387080934e-12
2.959577291310173884e-12
1.336060428997394847e-12
3.774281792436478763e-12
2.425007606414294726e-12
1.574289909531080457e-12
3.314403800934668316e-12
2.530986178282167161e-12
1.626514124045011967e-12
5.607780908105477266e-13
2.146080287131496534e-12
2.474201251623139210e-12
2.840981777607010851e-12
2.220147931181987218e-12
2.427587880061629385e-12
1.884742134745499391e-12
3.403586644150253555e-12
3.217883783993806942e-12
1.147158337127691157e-12
2.561393718949228733e-12
3.336743404833845309e-12
2.554756553945479400e-12
2.920930317247276710e-12
2.492184216657507499e-12
2.485763307856673326e-12
nan
1.741020270307495004e-12
1.949915212676232585e-12
4.073052610909277752e-12
2.461152789491979620e-12
3.963345751460266243e-12
nan
1.748517629617866781e-12
7.516586090963414259e-12
3.285734849334171253e-12
4.850751413403247415e-12
3.994329521860559309e-12
1.171700289679848015e-12
1.467181631873750270e-12
1.885878960917580713e-12
2.538065754927547906e-12
4.817486323218700279e-12
1.090117686180411938e-12
2.876257429141149917e-12
1.303312182999639743e-12
1.146728065981130835e-12
2.063030804413401259e-13
1.273392438779667676e-12
3.117286106554652793e-12
3.189423596919519635e-12
2.758111950149177018e-12
4.445567451645907818e-12
1.974079268971850191e-12
1.229892346753155210e-12
1.871150132803062734e-12
3.810904188732351127e-12
2.003265405466202526e-12
3.811556242308054980e-12
4.107393305734473436e-12
1.293571649359363008e-12
1.234578045091941669e-12
3.341777452602086919e-12
2.568615861795186834e-12
8.817592883986087123e-13
2.347420453036972177e-12
2.876153616494749299e-12
2.376247841721510663e-12
1.208372957515919471e-12
3.267915193767775423e-12
2.724499005500523055e-12
1.616885264512656730e-12
2.414376749101780607e-12
2.322592432695804771e-12
4.957622177443950838e-12
2.869400417044187081e-12
2.578686208030694709e-12
1.121593105117284442e-12
2.573375748002633528e-12
7.672899513254226627e-13
2.805978449249075947e-12
3.191098306778653266e-12
7.912789180139018671e-13
2.678768504224772318e-12
2.877552942239432770e-12
2.371187309039685979e-12
1.576520926554730148e-12
nan
4.848611425616716755e-12
3.282193538513566654e-12
3.418697677199001330e-12
2.482436755037232071e-12
4.218494213570679219e-12
2.831268138360533244e-12
1.831783423941800579e-12
4.741328658219474816e-12
1.360683301161749019e-12
1.819435040097355740e-12
nan
1.505038263386213988e-12
4.850495810489352928e-12
3.341642212488582597e-12
2.377887876862460625e-12
nan
2.427573332559462482e-12
2.262061894327844464e-12
7.140093585384371052e-13
2.733780603629832543e-12
2.123168095782943818e-12
2.459209145260977554e-12
1.436426012221587373e-12
2.391494652234590256e-12
2.204183663361973189e-12
3.883054558553889558e-12
2.615200416502265976e-12
nan
1.663456264603675521e-12
4.996018019017446938e-12
1.211061597257008510e-12
3.149966461449448850e-12
1.760272562676182802e-12
nan
nan
1.880204013943258815e-12
3.460529505919529951e-12
1.095108399040717726e-12
2.586896980021068394e-12
3.485770810786380719e-12
1.075693493255979335e-12
1.959823366369518539e-12
1.913453371877436021e-12
4.189603926146904180e-12
3.288467412024257393e-12
3.037393292711617244e-12
9.359612289304454973e-13
nan
3.421625870746295870e-12
1.293341686325869612e-12
8.968454112830212651e-13
4.360424969712809712e-13
3.073880605545284902e-12
3.191209364798364676e-12
7.677165292435604354e-13
2.120082952206634415e-12
1.380770330562037531e-12
6.931427069316658509e-13
2.305230461495678061e-12
3.995899309486412982e-12
2.839576569827195692e-12
3.121602758398756862e-12
3.189800025284522276e-12
2.163219911689469725e-12
2.580446749191704912e-12
nan
1.833743553518559198e-12
2.468619071175442295e-12
1.363080806623679392e-12
2.329945622527168279e-12
nan
2.926011303612931361e-12
1.216609465096291838e-12
nan
3.266469943550794959e-12
3.478914502543864261e-12
1.272477154275903197e-12
1.343048781713922632e-12
2.151950221582246080e-12
1.700955658257604678e-12
1.930816853371217243e-12
2.562216679305774841e-12
2.768059459051229080e-12
3.460148864662581825e-12
2.385296027806766870e-12
4.997444958878897513e-12
3.701131905835950556e-12
2.806060453209438681e-12
3.990442179699821078e-12
2.360858646961238250e-12
nan
2.427517253841365946e-12
4.306045888231633035e-12
2.388837307354329342e-12
1.514330598710759865e-12
2.389128898532504156e-12
2.692175597486952426e-12
2.876315369889074110e-12
3.341722658280392908e-12
5.067919133532911641e-12
8.538455788381457416e-12
3.227076693093990771e-12
nan
9.932603054745556226e-12
4.485808258837196238e-12
3.340900789313353661e-12
1.761881396323535548e-12
3.189875637055157414e-12
7.030417835698629847e-13
3.299953621769092669e-12
3.026922607488121235e-12
3.227047100270706174e-12
1.424220927507372342e-12
1.953534914426795730e-12
7.182659176776866290e-12
5.099325348399357435e-12
4.080594308775148095e-12
2.806160183426571629e-12
3.190186462882192722e-12
1.793952354393999962e-12
2.875516609130229675e-12
3.158607484924302725e-12
3.087912793189871612e-12
1.372318947275659198e-12
3.223955003228589196e-12
2.681471588533040332e-12
2.403597418312726702e-12
nan
4.703211725167049989e-12
2.692183176974116777e-12
4.999299012294163848e-13
2.642289673612558263e-12
1.357886379266131008e-12
4.376139531244247200e-12
2.754145049778225429e-12
2.260003526340383254e-12
1.901626934994837971e-12
1.638031050611932141e-12
