6.501816130980350273e-12
3.141567328848819270e-12
5.618085192802335157e-12
3.946799205120691114e-12
5.822069014313647500e-12
5.700561452260108380e-12
5.049471888305293213e-12
5.041562640700081167e-12
2.474017355946485585e-12
4.081889486116447726e-12
2.629124056526009459e-12
3.962516415256731167e-12
9.963046622501488148e-13
3.929894669842837662e-12
3.810663160992373314e-12
3.890190509024260878e-12
nan
9.050732468082414717e-13
3.686851863120503853e-12
nan
3.612294333694311870e-12
2.013218392906952969e-12
7.379977915623859175e-14
2.321914637602329270e-12
2.272318398253759164e-12
4.913896958091066909e-12
5.749644958839113646e-12
2.445369706782609946e-12
3.567296605909845617e-12
3.312615125309896358e-12
3.466096426207051898e-12
2.572673433338664514e-12
8.838299398337493863e-13
3.086877767910319584e-12
4.204802425414149100e-12
nan
3.608056738843919302e-12
9.903359400634816669e-13
3.167208753071092481e-12
4.559052224210247082e-14
2.249822475434746839e-12
4.037523338125761582e-12
1.969130838720726521e-12
6.539373429318074438e-12
6.470038605617348971e-12
2.260260618422304865e-12
3.329088984828132431e-13
1.600523523191295622e-12
9.252073104020239089e-13
2.490916963760241082e-12
2.470127365632844979e-12
2.229595110912336792e-12
9.712622377577486736e-13
4.627796448775059110e-12
2.135615053591210801e-12
1.791783960557289823e-13
1.024953346190412323e-12
2.129235899758016934e-12
4.238357662747767645e-12
3.354859770706645830e-12
1.005612883123522729e-12
3.999190353518753874e-12
1.349922403822634264e-14
4.378124494497887089e-12
3.991106924628735438e-12
4.553396896981802316e-12
1.054886008739869662e-12
4.433170739270562131e-12
3.164814307097376243e-12
4.046218950550547565e-12
3.578752659852165976e-12
nan
8.183217680306054863e-12
5.218945336900591148e-12
4.170730478150904843e-12
4.551488322955657315e-12
1.553450054509586790e-12
2.530499593993374610e-12
nan
3.454131540179969081e-12
1.187404827321295716e-12
8.227573488890733597e-12
4.280428242424000159e-12
3.094090366305593046e-12
5.304041534027082364e-12
1.478657459098887808e-12
2.981095143082165669e-12
4.411561743991132269e-12
1.894430649241967333e-12
3.397039004355844714e-12
1.979242540219214301e-12
3.028528247812541489e-12
1.057989152669811136e-13
3.901435078160097692e-12
2.619507108650458507e-12
3.744494966576916733e-12
3.003269757895178678e-12
3.750427806789698545e-12
4.647376262865079271e-12
1.325444303774322861e-12
2.282442255873810542e-12
8.093731726863456441e-12
2.786456425419688925e-12
2.832521938996707021e-12
4.475995932364303349e-12
3.991617979655024280e-12
1.760875998252502376e-12
3.018783867709803213e-12
1.656433000777564474e-12
1.987725773619859283e-12
2.822963363538251257e-12
1.352126486003211842e-12
3.991659164880865615e-12
1.257111903553561619e-12
2.723969996578734694e-12
2.063426098873441796e-12
3.050138910325549717e-12
4.111628313648896675e-12
1.676138008965406734e-14
1.511882307972495517e-12
5.709673611813630640e-12
7.262673774042366330e-12
4.551650581653816034e-12
1.153891171293391069e-12
3.462597373574360179e-12
2.436979916374153241e-12
1.986126221221716824e-12
4.189761033911652036e-12
3.532546041139735718e-12
1.391829811140588471e-12
6.874616074851976070e-12
1.302827551377337724e-12
9.829813711726580289e-13
7.807429871533459236e-12
5.835317753177263067e-12
5.727074415683700112e-12
3.133184738743038893e-12
3.733741001505089833e-12
1.775167421494068610e-12
2.707045488191258522e-12
4.037316228176985707e-12
3.324510977266541214e-12
5.202891046084652508e-12
4.052536782224482150e-12
1.317844256955561839e-12
4.128794134435565013e-12
1.198581078789406215e-12
nan
4.770810831163387788e-12
4.643479177224081720e-12
3.128643022422700712e-12
3.910463571582843707e-12
1.154988338857595598e-12
nan
9.217506042805656916e-13
2.401196829067594112e-12
3.891500892677450919e-12
4.433283660841503237e-12
4.171561309721943396e-12
4.820015813229414872e-12
3.737302088632718263e-12
2.659056042093464315e-12
1.280716404941382060e-12
3.439759409497888867e-12
3.143195607069596505e-12
3.269797406026723817e-12
3.972664867295217041e-12
1.213122719109729801e-12
4.820140549924172834e-12
5.138185857104821462e-12
4.263577062854878067e-12
2.652170188916611124e-12
3.351724727244937164e-12
1.167841316227673628e-12
1.367636568931165332e-12
3.681040427839828251e-12
4.170580089375683169e-12
6.214977204365954026e-12
4.065236981782875796e-12
3.786853230739866864e-12
8.170278835311789346e-13
3.913339971444854417e-12
4.825658520108279045e-12
9.661512544754829110e-13
5.919669978224401670e-12
2.546749059773035221e-12
4.004267189039010579e-12
1.697742247985087669e-12
9.001467824455437852e-13
1.668581321850191044e-12
3.528508661357736591e-12
2.051298073585421848e-12
2.316761986193952345e-12
7.750805001277953769e-12
5.707508369142352049e-12
2.418741067776139688e-12
3.459708576428026346e-12
1.947047578253934338e-12
nan
1.735673232967663223e-12
2.768851101911667800e-12
nan
1.395218579222838788e-12
2.086739129324546036e-13
5.909024070885595685e-12
5.315317993299584270e-12
3.840912971711364285e-12
2.980071245885510896e-12
8.099277523427631824e-13
2.289662228434478371e-12
nan
6.266455390159150704e-12
1.623571061170674434e-12
9.753635139672895678e-13
2.647782219920742609e-12
2.496116181096166709e-12
4.205517161382303716e-12
3.158782062445886288e-12
2.318591613018490218e-12
7.414588615181897887e-12
3.704707027657867596e-12
3.636863895344926542e-12
1.452524608494898498e-12
3.942217688743635371e-12
nan
2.270322297973215323e-12
2.831341121781824517e-12
4.666673845773426701e-13
2.869141161461574397e-12
5.380913580446724208e-12
4.563047656648323502e-12
2.218139316299585971e-12
nan
1.885151712000916537e-12
4.389388374488796334e-12
7.295219198049035992e-12
3.726854319516961911e-12
3.980008483374126560e-12
5.013305899425871453e-12
4.009275275996930510e-12
4.306242149587856922e-12
4.257062027986395445e-12
4.810812322389993444e-12
2.573849301337268306e-12
5.264246055236142995e-12
6.703191565720728214e-12
2.335947417318300894e-12
2.940057149296403590e-12
4.090024857619246599e-12
1.772804120247566306e-12
1.532216818209499558e-12
1.265445417129053162e-12
2.768929105702083807e-12
5.532649867717243985e-12
3.696635274964575412e-12
2.382934791868156398e-12
2.282224911039608541e-12
6.681684201200749858e-12
1.386474771043951951e-12
3.675611867619059112e-12
4.158994300010273004e-12
3.699992172800308963e-12
2.764875404323154053e-12
3.064370479228616024e-13
2.614500264333129846e-13
9.023903760759145592e-13
1.894333443849590684e-12
3.822064587882122906e-12
3.832400052825773914e-12
5.490009494084597244e-12
4.073189559415366841e-12
4.257578347521107297e-12
4.562741814398553020e-12
5.329297527067371642e-12
4.169547670171741121e-12
2.282447886784007149e-12
4.475197334416772955e-12
1.483503828771475554e-12
5.399270213803880999e-12
2.439271032581293836e-12
1.860156258101981542e-12
3.959022791451223905e-12
2.866866192491194590e-12
1.724980415691546362e-12
9.372218922026732417e-13
2.543889992308351192e-12
2.903676847625877947e-12
4.345999126182745249e-12
2.659699331460552488e-12
3.857921670990403480e-12
2.379225218293392684e-12
3.987223397878884739e-12
3.982256076310329814e-12
1.324567584414073579e-12
3.005033632679525261e-12
3.985557988353449133e-12
3.719264782199022318e-12
4.434187401428248320e-12
3.197169568643402501e-12
2.963553632334810321e-12
4.967003460220072450e-13
2.197020477489041125e-12
2.333203293908324992e-12
5.753063066266591027e-12
3.901234994445800848e-12
5.378330841889637327e-12
5.690380036557203988e-13
2.147087182394565614e-12
9.682433002207802900e-12
3.904049645968555864e-12
6.632708590101245444e-12
5.664892540090003834e-12
1.337685849254307336e-12
1.608597102512698813e-12
2.132981105000997359e-12
3.991383597592640633e-12
6.591799961551402180e-12
1.281364939986201522e-12
3.824002756234506155e-12
1.479848308302614795e-12
1.314427956333245263e-12
8.233418964392030326e-13
1.395041742434115869e-12
3.843867211280364863e-12
3.943982208482718987e-12
3.179376517112620554e-12
5.626833381349523297e-12
2.281214480772222914e-12
1.496169465935725944e-12
1.897585148369503645e-12
4.890025528858320714e-12
2.377010635660007561e-12
5.442916511260523976e-12
5.793186661740438947e-12
1.591060825816399355e-12
1.352424758003717336e-12
4.256601063237501456e-12
3.352359064853027464e-12
1.087103464052232957e-12
2.866221647592975526e-12
3.437902233572393982e-12
3.136600053310524852e-12
1.351835427541594633e-12
4.821661835493335893e-12
2.935755812265569027e-12
2.069816462485731273e-12
2.796657428115999917e-12
2.789006220697781016e-12
6.759077009571796187e-12
3.404694745135416674e-12
3.407504019490129413e-12
1.292961362747206192e-12
3.035094513137467794e-12
1.002524614109832706e-12
3.800077437299006254e-12
4.735253868416594569e-12
1.004021108216786726e-12
3.194903161712773923e-12
2.929984645241492328e-12
2.792067577544563115e-12
2.016969692043702154e-12
2.542192192902737487e-13
6.052806295037171405e-12
3.720085821590566460e-12
4.392763078412591084e-12
3.157458091196565411e-12
5.920144350449374695e-12
3.440929893501817240e-12
2.253407118819975462e-12
6.507254664359248401e-12
2.496791849986517687e-12
2.176256747351257819e-12
3.147786657663579519e-13
1.938318057132198678e-12
6.633065504338982724e-12
4.906753626375297569e-12
2.756460754376504961e-12
nan
3.856345022867870257e-12
3.080427553745188492e-12
9.725653023132847767e-13
4.158793719681295731e-12
2.498099162643290815e-12
3.336561458655350652e-12
1.576046172474458805e-12
2.861564780025074265e-12
2.584600015942209247e-12
5.532224420468316619e-12
4.081905130952478864e-12
nan
1.848847503963192268e-12
6.297469846527931329e-12
1.380037245174907734e-12
4.688273461938544045e-12
2.177200823941910914e-12
nan
nan
1.894350909296154219e-12
5.044333860321235329e-12
1.240279800706280904e-12
3.607660208907288552e-12
4.188620229511699643e-12
1.238155045664719164e-12
2.312107451063990216e-12
2.277062496255708213e-12
5.329475235912409884e-12
3.733291143873624518e-12
4.562822949614571221e-12
1.136017738626294803e-12
3.934675475791772663e-13
5.003321338882618353e-12
1.573563936764666185e-12
1.014566965414531358e-12
9.007398984640895844e-13
4.603880121964543248e-12
4.655662597900231360e-12
1.003193005067504933e-12
2.456421743591955335e-12
1.742264424857717280e-12
9.782023858035999628e-13
2.597567849243924788e-12
5.664914740106140209e-12
4.334440122336450486e-12
3.690129251049857916e-12
4.735022113538006414e-12
2.555872916960314331e-12
4.037607049733292931e-12
6.860568336557526967e-14
2.062607027709693571e-12
3.011268327258933110e-12
1.723162454863454356e-12
2.681403001823223988e-12
nan
4.476037054339943936e-12
1.383949429412877752e-12
2.806830215867396726e-13
3.894749256602483464e-12
4.187006578850302387e-12
1.523281527509968315e-12
1.564587316121234319e-12
2.493108757514425897e-12
2.101385262910396176e-12
2.270833299269371131e-12
2.987630788942119437e-12
4.257822381110661757e-12
4.577279641563039127e-12
2.317127091696592369e-12
6.796669972814327443e-12
3.960681325002355526e-12
4.263682755043711001e-12
4.769355262947514281e-12
2.722429675963975159e-12
nan
3.857891864233747237e-12
5.727928287913188056e-12
3.811078034361638014e-12
1.638781185491392104e-12
3.812425294754550726e-12
3.947196986078964556e-12
4.390008894173707274e-12
4.907302504340800033e-12
6.875521862963675966e-12
1.087744389024796061e-11
4.775685889807350716e-12
1.942826110907365136e-14
1.250728466289413850e-11
6.211382030487613212e-12
4.001322713174169677e-12
2.115089815106739259e-12
4.256394709695533087e-12
9.792481570554788734e-13
4.112640591030795069e-12
3.615575190431472633e-12
4.777004094539225303e-12
1.854533368966321767e-12
2.435840907649689932e-12
9.314868324571235810e-12
6.038756727474136528e-12
4.955814395331343125e-12
4.301870923364817263e-12
4.424262943068201888e-12
2.088780512786346466e-12
3.776718842122820246e-12
2.871755712991494546e-12
3.661005190617305280e-12
1.831048975065211329e-12
3.643565416133945159e-12
2.808728829171878974e-12
2.867693549524859359e-12
6.338021303319032351e-13
6.114156731649582158e-12
4.169812272262168772e-12
9.253487340330626659e-13
3.097058532222429866e-12
1.676505116134072516e-12
6.090353274625502527e-12
3.162608712295116142e-12
2.728690356153571826e-12
2.355087761130815082e-12
2.138882030312408579e-12
