5.245451679094107205e-12
2.807501136118947401e-12
4.460583393916926606e-12
3.000473702976341805e-12
5.042712720995328642e-12
4.496574404743961400e-12
4.420874923352897142e-12
3.964793905387429694e-12
1.833765304030189425e-12
3.113470999313143058e-12
2.218521767675181922e-12
3.405103782620167394e-12
6.920849375197248429e-13
3.079463333937357129e-12
3.385300929698156318e-12
3.049493969858472744e-12
nan
5.117394321521700819e-13
2.959016400146182352e-12
nan
3.166859149400264988e-12
1.674697386459822429e-12
nan
2.005010546329984274e-12
1.724136395962530324e-12
4.186240956288068977e-12
5.078638460315679926e-12
1.977255209677851663e-12
3.121003168759708610e-12
2.973059473711750970e-12
2.952595996700318652e-12
1.921246480344042456e-12
4.764113240926585422e-13
2.761500108641683444e-12
3.377376254301070745e-12
nan
3.076672197050956232e-12
7.109213549919377947e-13
2.733667740479815880e-12
nan
1.827105521352454312e-12
3.080210005598556153e-12
1.441290869394708636e-12
5.453999219155936198e-12
5.662027454575469183e-12
1.807976567788410994e-12
nan
1.351205472377444737e-12
5.183962788238184430e-13
2.183614978522426527e-12
1.857280251286190406e-12
1.694238187260138446e-12
7.587160230060415008e-13
3.649797651379887829e-12
1.691047262652024310e-12
nan
7.331771547242672648e-13
1.611013996310119858e-12
3.770422803247790989e-12
2.942687932022429649e-12
7.316893986342042882e-13
3.233391640020746437e-12
nan
3.861554704584205194e-12
3.038557737339230335e-12
3.836886707778354050e-12
7.694495879416330439e-13
3.420096055481431155e-12
2.859344807123021241e-12
3.338736046903800071e-12
3.155094594707181724e-12
nan
6.701281205207670424e-12
4.111996190502758589e-12
3.193362251184319601e-12
3.611011473233525532e-12
1.172632464725620951e-12
1.974448527636913953e-12
nan
3.084741246025994879e-12
8.633144130244062616e-13
7.203030999889685314e-12
3.717735525825086924e-12
2.744441808922794234e-12
4.231017718281485361e-12
1.191617683126520006e-12
2.687248751576654685e-12
3.905013453830453405e-12
1.479464651067456080e-12
2.936348921100245177e-12
1.553165704810399055e-12
2.797701889068977004e-12
nan
2.960906074007671151e-12
2.207565600695527162e-12
3.029349881167789176e-12
2.238624520017429309e-12
3.293262406577366038e-12
3.611083856474270154e-12
9.911088237049234752e-13
1.726380275737419720e-12
6.643324948879671950e-12
2.235171584430322008e-12
2.306259766497701876e-12
3.459817684148186985e-12
3.038441916368421226e-12
1.331895248925428260e-12
2.702168830010801368e-12
1.480256592286116748e-12
1.425668753394031518e-12
2.530737548695801512e-12
1.048551734830731586e-12
3.038453623214286609e-12
9.405472429725510875e-13
2.108651454142590721e-12
1.621682429697434297e-12
1.908821574994541779e-12
3.083755707773300277e-12
nan
1.143785050194615127e-12
4.843037469507961876e-12
6.167043267007064223e-12
3.536663091996958275e-12
8.910817629838945831e-13
2.975004645904494698e-12
2.093141635775856560e-12
1.545448898259511234e-12
3.681025907710631706e-12
3.028433563740730416e-12
1.063606261054367798e-12
5.569631170444605941e-12
9.627245816961080166e-13
6.496782301623741229e-13
6.520171351586870927e-12
4.649732546477232931e-12
4.843153319463966036e-12
2.508615046011460535e-12
3.276981275664558405e-12
1.336372534680455665e-12
2.286649145726478468e-12
3.080343866253922514e-12
2.951908902344119856e-12
4.274528174389887372e-12
3.112687334964721932e-12
1.002470714217838528e-12
3.150846268221968080e-12
8.449451210202633886e-13
nan
3.729486497016631448e-12
3.610961139313715111e-12
2.552938964908480173e-12
3.390254831929667996e-12
8.258302471337682552e-13
nan
5.343705674646291819e-13
2.081469195525129750e-12
3.405509799493442733e-12
3.418393229847932886e-12
3.192263583972461239e-12
3.923087087030416607e-12
3.037478512222520535e-12
2.194637599818483792e-12
9.329542010359148531e-13
3.032329230286745779e-12
2.835630044722112036e-12
2.577922453727181516e-12
3.437957539522159144e-12
8.805345845130842385e-13
3.766638233109568036e-12
4.274812221698051817e-12
3.607092916617457295e-12
2.470605912692888355e-12
2.987022986294195271e-12
9.166553412968155453e-13
9.162041516627334463e-13
2.888383800859854681e-12
3.193286366896039590e-12
4.982439611897606629e-12
3.492543728083191040e-12
3.357845123643587665e-12
3.580663837961029100e-13
3.377111177425582148e-12
4.123398154540077446e-12
6.434870385166480119e-13
4.726852176819381174e-12
1.917731617436577818e-12
3.535936261293824699e-12
1.406922845973605529e-12
4.821649500562479456e-13
1.290267385656953163e-12
3.103526901302486784e-12
1.497061249619604556e-12
1.741004359498449987e-12
6.326470036205267485e-12
4.538950535550458150e-12
1.873790322535311585e-12
3.042137393872655487e-12
1.499462363462469177e-12
nan
1.443663512518262938e-12
2.016161320905693582e-12
nan
1.064504048851291974e-12
nan
5.066712470600837560e-12
4.712441848090233755e-12
3.346047645124128668e-12
2.622253202763535189e-12
3.492444726865354594e-13
1.718574542736775254e-12
nan
5.133137091159075860e-12
1.151854542165337811e-12
6.742110742565955840e-13
2.373216739105577354e-12
2.191101095803115846e-12
3.334968995681286088e-12
2.849195844191704189e-12
1.945805810783749037e-12
6.433589121076707955e-12
3.276861428665313882e-12
3.161946452115925424e-12
1.173377730704847685e-12
3.467971224127481282e-12
nan
1.842860077693230330e-12
2.532370429446929320e-12
1.550099678571996351e-13
2.575384589713385171e-12
4.648774496695999067e-12
3.537367094845063175e-12
1.672324700607629767e-12
nan
1.381769673755780300e-12
3.376368653423873937e-12
6.356774588588623007e-12
3.232358771557027784e-12
3.548697664166674300e-12
4.310337021761927870e-12
3.522790752674382969e-12
3.754613638546500173e-12
3.269324881216492560e-12
4.282585176048849540e-12
2.363943370310858967e-12
4.155744280527786980e-12
5.422906234466151335e-12
1.762129873424576578e-12
2.599884497863587759e-12
3.220579496781740442e-12
1.376288952501320042e-12
1.018019814362550863e-12
9.514970932916388190e-13
2.273237318087809590e-12
4.385133024460172204e-12
2.997016638630223324e-12
2.119466168601034450e-12
1.835508540770218248e-12
5.653728887044589157e-12
1.089027658070818313e-12
2.927456623582666207e-12
3.355292541594804732e-12
3.287055285295550780e-12
2.024176578061572360e-12
nan
nan
5.174091482907752813e-13
1.592009640688505593e-12
3.302684424598382758e-12
2.960763291939562234e-12
4.345838642700380720e-12
3.553269770180479554e-12
3.269359269395378489e-12
3.538284587405767212e-12
4.310982440980728022e-12
3.192549246944414743e-12
1.828810235528147929e-12
3.459466487271721973e-12
1.192384828747816993e-12
4.274261069430120598e-12
1.966054292493242789e-12
1.449901404003890118e-12
3.372673949929480293e-12
2.185990130687162091e-12
1.450672903487801373e-12
5.597257538446767699e-13
2.274858312543973149e-12
2.107877138572877957e-12
3.340977467801064823e-12
1.937085553699918734e-12
2.927584414051002478e-12
1.765846384467922944e-12
3.508107332775495086e-12
3.529511110635963645e-12
9.832265575946714207e-13
2.191972248351549891e-12
3.492611524916374454e-12
3.019647924646102383e-12
3.420782200837515471e-12
2.935107363089936583e-12
2.629052332233613798e-12
1.700638218780857152e-13
1.763897666596581338e-12
1.888736865204014339e-12
4.573040440370742756e-12
2.961133226004056878e-12
4.462813630281925972e-12
1.588468490117832396e-13
1.615408965676033761e-12
8.014606804970185884e-12
3.428270915656763973e-12
5.350746374621110812e-12
4.494270675652637001e-12
1.039311335141523398e-12
1.270946175290744054e-12
1.662661782813860400e-12
3.038037151986198600e-12
5.317484827136879380e-12
9.397248574139585705e-13
3.316950960493723576e-12
1.131316265379516619e-12
1.038992721153938476e-12
3.639996914761559126e-13
1.088725632114342801e-12
3.427986562202985061e-12
3.493226931492957340e-12
2.653053357122468759e-12
4.945488245000992496e-12
2.029879265304938568e-12
9.997461280535911927e-13
1.598886699210231720e-12
4.310175644263973023e-12
2.158797320707850396e-12
4.311547376019284262e-12
4.607385998106904205e-12
1.084319060008343408e-12
9.777877490126433445e-13
3.760960158155579421e-12
3.011998255930541972e-12
7.650086513171043988e-13
2.559144494836177312e-12
2.971618253415904149e-12
2.846690765481614822e-12
1.018063762226618178e-12
3.767905215980318715e-12
2.279197022356164479e-12
1.558710613629135544e-12
2.477368308378859981e-12
2.503985349069081182e-12
5.457617622426625933e-12
3.050273388371857275e-12
3.000956640633391105e-12
9.608246965541637061e-13
2.723802497011583446e-12
6.817887941091696336e-13
3.303164320747587564e-12
3.691019267541931332e-12
6.921281658706337180e-13
2.786045822618479809e-12
2.358312767871640877e-12
2.405174518564875851e-12
1.508885155940212254e-12
nan
5.334915094834951423e-12
3.016987881321709289e-12
3.897945362232297328e-12
2.870971625141205509e-12
4.718493573342108379e-12
2.966252769142491940e-12
1.694752255289065043e-12
5.241326259706496876e-12
1.806090415291486845e-12
1.793523561908618017e-12
nan
1.446348968604845355e-12
5.349477050435772171e-12
3.841604089176011350e-12
2.222658703225038065e-12
nan
2.927549638360468345e-12
2.321961155171858923e-12
6.865293474868360051e-13
3.229296329206521872e-12
2.078909616716193959e-12
2.946232739653315544e-12
1.273954422173347312e-12
2.494630741244648921e-12
1.909660520434641629e-12
4.383049487330245510e-12
3.115199196837706125e-12
nan
1.456093218255689456e-12
5.492129966665246894e-12
1.049260608316587027e-12
3.649938760129435860e-12
1.635143161661051901e-12
nan
nan
1.592537967616453616e-12
3.960527120485393462e-12
9.032486299529038883e-13
3.050674306338235925e-12
3.606990758447873408e-12
9.806256745873992007e-13
1.973756971214414120e-12
1.920102006808866339e-12
4.689493820453029199e-12
2.966310290688584032e-12
3.537382098596899752e-12
8.570412685371458667e-13
1.093817504407876907e-13
3.921624068838427679e-12
1.100378232338874821e-12
7.779614690884127847e-13
4.824980426704753759e-13
3.573867907266163312e-12
3.691175323660122259e-12
7.289228688847341388e-13
2.071156897416943209e-12
1.223277003500115705e-12
6.749716500402902632e-13
2.279661859092431352e-12
4.495886994699860850e-12
3.339485960688425216e-12
3.236696260398308945e-12
3.689790389704881017e-12
2.265311456346433588e-12
3.080444766537340203e-12
nan
1.603149273527837902e-12
2.668765591406282111e-12
1.188621446887036695e-12
1.983187561943525108e-12
nan
3.420782394090607631e-12
1.084974666720328230e-12
nan
3.384366987865168257e-12
3.713458903797507819e-12
1.019332886790332662e-12
1.056829680040957667e-12
2.110148346004935046e-12
1.601799437344378548e-12
1.981915325081050601e-12
2.431534080961599898e-12
3.268047467180965148e-12
3.957375509736457510e-12
1.907998014744469786e-12
5.497444214765900999e-12
3.156264980577003724e-12
3.305640168842059320e-12
4.083289362680476125e-12
2.270325606743679977e-12
nan
2.927498464678812835e-12
4.805940434049617485e-12
2.888694081955133118e-12
1.377863533605926067e-12
2.888965748052620472e-12
3.189866718583620316e-12
3.376303169880829885e-12
3.841546197748465013e-12
5.567919017830624299e-12
9.037879703460436670e-12
3.727056023101222052e-12
nan
1.043259763284943272e-11
4.985559193092707414e-12
3.401577974692051900e-12
1.680876876574834369e-12
3.683282016560962017e-12
6.816293168269663368e-13
3.683089019116568895e-12
3.164364907953463223e-12
3.726915233665773618e-12
1.304862582204947131e-12
1.861238866352316633e-12
7.682255321541759960e-12
5.154332369469997578e-12
4.248979449123421621e-12
3.306152156087708452e-12
3.689573202369541087e-12
1.607912721923049195e-12
3.296802340440843550e-12
2.333022564846492843e-12
3.224418368403485817e-12
1.372830376489871970e-12
3.015341426966650955e-12
2.237900826566632883e-12
2.506682821626518348e-12
2.318632735609436353e-13
5.202751749665592063e-12
3.192180352804466237e-12
5.371720464383555605e-13
2.775557794040440640e-12
1.231054905999235729e-12
4.876138149113678804e-12
2.640439071528632633e-12
1.979779489046137060e-12
1.729804176450595648e-12
1.593093438208091641e-12
