5.593990488396139077e-12
2.625773529510939042e-12
4.960506199816785615e-12
3.497570405971407793e-12
4.870108848703906408e-12
4.986970292789204346e-12
4.238513232790154490e-12
4.464640158016317109e-12
2.282936796249131473e-12
3.612351992202716448e-12
2.338438909744571773e-12
3.274523280686627946e-12
1.120255880637443030e-12
3.343888315160564278e-12
3.193238622440179984e-12
3.462124529622034020e-12
6.669422080105669646e-14
9.583324836556747094e-13
3.106183267341051779e-12
2.280917997409030730e-14
3.057964164513688410e-12
2.129399087721583503e-12
1.475622453933963989e-13
2.080737568519901504e-12
2.172584829664703287e-12
4.102016529682195209e-12
4.954651134667270663e-12
2.230183028268428318e-12
2.982115405370280285e-12
2.783037262750211895e-12
2.938332496801128479e-12
2.368870292151839549e-12
9.286845622276916227e-13
2.547695936128462061e-12
3.559022886221612524e-12
5.255458555045381306e-14
3.050956634901636102e-12
1.109174303384832020e-12
2.689344995548943131e-12
1.361824560922825829e-13
2.107382758267535952e-12
3.560143633645024411e-12
1.843987478363173248e-12
5.576972939613506539e-12
5.422816626697083590e-12
2.255723915404522181e-12
3.292092615408001158e-13
1.809847345222647142e-12
9.573177288510357757e-13
2.232039061747678135e-12
2.295581052064442879e-12
2.146696178578544832e-12
1.152568368236728041e-12
3.946158867507249354e-12
1.958606155630083742e-12
2.260499258228529476e-13
1.174921689027221152e-12
1.975660399742629612e-12
3.608789304258099625e-12
2.756028549101038742e-12
1.183485266919161461e-12
3.409746167991654401e-12
8.479966604569965807e-14
3.720017201101647596e-12
3.538523184050056629e-12
3.800680890746690392e-12
1.240788377004521640e-12
3.894384843372104053e-12
2.662288644105844964e-12
3.397141855552678932e-12
2.994539201095869539e-12
4.004024562439151506e-14
7.201269945622243181e-12
4.611982302124703491e-12
3.650422607877190886e-12
3.884094247647717545e-12
1.586797392157705163e-12
2.419985350160846454e-12
7.812743376365416665e-14
2.879542966192979107e-12
1.325299464009385009e-12
6.788820779009290498e-12
3.636494913722513164e-12
2.608709729115247318e-12
4.548536979411099948e-12
1.641677756915885690e-12
2.533798741558281417e-12
3.816040169289527606e-12
1.902065472816880538e-12
2.834349209015115023e-12
2.002292589349268709e-12
2.560050665532704397e-12
1.873872719831611984e-13
3.452757549019961945e-12
2.333385523796457720e-12
3.128078764738287960e-12
2.681278036239482708e-12
3.119012997887000013e-12
4.110980567469115712e-12
1.434715251624637304e-12
2.175736491922323406e-12
7.142794495180062872e-12
2.478018099779789507e-12
2.501850983594399743e-12
3.837682262822068865e-12
3.538389006255381786e-12
1.749650135356717276e-12
2.506976406453519179e-12
1.935681216446864001e-12
1.825111567476810288e-12
2.335075530924003019e-12
1.514278177629169588e-12
3.538435720504487408e-12
1.370967632921810383e-12
2.553824876928417415e-12
2.064872576447303678e-12
2.390666884618394936e-12
3.576611438927536493e-12
9.164677487165342834e-14
1.568696202188385068e-12
4.856032533036143361e-12
6.230543627061555723e-12
3.893048689450835910e-12
1.301341447849113328e-12
2.865415358376252484e-12
2.204280436229992835e-12
1.987292735149416112e-12
3.556931828928664950e-12
3.013351532178955488e-12
1.498650752962151454e-12
6.068353132854567696e-12
1.407852776168943824e-12
1.086393196782792289e-12
6.797001212679951880e-12
5.149711598190990322e-12
4.882053961705431274e-12
2.680638092813673235e-12
3.174134825747324448e-12
1.760520423167912172e-12
2.359491603335624996e-12
3.579949076034062380e-12
2.761403917929734875e-12
4.465130449822267882e-12
3.471121035940940694e-12
1.468677551026836443e-12
3.650804678779725903e-12
1.297905065142729821e-12
3.637662620627488393e-14
4.103887014800887780e-12
3.980289875502322113e-12
2.683717258168672523e-12
3.319783214150019389e-12
1.265102691309007654e-12
1.346823254854721746e-14
9.751750364896272088e-13
2.178934695204236397e-12
3.249918958377436594e-12
3.918039242198499474e-12
3.692259393430301675e-12
4.101739555726779783e-12
3.268818207303584727e-12
2.328947537190291421e-12
1.359458579401348604e-12
2.856042125652140663e-12
2.637804278577230985e-12
3.013085593721803682e-12
3.412122795911437079e-12
1.331774958365068638e-12
4.266614112580382006e-12
4.407931966172419086e-12
3.566652543359016209e-12
2.220071331795957391e-12
2.793087820460801276e-12
1.284904385906887113e-12
1.350712514715383797e-12
3.100376134472747518e-12
3.566632452368627161e-12
5.482410267361712057e-12
3.422075687564079668e-12
3.164597107926108049e-12
8.219039569982808132e-13
3.234180897053545876e-12
4.093747254709339992e-12
1.113362907868103285e-12
5.226821594627999762e-12
2.269175133769108325e-12
3.419230496202496655e-12
1.845657573120735967e-12
9.280760840368708213e-13
1.714530388132444795e-12
2.998499995225996763e-12
1.909487886590770752e-12
2.155178853035893660e-12
6.826469756300553895e-12
5.038921416160626517e-12
2.216413955007244237e-12
2.890969550669517375e-12
1.928700330975579641e-12
7.047076059815999494e-14
1.876812675474075754e-12
2.441960853659210663e-12
1.153074334232836662e-14
1.498621223325578262e-12
2.420710114991933755e-13
4.998683002573484474e-12
4.570135574500007309e-12
3.205688974592870890e-12
2.526210740473415033e-12
8.168292386697259069e-13
2.126629118959684927e-12
1.325722062827832091e-14
5.329032549586261687e-12
1.574635004700119793e-12
1.130603844906766493e-12
2.318850482174064581e-12
2.250422413383963044e-12
3.585791153055982492e-12
2.672033713672600813e-12
2.129657777381122962e-12
6.376619518830743279e-12
3.100955556546978646e-12
3.069627931385025052e-12
1.625804691775822682e-12
3.303980596868941008e-12
1.706609867418276496e-14
2.295264832417883118e-12
2.447876400860667501e-12
3.769519974075537275e-13
2.432963598086461665e-12
4.518104464278906893e-12
4.008886613040557642e-12
2.114016552946981526e-12
2.789405067025197441e-14
1.770793118392489503e-12
3.876366146209211966e-12
6.179672578272674595e-12
3.180658873579570598e-12
3.394042548346391036e-12
4.283687641228282498e-12
3.422457752731372853e-12
3.594736490268335292e-12
3.769320775815797974e-12
4.107449545966878546e-12
2.245760302790229331e-12
4.653553703060942490e-12
5.802183655909744134e-12
2.210819156924718646e-12
2.507054778144679605e-12
3.497065345365318643e-12
1.795589775039166373e-12
1.458722899055582819e-12
1.363930449643392343e-12
2.718156806583548643e-12
4.884979599536356202e-12
3.089930873487783828e-12
2.109893707345533602e-12
2.117299000546608162e-12
5.581281592082726331e-12
1.550335824178269822e-12
3.109661353124990077e-12
3.708918417614925243e-12
3.126924236975624230e-12
2.465777808345816539e-12
3.494154764612026902e-13
2.689926283471338407e-13
9.665774041196809733e-13
2.049915835440469145e-12
3.138172308475351789e-12
3.241691987833227397e-12
4.845836385502275430e-12
3.427216492192377514e-12
3.758478563975112170e-12
4.037705464228931450e-12
4.566269878168479408e-12
3.633010415163958106e-12
2.116790460821421300e-12
3.959081377082993168e-12
1.640402046339658268e-12
4.774167224509956936e-12
2.415527465883097273e-12
1.866144167105275900e-12
3.278620945409798037e-12
2.629091953798967896e-12
1.898617120202297718e-12
9.863810218211950594e-13
2.252762738733920981e-12
2.547441643710471266e-12
3.821260105341207678e-12
2.382489412082834342e-12
3.427564648548021604e-12
2.200939214287929144e-12
3.396397788697535669e-12
3.337366292892928225e-12
1.433773995180744722e-12
2.605658558679461570e-12
3.354658871645006652e-12
3.268446143040530933e-12
3.920586331411682367e-12
2.692518234352243054e-12
2.495176785605383641e-12
3.871674832627143197e-13
2.074539793595516191e-12
2.144257508136155133e-12
5.072350570660336482e-12
3.424002121174345370e-12
4.575700341660879408e-12
4.271430196383597280e-13
2.056373506987482261e-12
8.428658021939620984e-12
3.282108461611475905e-12
5.848949075226500776e-12
4.994168436313398729e-12
1.503231780071107549e-12
1.706233123032774548e-12
2.109597630896557461e-12
3.470329729531150860e-12
5.817425824735554433e-12
1.386929819683367222e-12
3.217541060904780419e-12
1.562106854517008450e-12
1.513949449778126079e-12
8.191507768830746867e-13
1.521308400373007760e-12
3.206177253673311195e-12
3.289197518485683221e-12
2.720567879413719400e-12
4.784455415267910887e-12
2.013598055273374863e-12
1.434832393800102411e-12
2.050203938538344858e-12
4.153697181908476713e-12
2.062627061124558572e-12
4.811501751009561867e-12
5.107379817364325950e-12
1.527472451105811791e-12
1.393967755115886189e-12
3.680414421106337058e-12
2.756003524059743217e-12
1.219498896560917212e-12
2.374786225786145571e-12
2.860260975781644410e-12
2.653220661585661144e-12
1.454175242648133275e-12
4.267825609235877340e-12
2.718430062754329963e-12
1.907868686540707251e-12
2.422314919322330039e-12
2.324712805249850894e-12
5.956576344019861374e-12
2.844191989730124326e-12
2.820256700087154518e-12
1.416727218483970125e-12
2.574443763109060027e-12
1.120884327677068915e-12
3.183857854169628138e-12
4.105878626300577413e-12
1.064400459251532137e-12
2.685179352820236860e-12
2.800608050398824450e-12
2.403858966434176839e-12
1.938385112711876769e-12
2.666978686232082129e-13
5.044235091691528044e-12
3.256178908284301618e-12
3.736470698611579494e-12
2.627262257976650818e-12
5.218490417509888595e-12
2.835733070420404034e-12
2.119549330350113936e-12
5.741285212618250606e-12
2.268610902240488642e-12
1.958351979891260286e-12
3.049219226006056969e-13
1.847129040521576350e-12
5.847720766315319768e-12
4.341240073020717375e-12
2.402341260189124710e-12
6.774479951195358481e-14
3.407574200150666213e-12
2.609879900883792124e-12
1.093385208783000215e-12
3.564386950391416149e-12
2.258540402822356826e-12
2.827660567078940283e-12
1.723976069952113194e-12
2.452018581983861145e-12
2.355588450855227181e-12
4.883022867606421761e-12
3.615192278856703522e-12
1.952625661380079191e-14
1.889223181080061964e-12
5.297888468096319593e-12
1.485764253252455743e-12
4.149830009233012110e-12
2.074303313626595004e-12
1.734826291720569717e-14
1.543279259676070597e-14
2.048210399086884735e-12
4.460511009058344337e-12
1.333740920237966307e-12
3.127387529635908147e-12
3.511838940373668161e-12
1.340839076102875550e-12
2.124927259327002166e-12
2.104743135861385872e-12
4.477355624158417758e-12
3.273513893009428064e-12
4.028317155861358114e-12
1.274085986519321628e-12
3.399722751265320926e-13
4.421614507012186910e-12
1.540574794409985629e-12
1.211098156688736824e-12
9.315622407439622459e-13
4.073810600246468651e-12
3.996307964399898964e-12
1.192397542710852986e-12
2.230883006409508332e-12
1.618565093410924444e-12
1.060816694341717297e-12
2.316581936058679099e-12
4.995672393425043456e-12
3.709253374238012066e-12
3.100552552001531522e-12
4.188730677546648839e-12
2.263708715568022503e-12
3.580435476333793449e-12
1.427622107297221948e-13
2.048680912662303330e-12
2.510818730865174287e-12
1.593538426265074593e-12
2.425674551621444348e-12
3.426858726763391493e-14
3.917498168386009604e-12
1.548294642936155165e-12
3.301789383685720612e-13
3.228500426427474700e-12
3.542962094720277889e-12
1.451351298888415077e-12
1.484528312740894110e-12
2.250860809570448608e-12
1.900544729779637592e-12
2.046077146715221028e-12
2.579135461331222128e-12
3.663772260501827637e-12
3.871101553318007654e-12
2.357150205579853473e-12
5.996609204659898731e-12
3.595896763743818123e-12
3.641060442779358371e-12
4.040846273739268061e-12
2.371061502524828116e-12
2.693532074677207416e-14
3.427355887610495353e-12
4.895497590643123671e-12
3.352106418389411952e-12
1.829008758086067105e-12
3.377403670395647177e-12
3.374021298991783296e-12
3.874173783997765356e-12
4.282673832830998178e-12
6.067917987981677113e-12
9.524307296851913653e-12
4.226899683367643468e-12
8.920415000618165150e-14
1.093257240187680648e-11
5.340200081114023353e-12
3.348927370559834673e-12
1.920028488161757197e-12
3.590158498389477797e-12
1.064459375446949285e-12
3.461891073132308692e-12
3.039251631335847385e-12
4.104742265930206757e-12
1.695916205527198169e-12
2.227591767341429571e-12
8.174499029955808077e-12
5.210735524902628877e-12
4.137468051809819708e-12
3.804537868474196703e-12
3.721662471224891807e-12
2.051471537473857398e-12
3.150922372260056537e-12
2.781646335553445173e-12
3.067398595260083874e-12
1.792238093297436032e-12
3.169786020569855398e-12
2.678142104637704969e-12
2.462188965084192447e-12
4.135452997310883518e-13
5.240149404587458151e-12
3.692161313853218047e-12
9.912428285736643413e-13
2.611425886319796191e-12
1.661058972696419736e-12
5.376132044657796192e-12
2.703863439082998032e-12
2.422713379587499060e-12
2.168630054474756155e-12
2.004606587791678835e-12
