5.610267869689386638e-12
3.115932682389673297e-12
4.718178042704356744e-12
3.046840818329359916e-12
6.016411052297212240e-12
4.801749906831856895e-12
4.676061808444155344e-12
4.141648621197871424e-12
2.827803287507151807e-12
3.181905456134240074e-12
2.961185663248353438e-12
3.957029687489867819e-12
9.705522945897992070e-13
3.137401225906803048e-12
3.619989347212790526e-12
4.404314500311814793e-12
nan
7.758778084535898331e-13
3.000911859673089101e-12
nan
3.827071258517400900e-12
2.540349874409214221e-12
nan
2.563919003206994656e-12
2.618682231705525476e-12
4.978522615339804715e-12
5.759087458233836185e-12
2.738729423323739951e-12
3.486107750001350115e-12
3.090680931377323863e-12
3.000880279844081334e-12
2.989325383532883292e-12
7.227656927310093069e-13
3.034901930570091895e-12
3.489975949371710001e-12
nan
3.270637203243043871e-12
1.041775801644626534e-12
3.461493266965913282e-12
nan
2.461684589747451229e-12
3.137556551228665566e-12
2.101922190563994568e-12
5.857875999366224342e-12
6.145936955860347467e-12
2.758949779192365353e-12
nan
1.933271541399265571e-12
7.994224147984106131e-13
2.698134737782888341e-12
2.780181944169484458e-12
2.510469500190150586e-12
9.842256557317889706e-13
3.789193901416752547e-12
2.308521603560576386e-12
nan
1.010443329444151620e-12
2.293495102976639192e-12
4.542701459338624404e-12
3.332753813083397491e-12
1.085920839900688932e-12
3.357421477035263043e-12
nan
4.669421386591830916e-12
3.091164337037587870e-12
4.584036612634394622e-12
9.971650376869400356e-13
3.533213118884126074e-12
2.952016082334788138e-12
3.445260172054908554e-12
3.356784176536298709e-12
nan
7.283484331739152383e-12
4.318977621866192809e-12
3.270884937506269605e-12
3.747275105440082305e-12
1.776762829702410114e-12
3.016721681837767618e-12
nan
3.623737483348089124e-12
1.327513161576366890e-12
8.090648956958895468e-12
3.875838973834580051e-12
3.222737025510065857e-12
4.455132177085066520e-12
1.751447834028100561e-12
3.172236651515433562e-12
4.144699131595053468e-12
2.207670744390346693e-12
3.462061117380340298e-12
2.357676752853692585e-12
3.109061789522220221e-12
nan
3.001512918455895761e-12
2.949720639989886386e-12
3.091497532480839796e-12
3.357668119074926172e-12
3.698706596282257492e-12
3.747394791424694718e-12
1.466437670505898682e-12
2.623410527347841427e-12
7.194751524805942424e-12
3.094735739888562134e-12
3.134589020614296993e-12
3.577275490258954810e-12
3.091693037848129000e-12
2.020049036086653589e-12
2.890621624221204793e-12
2.114728398852070515e-12
2.088702036155092516e-12
2.799620563897873905e-12
1.496713603227270251e-12
3.091682840407240597e-12
1.471471672845676300e-12
3.147222238479621025e-12
2.464645800648250302e-12
2.230531499412607905e-12
3.229438764728775670e-12
nan
1.751598391068242498e-12
5.144579421225832498e-12
6.633639769566133291e-12
3.662967822450857198e-12
1.239001997038431697e-12
3.515698415183418282e-12
2.679441929432623453e-12
2.324553576828388908e-12
3.833438599533271287e-12
3.137322826265408845e-12
1.600128536507022517e-12
5.974669844980451494e-12
1.430772178330906698e-12
9.486984576110533035e-13
7.065077198613119845e-12
4.935345883362651004e-12
5.143713425475927795e-12
3.474178432394747840e-12
3.974498847853383330e-12
2.014869379310459901e-12
3.028112235846003279e-12
3.137341691189964465e-12
3.261691357699977926e-12
4.499052437494433588e-12
3.182422913043307160e-12
1.424473454730526431e-12
3.228814759035322676e-12
1.201125645448790944e-12
nan
3.875590079014088693e-12
3.747103483605073523e-12
3.453483497748625554e-12
3.576591856951143684e-12
1.257726470172284067e-12
nan
7.980415432311995121e-13
2.648963517136127676e-12
4.025095112267964418e-12
3.533296350633286946e-12
3.271562916510497061e-12
4.099803736155662773e-12
4.197367330837969736e-12
2.988793844890206908e-12
1.538093122410676840e-12
3.340819498532399042e-12
3.137384146359930806e-12
3.933437919426080866e-12
3.664179689754866546e-12
1.247191900329844273e-12
3.920145225075344605e-12
4.499659308063187210e-12
3.747311104713189850e-12
2.772181995118259472e-12
3.374855680329880467e-12
1.245079497417327957e-12
1.570818364170637285e-12
2.912896384714218642e-12
3.271520998546903723e-12
5.315017226060524021e-12
3.618982773727781658e-12
3.744243731584284507e-12
4.838090298321401139e-13
3.894759240536741810e-12
5.294806251412792972e-12
1.023279348137824677e-12
5.019757568395829392e-12
2.803409517398893761e-12
4.353821096516540846e-12
2.131900492414278113e-12
7.323082621796645571e-13
1.964464188554860749e-12
3.784123621396694934e-12
2.168984287733015692e-12
2.594488164684222847e-12
6.850809037171930614e-12
4.807583893958183371e-12
2.666660796726907230e-12
3.252276988954974982e-12
2.171328308051041825e-12
nan
2.199989536451267396e-12
3.055924985206429120e-12
nan
1.632163183873337885e-12
nan
6.281299217354905428e-12
5.071922991971429581e-12
3.840383505932230615e-12
3.217072038921149716e-12
4.918463486566078778e-13
2.561372472441735379e-12
nan
5.475591837313093075e-12
1.776591848184396175e-12
1.059498997240300210e-12
2.845235410199802849e-12
2.814367534276910983e-12
3.445361740013582128e-12
2.910248848926593191e-12
2.565621133411546305e-12
7.814156474524147673e-12
3.865781839057846416e-12
3.357890635933309729e-12
1.695102528676996305e-12
4.094284227134219093e-12
nan
2.836350501202725469e-12
3.071125727765467561e-12
2.152379757063975875e-14
2.835240937845478041e-12
4.931044202277917638e-12
3.663074384774925133e-12
2.458042549488490324e-12
nan
2.030638193207421506e-12
3.489392863592814212e-12
7.490833543641429845e-12
3.445969876617070279e-12
3.747162263369384245e-12
4.544345179578825726e-12
3.703687912865083868e-12
4.475466927123154483e-12
3.357064626405883196e-12
4.544472657980783788e-12
2.762897042984030733e-12
4.364449436367013104e-12
5.816518029556593480e-12
2.690574828875052256e-12
3.212805404665785845e-12
3.312782646606794320e-12
2.073929245557063287e-12
1.659917474495374606e-12
1.552433585279120152e-12
3.456108894061554135e-12
4.633265029534833191e-12
3.046655077414924970e-12
2.613462573473819383e-12
2.502928610941243290e-12
6.879656747677739233e-12
1.586979478268160176e-12
2.957824588092165832e-12
4.781373587325048375e-12
3.533547433976961191e-12
3.150353722151857945e-12
nan
nan
7.742047123316510416e-13
2.392184296280918084e-12
3.794413293339849145e-12
3.001443177726574704e-12
4.590025517102976791e-12
4.261112113550700539e-12
3.357595740067686271e-12
3.662757748737048634e-12
4.543819480923067993e-12
3.269616820100060479e-12
2.500105047532727338e-12
3.575377869490923850e-12
1.763427536045299174e-12
4.499417946960527924e-12
3.032060201345254595e-12
2.107025725844079771e-12
4.027906085987352942e-12
3.337911710647819057e-12
2.086414861004686232e-12
8.411749353467518920e-13
2.737357680636964286e-12
3.281936203391514299e-12
3.446030327583804661e-12
2.997060132697666268e-12
2.957940818252608870e-12
2.620514776155987368e-12
4.280011932459306309e-12
3.909368556754175173e-12
1.492482949245685805e-12
3.328217709665008917e-12
4.134291081801958644e-12
3.137780753522688804e-12
3.534203647858528059e-12
3.045933901861575984e-12
2.976335663756361878e-12
1.112282588959518854e-13
2.405581576132243485e-12
2.598017145331097214e-12
4.853313311289611752e-12
3.001480737403653524e-12
4.719296040315485748e-12
1.261182906685290363e-13
2.402593538636638439e-12
8.805318514567970753e-12
4.086969514696226346e-12
5.732923291913411305e-12
4.765011368722414952e-12
1.483721762876545570e-12
1.917279387462465201e-12
2.542702184154245981e-12
3.091862419802946896e-12
5.691819586807999641e-12
1.315702467811328880e-12
3.489025019135766947e-12
1.741321003464760165e-12
1.488787711911408743e-12
5.229854541174335442e-13
1.638531533497445849e-12
3.814925316395037098e-12
3.903091121885946031e-12
3.498228946836065993e-12
5.275323629790538419e-12
2.544872411997561710e-12
1.732226231192484923e-12
2.368691478126294916e-12
4.543016188964430765e-12
2.602364464001387723e-12
4.543084050811584926e-12
4.893215565074839458e-12
1.823081588370148011e-12
1.614730312537366618e-12
4.007704275679813642e-12
3.181390737381016510e-12
1.065903695264256745e-12
2.810946426016410910e-12
3.516257281522264044e-12
2.909181177180312185e-12
1.545900148606104734e-12
3.921672470949204053e-12
3.524268596154015549e-12
2.232517901781258993e-12
3.090945523907078036e-12
2.792318648717736349e-12
5.859113213761263328e-12
3.520811557881835204e-12
3.266363090522693243e-12
1.448527479281342503e-12
3.212818807136613170e-12
9.410291872175972021e-13
3.402065320302440483e-12
3.835605616957444426e-12
1.002454855748040926e-12
3.238230600835726633e-12
3.628956687574920858e-12
3.089195902940895931e-12
2.259283209294204868e-12
nan
5.732509879644071157e-12
4.194219824185897742e-12
4.102180721748378265e-12
3.045842882052644814e-12
5.020225218563075127e-12
3.486004258124339289e-12
2.513677883654195641e-12
5.607287204647645164e-12
1.751043009523055029e-12
2.411690576403446533e-12
nan
2.130880069601397600e-12
5.734243854299007702e-12
4.006775303516554538e-12
3.060089378929203817e-12
nan
2.957893311617269367e-12
2.990380142174842842e-12
9.673688293522268226e-13
3.313208536659799512e-12
2.790070249360659854e-12
3.001235076135805241e-12
1.868233163681328435e-12
3.117823208680684538e-12
2.956467158548703415e-12
4.632257295699376066e-12
3.181908681118026287e-12
nan
2.207328542419106192e-12
5.896861465884297207e-12
1.604120548928144521e-12
3.788284844240414159e-12
2.427969566727512460e-12
nan
nan
2.390308311342032744e-12
4.144338034922469837e-12
1.461417186681535923e-12
3.181882091827018299e-12
4.221627856945456372e-12
1.235058342505393519e-12
2.587723476351556768e-12
2.536792669641913416e-12
4.963579144575589916e-12
4.218143928394791928e-12
3.662842241781042413e-12
1.042222521609111433e-12
nan
4.103327320121595422e-12
1.836048870384362670e-12
1.157107613814966697e-12
7.492012539101942240e-13
3.703888454542909646e-12
3.835033256235176311e-12
9.563719676374857159e-13
2.732533046736860143e-12
1.736001802714740838e-12
9.729819859831937978e-13
2.863867262309212113e-12
4.765170889104986951e-12
3.445944180840071772e-12
3.878655596020540539e-12
3.835117350004852017e-12
2.752900350471782859e-12
3.137613237331025991e-12
nan
2.438307384477103231e-12
3.006742027683819938e-12
1.721817604808731951e-12
3.086622806732828548e-12
nan
3.606603796656783727e-12
1.610508312859401097e-12
nan
3.996485831384367054e-12
4.177310175506426183e-12
1.655023127217837968e-12
1.754914315906110756e-12
2.779108753181671411e-12
2.281227202604554221e-12
2.547737262204397074e-12
3.292332214882381575e-12
3.358018003668701032e-12
4.143527010005904755e-12
2.923974349526399312e-12
5.896694304901886898e-12
4.819959119429742220e-12
3.401914067661661461e-12
4.847098219028949089e-12
3.004263069368220087e-12
nan
2.957923875892558372e-12
5.102684835264419781e-12
2.912497462796862630e-12
2.001240339956824017e-12
2.912519446633695075e-12
3.269732455039008843e-12
3.490062500777167289e-12
4.007422055113952730e-12
5.975533455264602375e-12
9.992569548680321628e-12
3.875708106458385869e-12
nan
1.160729420267642154e-11
5.314222909082786848e-12
4.039876755937965797e-12
2.305697929407336013e-12
3.833762265352945637e-12
9.862768499360676963e-13
3.963492211419777419e-12
3.812618940644942464e-12
3.877131248665884066e-12
1.842013730256540006e-12
2.695474183968432365e-12
8.421434780035097182e-12
6.212484244772712726e-12
4.852098328462757513e-12
3.401892443857689944e-12
3.833805050355103395e-12
2.420817143471227154e-12
3.490067915911804884e-12
3.698787623752271229e-12
3.847144797174893509e-12
2.036307075900584169e-12
4.062684885866556797e-12
3.430655720296615293e-12
3.137017835432050750e-12
1.136926091719357273e-13
5.568691877891283054e-12
3.269827956161791612e-12
8.015946330640850031e-13
3.306134883126825110e-12
1.909821036427861065e-12
5.190366004273185903e-12
3.452871340938258987e-12
3.059081209932387172e-12
2.585770434516309495e-12
2.335804580887936646e-12
