6.001785847912465499e+00
2.017475979840734901e+00
4.918965045061642449e+00
2.909437360668936545e+00
5.073116830665545862e+00
4.935812813187335557e+00
4.281268463581091588e+00
4.207090355615330068e+00
1.482901279702713015e+00
3.053609551001818190e+00
1.603346516755060680e+00
2.840978195461033362e+00
3.927120447049797791e-01
2.822191145455594352e+00
2.624143482113982184e+00
2.863916362341931698e+00
1.392923774210681797e-03
3.383581466859160169e-01
2.587478270443438255e+00
2.470490236135620054e-04
2.536910527405115801e+00
1.136192502820741801e+00
5.584837123450658164e-03
1.329303839569704326e+00
1.309731165091566174e+00
3.912203163520896254e+00
4.958041146453158632e+00
1.452996329624117511e+00
2.412019826586744298e+00
2.180967748470648893e+00
2.334708262445824634e+00
1.577256311393654853e+00
3.300329495044670991e-01
2.001143858826435640e+00
3.126762996744123502e+00
9.820190503714318429e-04
2.446472184782870762e+00
3.930674574098215190e-01
2.088895793987115113e+00
5.974507336181393916e-03
1.266491745615805353e+00
3.006084860393693159e+00
1.042138038947834078e+00
6.195087779306982512e+00
6.030205523429593484e+00
1.318423115037875792e+00
3.562915214003992137e-02
8.360746092652655559e-01
3.484886207750187426e-01
1.470685801193226228e+00
1.479280669095223599e+00
1.257241711867547851e+00
3.879661766254630662e-01
3.552491586128207146e+00
1.167276757936366538e+00
1.821082578267510521e-02
3.966457886105075881e-01
1.162571087799285419e+00
3.260531636618719808e+00
2.233473338274111875e+00
4.039818406295316300e-01
2.937486044829011878e+00
1.577720711308791286e-03
3.411755765304875343e+00
2.956556284710857074e+00
3.533164824746329202e+00
4.087622089205696363e-01
3.475026316225155121e+00
2.073422595074224883e+00
3.000132795121818408e+00
2.395634375261175286e+00
7.312648112588798679e-04
8.480446359534870027e+00
4.422694500509804172e+00
3.158454527234487497e+00
3.502278163353177209e+00
7.654353609463887542e-01
1.550426146334087818e+00
2.021429862244698318e-03
2.366703244196903366e+00
4.528620259484386623e-01
8.342397301640588125e+00
3.223834554116820073e+00
2.005792421058282482e+00
4.431076635789053420e+00
7.379317161123892799e-01
1.896447615161644284e+00
3.400875182406421615e+00
1.003688017037506874e+00
2.304362473352977503e+00
1.067896938296550191e+00
1.934626325461894059e+00
8.631109599268190283e-03
2.858868059565795594e+00
1.591832522479042389e+00
2.642449785368116366e+00
1.934005516708064532e+00
2.604970684280199844e+00
3.724161530871910486e+00
6.362449899048001623e-01
1.321932748385914902e+00
8.350554803157226758e+00
1.743641131014197709e+00
1.778281528132141132e+00
3.415388641103322964e+00
2.956674211302340094e+00
8.983696774339683389e-01
1.875444514370371962e+00
9.017667421876913725e-01
1.054880144343272708e+00
1.721393695415332381e+00
6.548785971559510921e-01
2.956835227032371005e+00
6.055940007638302980e-01
1.733305773712001230e+00
1.149597120298289088e+00
1.949867598474936514e+00
3.158465222120168558e+00
2.016056859574255969e-03
7.474856681117789670e-01
5.098238914063299099e+00
7.216696912245344819e+00
3.489835809264319799e+00
4.562173068284263722e-01
2.354637858938134709e+00
1.424962099034143392e+00
1.083037891586582369e+00
3.121385328429209238e+00
2.416143252955258891e+00
6.852827014416056350e-01
6.596242370418327283e+00
6.192067266497329747e-01
3.879135971602765132e-01
8.133783345434693501e+00
5.186242237745475769e+00
5.085058477712690816e+00
2.049307904473534947e+00
2.690795180663421160e+00
9.013789702651203717e-01
1.668543623829417344e+00
3.006319443471467068e+00
2.159009279461510111e+00
4.331271385839491117e+00
2.915007054919384277e+00
6.256027104256991489e-01
3.101037670883588504e+00
4.701549538712112564e-01
5.364009594991828254e-04
3.772284695710848013e+00
3.614961734988780151e+00
2.048118987269496927e+00
2.761051872910832650e+00
4.513385529672258034e-01
2.901012976873121714e-05
3.524297838569636077e-01
1.395695861186773135e+00
2.830009481503274138e+00
3.473349773181540368e+00
3.158295729951799302e+00
3.823817117495853068e+00
2.666327775495438868e+00
1.631609868398285812e+00
6.291330726849078125e-01
2.255673344052332663e+00
2.031309731529003404e+00
2.228065331362425017e+00
2.865481815245692232e+00
5.276006933927223086e-01
3.936091226946364152e+00
4.293081603469492080e+00
3.237491368363097699e+00
1.591795146164595831e+00
2.239514773350062438e+00
4.692648747669970200e-01
6.721597088764180716e-01
2.577378473170797157e+00
3.138177754641683137e+00
5.686156716482407170e+00
3.027256784913054943e+00
2.676355943045742425e+00
2.824447411872417768e-01
2.804168843063160388e+00
3.884219350127819048e+00
3.898624483905092086e-01
5.301007523397267995e+00
1.540511381992025308e+00
2.986287704614489336e+00
8.205957478794828619e-01
3.331334340563243401e-01
8.390261776119990467e-01
2.465418355795787608e+00
1.101943579187715017e+00
1.336279459103920209e+00
7.811502702021167366e+00
5.024412209358398940e+00
1.423366603284152987e+00
2.291318373000392761e+00
1.039020461310701693e+00
1.308920085737396441e-03
9.130088477430962079e-01
1.736314811538990144e+00
4.952272207337672735e-06
6.900918284915742440e-01
2.007651599315430149e-02
5.242650303304797532e+00
4.442130634264955802e+00
2.705900336403061157e+00
1.892393042514390222e+00
2.841452227039863443e-01
1.315430460757289755e+00
4.952272207337672735e-06
5.703398880064422194e+00
7.860926961971539395e-01
4.039545706793343793e-01
1.596359067318476432e+00
1.486076164828626700e+00
3.119497218263298954e+00
2.067465804582385935e+00
1.324417295701039832e+00
7.020650060828378614e+00
2.647128192407085301e+00
2.454292491030896084e+00
6.782199819289476128e-01
2.897154936071970166e+00
3.930767686705625465e-05
1.327986346221122771e+00
1.767969148583915073e+00
4.327398815772055818e-02
1.755973591188679794e+00
4.712931937874074606e+00
3.621565649897736439e+00
1.254386005182283048e+00
2.253327627371490109e-04
9.838381369579385360e-01
3.417718906804981138e+00
6.793438087859390073e+00
2.575107941854512639e+00
2.830082966028065528e+00
4.246328188998170106e+00
2.903967292298677449e+00
3.297456706580411900e+00
3.263217574904988538e+00
3.887392478108325555e+00
1.551053069013599295e+00
4.479754852450658298e+00
6.327341925907271403e+00
1.365583510596248606e+00
1.855986476101556093e+00
3.020626052418539764e+00
9.011862082700584642e-01
7.457766587967579186e-01
6.692046804148641392e-01
1.785911763620462445e+00
4.807889566990046326e+00
2.579202974731518161e+00
1.384552741930308972e+00
1.288627804453927883e+00
6.062806572239283653e+00
6.240283086681112090e-01
2.584743226029504459e+00
3.151961678771686870e+00
2.520370764945555120e+00
1.736272103745579054e+00
4.240362359164416561e-02
2.339170796931200683e-02
3.422076203317607757e-01
1.042228225756839599e+00
2.673393406881539480e+00
2.683865369644474974e+00
4.764776470973258959e+00
3.037120195273668610e+00
3.262842380172983781e+00
3.623066187722610909e+00
4.474174263795269724e+00
3.156759903455243155e+00
1.289049181025971214e+00
3.522572971272229569e+00
7.382838146524376421e-01
4.651683312660077618e+00
1.485961244087784294e+00
9.695233191976909692e-01
2.867917837476318788e+00
1.832132466503364476e+00
8.825266969586116339e-01
3.587483832485638957e-01
1.514218916251614422e+00
1.843813680627867768e+00
3.366281909910472603e+00
1.643050767872493045e+00
2.808959590875335088e+00
1.396258978080126223e+00
2.971695309498149307e+00
2.833560057283810885e+00
6.361561539979122548e-01
1.927254582106053382e+00
2.942834702150010973e+00
2.785577510150841984e+00
3.474295324768496229e+00
2.122091797132692914e+00
1.864346460325419175e+00
5.000516989161109260e-02
1.217705806567339399e+00
1.337896770801092927e+00
5.077700174745747752e+00
2.832245911825294282e+00
4.582831855423749268e+00
1.074093346293353152e-01
1.186553572713728189e+00
1.086365874672830856e+01
2.851879933075088136e+00
6.255532650068848177e+00
4.972301352267245456e+00
6.455297568458272517e-01
8.020597971455172281e-01
1.201916447546642175e+00
2.886919049646742064e+00
6.201780089980815980e+00
5.921071411268067353e-01
2.635367839578846016e+00
7.350173679683589256e-01
6.372842453313433131e-01
2.920794829363267953e-01
6.931450005359220956e-01
2.711413274934811657e+00
2.815712981471590215e+00
2.102470408910088295e+00
5.061317795269365760e+00
1.286601848011841298e+00
7.397566150723711154e-01
1.026331654864544918e+00
4.128737004368704611e+00
1.370273277467467743e+00
4.710461452948509375e+00
5.130887103124014637e+00
7.892495111075339409e-01
7.015298682113627615e-01
3.202722722954213008e+00
2.219353860279926760e+00
4.173070766349000205e-01
1.743864648579963372e+00
2.350711523607794007e+00
2.061785899342693629e+00
6.473529371841627578e-01
3.937096167063780516e+00
1.908156725112959418e+00
1.107735338660107871e+00
1.737781438610796370e+00
1.689743259881456128e+00
6.419402421080906862e+00
2.327693162526129456e+00
2.230369215296224894e+00
6.051327411094469255e-01
1.940555619978262536e+00
3.887657846975651199e-01
2.726727082296697802e+00
3.788769322061356526e+00
3.925924302240912933e-01
2.111141849427902173e+00
1.913401156037938922e+00
1.734098569319809879e+00
1.086187946335827936e+00
2.306252999665251921e-02
5.598466837523409012e+00
2.648032696450478340e+00
3.343510743779392502e+00
2.076328447734461236e+00
5.297923776661622064e+00
2.334500155980475888e+00
1.273783827060597673e+00
6.090202939598912124e+00
1.522941988310781314e+00
1.192440013127968657e+00
3.334499791500666888e-02
1.032105751981905906e+00
6.254629963292591022e+00
4.041618704921360106e+00
1.717045761106523738e+00
1.592980820719124523e-03
2.807842924263943551e+00
1.995061196728052932e+00
3.850660947696608605e-01
3.043714572948193364e+00
1.497404386249630903e+00
2.200692617341457158e+00
7.910960689730217599e-01
1.794542074180697444e+00
1.587252480913971642e+00
4.814059879692193178e+00
3.055439533585623035e+00
4.952272207337672735e-06
9.680277611493032230e-01
5.948094372730118096e+00
6.796918605689354909e-01
3.781221932912889105e+00
1.211978690049995366e+00
6.571636939016210007e-05
3.956096390566496933e-05
1.042913382366388753e+00
4.208157542211646174e+00
5.885122152233196458e-01
2.519005771613277656e+00
3.119217383624344198e+00
5.291556318492571798e-01
1.314626237470423842e+00
1.284057003481249071e+00
4.593949439440526028e+00
2.655492776204008365e+00
3.622722562574641536e+00
4.326791725137272282e-01
3.721050647156511765e-02
4.149481692775009556e+00
7.781324822444650735e-01
4.232555202774428427e-01
3.361138386402586220e-01
3.678514195462647685e+00
3.588366502616214149e+00
4.010875255434842024e-01
1.460355782176961048e+00
8.521497503997672585e-01
3.837606752991462034e-01
1.575777258160122596e+00
4.971332245501603353e+00
3.214451284359503003e+00
2.619185866113573624e+00
3.829100191194278135e+00
1.526553335056032967e+00
3.006306957004582614e+00
4.911103348666288546e-03
1.146124537121082643e+00
1.899689789463690159e+00
8.387732421479712208e-01
1.672015671706642337e+00
4.839791017521536277e-04
3.580952082635950440e+00
5.911286891948904776e-01
3.748427198349554151e-02
2.807128855061064243e+00
3.064359458702144767e+00
7.423279155292843434e-01
7.681002547278058534e-01
1.493190481004135428e+00
1.132189105791171491e+00
1.281255109907081691e+00
1.914706777658945036e+00
3.259713746371645016e+00
3.648840129964320056e+00
1.363180768915457808e+00
6.480847671963206658e+00
2.986532506796688580e+00
3.103437685487777653e+00
3.906517176610932562e+00
1.676534162597701716e+00
2.914804648199333516e-04
2.809258462376753585e+00
5.187535027725307835e+00
2.746395412907714828e+00
8.530292206161560475e-01
2.761052772177520431e+00
2.882379824522354639e+00
3.418047766026923284e+00
4.036388944075189222e+00
6.597473854903203261e+00
1.287012734031889494e+01
3.882632349724710163e+00
2.755566273555777514e-03
1.582599325627497855e+01
5.632108955348512858e+00
2.903774047907849543e+00
1.148871774350131547e+00
3.209729304699018293e+00
3.851737939733643201e-01
2.959687517124950595e+00
2.538604453625183499e+00
3.862028243109074666e+00
9.571531546872749097e-01
1.438010932748433168e+00
1.023629342794195196e+01
5.131805557403481544e+00
4.027790256772236788e+00
3.315059354828943317e+00
3.446672578407031118e+00
1.154983145177300718e+00
2.569771519127359127e+00
1.868449045579454237e+00
2.597116260446075131e+00
9.374234924323648910e-01
2.581801757188494584e+00
1.806120083635017748e+00
1.793726152601691659e+00
7.968497550478813307e-02
5.755636819466633192e+00
3.157549159709754250e+00
3.527147500652824119e-01
2.006468948020450949e+00
8.337108278840303921e-01
5.526986147522092274e+00
2.093439756800513418e+00
1.693867047097141310e+00
1.370742054908790974e+00
1.171161753778633630e+00
6.388727317559609112e-04
6.993458608823155398e-01
1.971272070376553831e+00
2.770567059371125129e+00
1.349642557496017803e+00
3.923333839027630534e-05
3.524433191887379468e+00
1.609514779067880319e+00
3.829104509883845431e+00
3.053694776262209309e+00
3.859186547554339874e+00
1.862704918838523849e+00
2.838037464844772373e+00
1.656860871999268792e+00
8.332632949124866510e-05
3.083312636325597822e+00
1.553949116189773161e+00
3.332322284577882154e+00
2.111005900002958846e+00
3.152485732865095147e-01
2.124091557789497209e+00
3.755188144086844204e+00
1.843402911343858364e+00
2.740523339373053702e+00
3.329117995128406005e+00
7.224096784177350683e-01
4.952272207337672735e-06
4.041448014863117777e+00
4.809622860306697056e+00
2.514579613397970093e+00
1.755213673331167679e-01
1.868072578231962710e+00
1.016235184825162285e+00
1.394733776374705192e+00
3.712646345670614245e+00
9.998265404939147422e-03
5.521121056614124001e+00
3.334657126682862849e+00
3.484456508528323671e+00
6.011298268729338146e-01
4.651094407168412381e-01
3.620404914470736646e+00
1.642200041202760641e+00
1.172147287543131577e+00
1.100620036885413766e+00
2.875609808987484417e+00
1.828549510550388835e+00
3.632494790249438110e-01
3.673453980477393355e+00
3.935117261973691161e+00
2.198281729922474614e+00
2.416928389753536521e+00
2.793381024451807804e+00
6.361231511571073804e-01
5.525364708351604648e+00
4.939681453045510632e-04
5.486152673289008241e+00
2.380162548387822596e+00
2.955620897458542728e+00
1.734122612773988159e+00
3.075390485921144501e-01
3.802249715891785620e-01
7.527166863707783762e-01
9.988443597572844723e-01
1.995895334726645709e+00
6.092473387971096166e+00
3.812289061211999286e+00
2.753558761711524916e+00
2.806876276979724416e+00
1.897342555261709585e+00
1.861360803846915601e+00
3.101685987368377084e+00
6.708011955017486594e-01
2.314839357743960768e+00
2.681410678791871227e+00
2.904392663388495777e+00
2.975179884279568476e+00
2.749490616212270822e-04
3.442871974997996354e+00
1.777542707144601497e+00
2.743024851138677889e+00
1.955252746955656651e+00
2.816535697413844019e+00
3.068441640427190809e+00
3.979451452033500036e-01
2.598428392010252885e+00
1.544635922840374320e+00
1.386698386973363867e-02
4.593760300761698723e+00
1.416652736917770161e+00
2.252281597086473131e+00
4.240244999858293617e+00
7.728165587954133331e-01
2.530297286879106267e+00
7.122922555178569093e-01
1.380237951488618053e+00
2.206457124849020346e+00
4.426345871183583469e+00
3.358505794609109758e-03
2.903842707588961557e-05
1.665694228716621872e+00
1.909769483722302930e+00
2.833892285654625365e+00
2.840786974223252770e+00
4.146477601250909473e+00
2.755193282838467983e+00
2.006853947525155668e+00
1.466799488478023328e+00
8.679778857956424454e-02
3.574766411722068327e+00
1.329351726462369473e-04
6.777519114040703174e-01
2.706459477810199132e+00
1.844654908821836914e+00
1.301492949476221295e+00
2.311261564695926474e+00
1.044801201754617992e+00
4.056385749811166619e+00
2.550774398587262404e+00
1.489396246833625925e+00
2.297100487568265681e+00
2.195791547496496410e+00
4.012763015038218306e+00
1.578034244616807857e+00
8.817639342891881782e+00
7.193156583167535922e-01
2.857947621058675391e+00
1.266033625179099342e+00
3.276763355786653342e+00
1.717372938506575242e+00
2.977722748540291953e+00
1.520425039444133430e+00
8.690427875333793795e-01
2.761598631771561507e+00
3.816356141662631263e-01
3.452132215623842537e+00
2.158278625308684084e+00
7.240606719499447230e-01
4.396727323326809489e-01
6.472566161086324744e-03
7.885931817812833478e-01
3.321108243318535269e+00
2.104097631995115236e+00
2.180114743067552638e-02
1.195334114836147689e-03
4.343108956696049461e+00
7.080545667324110504e+00
1.818780302671982430e+00
3.776871944610007859e+00
4.762131747648334468e+00
1.539893479820207745e+00
1.223915724090534951e+00
7.227326210187763958e-03
2.857939253827114445e+00
3.314266659735431109e+00
3.383213553991319955e+00
1.618176346058728843e+00
2.090490560812342746e+00
1.587810959591642090e+00
5.567979473649267597e+00
3.002900900340455426e+00
6.424024414811935202e-02
1.999849692103760068e+00
2.335406143548613311e+00
6.237274989775720702e-01
3.419395540115568455e-01
1.705505280440570370e+00
3.037894124199602253e+00
1.609448040195743168e+00
3.010316843919829122e-01
3.723839058681650105e+00
6.083530963139985204e+00
1.746089790512858952e+00
4.266382526810003739e+00
2.761664693928001846e+00
1.937199018560674120e-04
5.024470933268728956e+00
2.858079702216681284e+00
2.678791705650660049e+00
1.334477040181810716e-03
4.672746990797612548e-04
2.281650229561989818e+00
3.780056021023781909e+00
5.583650287991361871e+00
3.101555988402187936e+00
7.740655515917082008e-01
2.589519774769362570e+00
5.685803995510143594e+00
1.189864459387232731e+00
1.850639848036779436e-05
3.156969710311009703e+00
1.804542014442058750e+00
4.125012493944516301e+00
8.809763220688218155e-01
3.218986414685078401e+00
1.347248686351222080e+00
1.806445509650594028e+00
3.312481233567853067e+00
3.174184874250072230e-01
2.436170480097277213e+00
2.601709249617037756e+00
7.413868044339835706e+00
2.396551622859417918e+00
3.437825430815968808e+00
6.760682567144337130e-01
5.079954984971459808e+00
1.005138946571004343e-03
4.912822286525748261e+00
9.240300265659325829e-01
3.063223050509127354e+00
3.672328340321830531e+00
2.127755239949801869e+00
4.178076560328721101e+00
3.074138957147205975e+00
1.349704281601540878e-03
1.572460557255423996e+00
3.575269612482465664e+00
9.204730335403425896e-04
6.642676062615351373e-01
3.523558421233938365e+00
1.389305586661285490e-03
3.343001279392725067e+00
1.145352325609338751e+00
1.313187031675551619e+00
5.204108661084987375e+00
1.192191730096384239e+00
9.591101220311324393e-01
9.091815045358911558e-04
2.014219006113978416e+00
1.301009128253299840e+00
4.013384974952739492e-01
1.316683566639764269e+00
1.743424622664760504e+00
8.595471147031146231e-01
2.581529923574343410e+00
8.675084700218244071e-01
3.348623420060593547e-01
3.126763640430091584e+00
1.025794588545482444e+00
2.560697984321018694e+00
2.434580182437941609e+00
4.352003139528645370e+00
3.320360171118705406e+00
6.134522966828098944e+00
3.672936453668315782e+00
1.769871000251656890e+00
1.357877740164901370e+00
2.007569342489997855e+00
3.162808472047694330e+00
1.224449821485008583e+00
1.960944266338622732e+00
3.524407413880628059e+00
6.100653361217761583e-02
2.149759588107473182e-02
1.279368352769536310e+00
3.294233492555383017e-04
9.690777861018064166e-05
4.040162349796700525e+00
1.959276197925458485e+00
3.100803697774620726e+00
1.864731091717333644e+00
3.237592494459105463e+00
3.123812416216681598e+00
3.156375379440564011e+00
1.619478937344838790e-02
2.808821123050996516e+00
2.834408449578015077e+00
2.144526008740025524e+00
1.274609222310102652e+00
3.133879833881011656e+00
3.401976338650085196e+00
7.059504434625331060e-01
5.133011165390716002e+00
3.507260501664680952e+00
2.492899707697249667e+00
8.594099793200868476e+00
6.031482684912814030e+00
3.671616652673961756e+00
3.015541087788442098e+00
8.484225670900177319e-01
1.164418348874495024e+00
1.871180364464215540e+00
3.938100546839364956e-05
1.030997337402347114e+00
2.533544385066937465e+00
3.437678111334633302e-01
1.620569570265911086e+00
3.205029525771973198e+00
3.390595109695995646e+00
6.917477448113067418e-01
3.544039654314216220e-02
4.022802381887638501e-01
2.689351515198497911e+00
1.680042842202196240e+00
2.060929944128592872e+00
1.344549187625360576e+00
9.721172622736824476e-01
5.475706472201209429e-01
2.702530110972994226e+00
3.953362222734378983e-01
4.508115974910797963e-02
3.990226681783172413e+00
2.758642377767645648e+00
1.215126189902576481e+00
7.715227941884284846e+00
3.693776006796911093e-01
3.935693475499830285e+00
5.327090117677690806e+00
4.653419606205620340e+00
1.315938285766416360e+00
1.558827238321829622e-01
8.714676596183384971e-01
2.331766463176261350e+00
3.115550903832757790e+00
1.604297411367195503e+00
5.744198152129800228e+00
9.521005905170241632e-05
3.416688114230769457e+00
4.638689223207227208e+00
3.160275759797019024e+00
2.062469701715811343e+00
4.228378552235353638e+00
2.219414833861412362e+00
2.631054910266467317e+00
3.158664890383799051e+00
7.759789716240513835e-01
3.620316287785005471e+00
2.142855042267635124e+00
8.810171928106385053e-01
2.008513173628610815e+00
4.972140993378761031e+00
2.235454390335647634e+00
1.284930055303160401e+00
3.160433861199188232e+00
2.341021058185527304e-02
3.313949576397957841e+00
2.856761423770114217e+00
7.132082640083631242e-01
2.969785714350284156e+00
4.952272207337672735e-06
1.881391352918044158e+00
3.006624858293360791e+00
2.760754221315442791e+00
1.124179338170998577e+00
1.007290208052344038e+00
1.557661621894054216e+00
3.937564524094034901e+00
3.984472134696805945e-01
4.952272207337672735e-06
3.206193251900681052e+00
5.408747660441590721e-01
2.623347048509719226e+00
3.726622147700519583e-01
4.012719925237307805e+00
2.887509286773350503e+00
3.604826602206164132e+00
4.060786014991253801e+00
4.395406747225579558e+00
2.648598679980033843e+00
1.763787249067874541e+00
3.006662117183111160e+00
3.439949193542907180e-01
3.112861092307753208e-01
1.140966927014822385e+00
3.213741086708760797e+00
9.333099674018632275e-01
4.346431489246282975e-01
3.757133206296556782e-01
1.030415778936181859e+00
2.103282776806590704e+00
2.381118545212649984e+00
3.884776162806703237e+00
7.366548328054214334e-01
2.294072811375091447e+00
3.890486523713173606e-01
4.667763840788316188e+00
2.931858732698199521e+00
5.713326110563503590e-01
1.264061984234428948e+00
3.094516613428973106e-01
8.918586722057167959e-01
2.233794658691067525e+00
1.006820875114541103e+00
4.705603582285752040e+00
9.022795726021621832e+00
4.323357144023164955e-01
3.140173917084124078e+00
3.114695926995597830e+00
3.137996089089963192e+00
1.479918160126777682e+00
4.889734406002631317e+00
2.211937928439940748e+00
2.956536841719191955e+00
1.833707998616583845e+00
3.673464639473071447e+00
3.074975887585283729e+00
7.513214395591178985e+00
4.952272207337672735e-06
1.555650892689037883e-02
2.891420517845959104e+00
3.097674574277040183e+00
4.155017729325624631e-01
6.135263167233963033e-01
2.842574103609551095e+00
1.835845082467524758e+00
2.856730291606504935e+00
5.415976799953682530e+00
5.557537520454384206e-01
4.426079726948501936e+00
8.195699071693988177e-05
2.395628448830195545e+00
4.534393652863799140e+00
3.622392462975210226e+00
3.374228421257458699e+00
7.605178243397711091e-01
2.273749949179886709e+00
1.464805291086166861e+00
1.947556050924072801e+00
4.529557573720955688e+00
3.006875409680822120e+00
2.955539053168054764e+00
2.399184012829790547e+00
2.362954974746330095e+00
1.560998757886400412e+00
1.318592251567547984e-03
4.529715839206816419e+00
1.903226998298902849e-04
7.612585271807147391e-01
3.073852483819648068e-02
2.713433882481938397e+00
8.962696551474379492e-01
1.947306775797414069e+00
3.498197737831605370e-01
1.015173232083490973e+00
5.191254386432504475e+00
5.975798114713456677e+00
2.829603156520458018e+00
2.667838926506207464e+00
6.059489305353056743e+00
2.984778651105191916e+00
1.171210851869885529e-02
2.533184554948443967e+00
8.797753566772357203e-01
3.099272747526818250e+00
4.952018150783008110e+00
4.163815768223537161e-01
3.473745971927306275e+00
2.433304487090765189e+00
1.715225284701493713e+00
8.160214618281937948e-01
4.426626814211461536e+00
3.865051899517850109e-01
2.761481799916022162e+00
4.511782189649788499e+00
1.219995332461023985e+00
1.942450852422303420e+00
2.160598637742562111e+00
3.719002083187630259e+00
2.835071690387928722e+00
3.828225511606461406e+00
3.678572838813786383e+00
2.373637228597689219e+00
2.958463571142711857e+00
3.045592365510506383e+00
1.190431636937941295e+00
7.028863757916905541e-01
6.932306170744059193e-01
8.010665752087541946e+00
4.281568797233894941e+00
1.675040110707401182e-03
2.312250374994896163e+00
6.543222547808256184e-01
2.065497159056810528e+00
1.357555543713746982e+00
3.314588146910085076e+00
5.902549748819010400e-01
9.719082904691998814e-03
7.209412044259766450e-01
6.394296031648168122e-02
3.819167339211045231e+00
2.824343514960258261e+00
2.367328818387398837e+00
1.013544352268926696e+00
6.038948150652419855e+00
8.603407955853811240e-01
4.952272207337672735e-06
2.115288255180471033e+00
4.819488575777295836e+00
5.745466140648924913e+00
1.668083536082496821e+00
2.173724360862085980e+00
2.895793679494270023e+00
4.267817622818875084e-02
6.112450961383644188e-01
2.955618858981078567e+00
3.590453983461361798e+00
1.855380535903607520e+00
6.092292902241176478e-01
2.343962522180025321e+00
7.885600657987497097e-01
3.234971346184214447e-01
