5.850638385649141452e-12
2.718138695433708185e-12
5.066379574636614693e-12
3.540207963129852752e-12
4.979804188343978518e-12
5.073227412739391949e-12
4.517230063120149750e-12
4.555833780155659788e-12
2.178364485818484173e-12
3.659528159998044015e-12
2.326321969243097643e-12
3.447790018578805929e-12
8.808538871416788794e-13
3.537165730588006429e-12
3.279802813979821499e-12
3.421456827847574538e-12
5.594580941153615310e-15
8.100958571014388376e-13
3.375814170826812739e-12
nan
3.137368554312673297e-12
1.854789857121034245e-12
1.018924907381746120e-13
2.026728057598403431e-12
2.006210304733786587e-12
4.261863722514415061e-12
5.054771519014219326e-12
2.152497431753039608e-12
3.088728634977456911e-12
2.872461802706059870e-12
3.083758244127480091e-12
2.282120525404954462e-12
7.858554182445189615e-13
2.689152154397217957e-12
3.776246495023217144e-12
nan
3.086180958828123282e-12
8.885302047279498776e-13
2.763897089911373154e-12
8.738173938470354364e-14
1.962964587076917888e-12
3.620423867118554311e-12
1.752584346993189867e-12
5.942695836030683412e-12
5.668714689294279013e-12
2.029691806966178912e-12
3.035482059274396767e-13
1.491821284888761791e-12
8.196777338314199586e-13
2.175941070419136301e-12
2.173616049000681732e-12
1.959314921839849845e-12
8.798910359923010611e-13
4.182919818932812781e-12
1.871856066683769892e-12
1.979594581488144883e-13
8.924812901883894831e-13
1.868595886579150052e-12
3.723403444016087036e-12
2.903554479610574519e-12
8.966033531143356642e-13
3.643962494263668437e-12
8.648472877309765176e-15
3.854755162703936028e-12
3.579427613362176715e-12
3.973591813511772419e-12
9.135118077789456644e-13
3.997959770515575950e-12
2.767836907296856922e-12
3.668597949850595719e-12
3.067763746659686349e-12
nan
7.328006442888017379e-12
4.712594552691123896e-12
3.745221702901395211e-12
4.132850584817769162e-12
1.406841194279672639e-12
2.246358553346613728e-12
1.536321500101896109e-14
3.006666751578159527e-12
9.593391835562849261e-13
7.105865645102799772e-12
3.741825683671233739e-12
2.680694478235073204e-12
4.791911393769221975e-12
1.365692919344377413e-12
2.596104831100867551e-12
3.878802912553692884e-12
1.706269104663697047e-12
2.947472288726008763e-12
1.776468589444285601e-12
2.636170248604786431e-12
1.517159983256557513e-13
3.497989773483731078e-12
2.308369947454454819e-12
3.407892691225575706e-12
2.652991886641192115e-12
3.272230861009158988e-12
4.191431155722557758e-12
1.234482580516956300e-12
2.015071631749254944e-12
7.251888784754006155e-12
2.474842223645069328e-12
2.515150569835182170e-12
4.029953227828184690e-12
3.579721653688810085e-12
1.580063035777401596e-12
2.606991592582560069e-12
1.574033461182913479e-12
1.767895608299705149e-12
2.456278858907092401e-12
1.255194118783837443e-12
3.579647511894286674e-12
1.195015354148998641e-12
2.450170731066193104e-12
1.863411163526119063e-12
2.671793476021565083e-12
3.738334851302180050e-12
2.230730413212220886e-14
1.381966146352650705e-12
5.197643913604245214e-12
6.547488078635769896e-12
4.108185138588764068e-12
9.683525380550475405e-13
3.022321612063717270e-12
2.124381772085362162e-12
1.795408367532368720e-12
3.672934424868385701e-12
3.104389042845181859e-12
1.299846889954381577e-12
6.183315483006053517e-12
1.210073022207663063e-12
8.734562003178240804e-13
7.124200530746043423e-12
5.251573053504252671e-12
5.184111845198518324e-12
2.741870166719693068e-12
3.261652106299744478e-12
1.584504753167005246e-12
2.398916858982412271e-12
3.620598821399190170e-12
2.854476992773906129e-12
4.700425266113126619e-12
3.648466046198617021e-12
1.214066408601752071e-12
3.698359948738661018e-12
9.787088097814439547e-13
nan
4.300620082855190580e-12
4.186607025772449336e-12
2.748232508260276208e-12
3.356825093335314468e-12
9.639367436020980150e-13
nan
8.187162804106266958e-13
2.090837969532095880e-12
3.388976571921850921e-12
3.996664237418853581e-12
3.745329823335768806e-12
4.307963447315203291e-12
3.269604121434690083e-12
2.352974338499686443e-12
1.226944688247676459e-12
2.922911993162608720e-12
2.728233657032509091e-12
2.895626687981499853e-12
3.456283380918707726e-12
1.057350449461879824e-12
4.352827775583943943e-12
4.638004069128584930e-12
3.816223860859008039e-12
2.326593595001003179e-12
2.906491722469875290e-12
9.867051447704017711e-13
1.283892719405450010e-12
3.348123734217251558e-12
3.745450323282351123e-12
5.590732204117626336e-12
3.618714480219803495e-12
3.314269960869062922e-12
7.171534175147755768e-13
3.431547006049101278e-12
4.207926796234564390e-12
8.845285249036807399e-13
5.330279517721702324e-12
2.243446514861461409e-12
3.509920074987126694e-12
1.476133246457285552e-12
7.977032315303360444e-13
1.500804626638032961e-12
3.092256350316383161e-12
1.812266629167320964e-12
2.027119891597145012e-12
6.931513954385399471e-12
5.140010279981753990e-12
2.113869235259890012e-12
2.981096354176193184e-12
1.745310858245693237e-12
6.014713536907223906e-15
1.594539754761324556e-12
2.461196502482241037e-12
nan
1.307161245970363161e-12
2.148582666526899340e-13
5.080298081753921796e-12
4.699883121535711200e-12
3.359508130119800291e-12
2.602408849046692275e-12
7.243737941395245618e-13
2.006813179902271586e-12
nan
5.624169337332120177e-12
1.433577167021771726e-12
8.963772260328470528e-13
2.326552489092736107e-12
2.192231321405211794e-12
3.788195771755501519e-12
2.781064920775204790e-12
2.017861766888758862e-12
6.404035784871986443e-12
3.219955822577486826e-12
3.128263915965451848e-12
1.288059843915337751e-12
3.419770403885617421e-12
nan
2.046863204152410985e-12
2.485427214169392495e-12
3.826634112534866364e-13
2.486979491101731470e-12
4.856290285444080821e-12
4.112255815184993225e-12
1.950073717141482994e-12
nan
1.685690470617850490e-12
3.952749573711635350e-12
6.167599861081164737e-12
3.217210526129814899e-12
3.427224120571054038e-12
4.578649652805388988e-12
3.491950142758410941e-12
3.762147047735176648e-12
3.829599980431150515e-12
4.238057859679176176e-12
2.280644047608562061e-12
4.754023413029239207e-12
6.028039017576861465e-12
2.058583195554281981e-12
2.564733795826413661e-12
3.687482793212537935e-12
1.580999302773858124e-12
1.381082923481397450e-12
1.281549010023943245e-12
2.494545034689032344e-12
4.990531302249883692e-12
3.375008823390806858e-12
2.086653835919707380e-12
1.984871355923979341e-12
5.779330669540661836e-12
1.213763019549724311e-12
3.369507336860064246e-12
3.629815874395156103e-12
3.190700579558248694e-12
2.462681455173408677e-12
2.931552107531685732e-13
2.649323183492071013e-13
8.035227607183657210e-13
1.748523039117510533e-12
3.292160593379382816e-12
3.439680281291502920e-12
4.957567754055723657e-12
3.557122124723437845e-12
3.829382556176221031e-12
4.113401490705688656e-12
4.834153609160106432e-12
3.743770847935649205e-12
1.985311840293781112e-12
4.035271433523679033e-12
1.368492617605463604e-12
4.877878477634532426e-12
2.192322040429601561e-12
1.668337884843993664e-12
3.447798894693366650e-12
2.563946149919313938e-12
1.553373718338764816e-12
8.355640363319405332e-13
2.229415301842142653e-12
2.577211047470405635e-12
3.911967467422319676e-12
2.356824651256734037e-12
3.456125734769254755e-12
2.083252474136159139e-12
3.482030543178832159e-12
3.460991554159600358e-12
1.232857671206277414e-12
2.655405809047046713e-12
3.462563914437208504e-12
3.379478008268741065e-12
3.997486662390068440e-12
2.808872492632272148e-12
2.579086280352402148e-12
4.018968408334866505e-13
1.919927977691030499e-12
2.030558044230456292e-12
5.177006602518572737e-12
3.496998803458857606e-12
4.865757300480031444e-12
3.995355070141164343e-13
1.895718457824241878e-12
8.661654429530762336e-12
3.397681795103270454e-12
5.965493105971987984e-12
5.103042698348511266e-12
1.241665450698443257e-12
1.453332641582785724e-12
1.912904645950947182e-12
3.579074465445436041e-12
5.929485265262026043e-12
1.172475542345364643e-12
3.262528281628349353e-12
1.365603465649163770e-12
1.228904498864946961e-12
7.343766818805170584e-13
1.309506335821398149e-12
3.360861170796611996e-12
3.448275508950844418e-12
2.794781263775951393e-12
5.083033884547036929e-12
1.984914349271355216e-12
1.373867681612999564e-12
1.729356624124894292e-12
4.441564193498720167e-12
2.072070083797422978e-12
4.919182030786928510e-12
5.213429049301273294e-12
1.437584866122593871e-12
1.324268983776627208e-12
3.722289718406684427e-12
2.880536068432063069e-12
9.158630747296893060e-13
2.473737432234905791e-12
2.987592816017708141e-12
2.768206461544910883e-12
1.250456158365963255e-12
4.353556647565716070e-12
2.634688901638560506e-12
1.817565860356210722e-12
2.479965791592110933e-12
2.432287397093505071e-12
6.069512097619888817e-12
2.968287965552779624e-12
2.886298816517607401e-12
1.189117386132487071e-12
2.644595131917047328e-12
8.899817877827775613e-13
3.376801335688711823e-12
4.272613594656408361e-12
8.879017397756352337e-13
2.763509880960077575e-12
2.632891624595795681e-12
2.476402646648890748e-12
1.801767811060093280e-12
2.643858826014099029e-13
5.387893276309484110e-12
3.253273671492004198e-12
3.802302536075597323e-12
2.757539391048607283e-12
5.328163481016273391e-12
2.988272638154327791e-12
1.970432187475458188e-12
5.857064644826120921e-12
2.212063126228167273e-12
1.892676587669528827e-12
2.893637473083440225e-13
1.739398494949011605e-12
5.964336974350711565e-12
4.432168771075090381e-12
2.447886848052892955e-12
1.550822760473886929e-14
3.456172218514960014e-12
2.679795171366926615e-12
8.742394405658695099e-13
3.754934400020989860e-12
2.203530585600817081e-12
2.900763273106152745e-12
1.435215624008468047e-12
2.520230903002801101e-12
2.286496909722432351e-12
4.992410008022361622e-12
3.661032552359815485e-12
nan
1.663021170492211587e-12
5.688445346665051120e-12
1.293196184802148618e-12
4.235194329765765075e-12
1.914812810659978737e-12
nan
nan
1.748327094919751144e-12
4.555930510373996635e-12
1.174104131840986597e-12
3.226460808867565214e-12
3.690831913018899758e-12
1.086305152636841030e-12
2.010545697679999198e-12
1.982757632361846228e-12
4.719336984132868259e-12
3.263525860589320185e-12
4.113141565333557750e-12
9.339548576114304887e-13
3.317238147818155888e-13
4.513155893908285917e-12
1.422028492473546708e-12
9.233521170593622903e-13
7.977194892058754979e-13
4.156333575672171455e-12
4.211512983651150221e-12
8.870267984367432262e-13
2.159969116470493221e-12
1.523258683564719501e-12
8.723719151081756376e-13
2.298158071426613351e-12
5.102840527848055141e-12
3.911978663746502712e-12
3.200968174486669804e-12
4.271998966865878841e-12
2.242141392107050246e-12
3.620586613634198802e-12
9.587964856336681195e-14
1.862132154211421555e-12
2.618034692035826494e-12
1.507894580539273502e-12
2.385573487257087080e-12
nan
4.038879979767465394e-12
1.166827709350282908e-12
2.747980170468455874e-13
3.394869400966828844e-12
3.663211808202264316e-12
1.376925916211864284e-12
1.410967462765891659e-12
2.197253633711148310e-12
1.839119659518727325e-12
1.980082945184790477e-12
2.631061615545865233e-12
3.828982369399326746e-12
4.092951381814628753e-12
2.085694146333521273e-12
6.109017742040536616e-12
3.491704736735868951e-12
3.842823925863179753e-12
4.249349619955180590e-12
2.408238152576117488e-12
nan
3.456351723856220547e-12
5.275515699766600634e-12
3.415422646001200827e-12
1.516190474391091971e-12
3.415588847628334377e-12
3.571972387238400436e-12
3.953017770468673485e-12
4.431313233224179294e-12
6.182963489159507813e-12
9.715573274818024549e-12
4.312540096039103168e-12
3.622428581968093174e-14
1.115872877733359016e-11
5.586512546547616361e-12
3.488683041145465911e-12
1.851411830366381407e-12
3.739484678375467614e-12
8.744562768276684500e-13
3.549317845721044408e-12
3.136245588131944145e-12
4.312296016923269397e-12
1.657165210818706694e-12
2.132057510538518370e-12
8.321966888362463573e-12
5.196261765791231015e-12
4.382667529881093971e-12
3.871242824490604959e-12
4.003125894920832940e-12
1.862304827609408905e-12
3.225920387404392656e-12
2.564295694755587908e-12
3.172259522767198990e-12
1.630757321492552336e-12
3.195230947744928390e-12
2.529550560751788694e-12
2.522083722581238084e-12
4.942316327696681485e-13
5.630405525398649234e-12
3.744316424876706770e-12
8.191187362094501411e-13
2.692858756107893145e-12
1.495051141234082739e-12
5.483483635882462101e-12
2.774352106471946929e-12
2.422905672539130559e-12
2.058376331209219816e-12
1.877611052743812127e-12
