6.109849293615406302e-12
3.377974460857961409e-12
5.218152407632882316e-12
3.546827716063105163e-12
6.007266291563210918e-12
5.301556826867476620e-12
5.156335567151487487e-12
4.641617617972807072e-12
2.150274857334333275e-12
3.681900525633675878e-12
2.846519775050095463e-12
4.160640056938958412e-12
6.357546389998147086e-13
3.637361249223959664e-12
4.019455786124761252e-12
3.619901466528664014e-12
nan
5.311512138162468147e-13
3.500816930850135385e-12
nan
3.939419478063528719e-12
1.679687923659058739e-12
nan
2.598548759836977404e-12
1.945887828475905283e-12
5.094948954760677279e-12
6.097370208757533218e-12
2.445486340829803257e-12
3.782565890976908055e-12
3.528278479279032284e-12
3.500659215831462747e-12
2.252214613131295913e-12
5.040907193908637702e-13
3.279920885687912366e-12
3.989917314721881534e-12
nan
3.699149196957248416e-12
6.860345056544542253e-13
3.502233890553735478e-12
nan
2.231983741206633568e-12
3.637546742185173729e-12
1.650581010968740254e-12
6.357018414767845906e-12
6.589726385013444155e-12
1.930942859320340632e-12
1.022348994372143729e-13
1.261920804264227125e-12
5.553633117672579903e-13
2.865104010355517574e-12
2.148074786966151942e-12
1.909080139359164216e-12
6.022755824626132629e-13
4.289164815322728216e-12
2.053013872167444563e-12
nan
7.053234129993287264e-13
1.936039864380044025e-12
4.646333629204278473e-12
3.559796516459302672e-12
6.756223006861877355e-13
3.857353708611374301e-12
nan
4.728545443022984251e-12
3.591148052142514296e-12
4.708455208725590592e-12
7.351945963424273039e-13
4.033197362687816763e-12
3.350398955208466058e-12
3.945216924454913692e-12
3.750018583244858329e-12
nan
7.783452120110900052e-12
4.818958225597346058e-12
3.770867919034046751e-12
4.247237082903781347e-12
1.228437034121887952e-12
2.208555828491770942e-12
nan
3.764157092683800668e-12
8.215404041347156868e-13
8.410041415373501841e-12
4.375712878284401185e-12
3.469185519646048772e-12
4.954987877059430176e-12
1.160697004227643347e-12
3.339042240878076735e-12
4.642107128122645843e-12
1.552893111468369703e-12
3.628639989796590400e-12
1.633216737883618052e-12
3.362050237904882224e-12
nan
3.501494649931140158e-12
2.818444116235209388e-12
3.591353467677487052e-12
2.687119395504646189e-12
3.950116953300577863e-12
4.247388753323000832e-12
9.747412033493912522e-13
1.959343676563217585e-12
7.694722779600067446e-12
2.801932835904092716e-12
2.925383755668362125e-12
4.077199048553310274e-12
3.591678222552270467e-12
1.443502528643116172e-12
3.244698703191955642e-12
1.320419290811139101e-12
1.677615867569459293e-12
3.105060875233366512e-12
1.011321870362563204e-12
3.591676450729867206e-12
9.183835868652497712e-13
2.404647113096021806e-12
1.727055382511172021e-12
2.706756834260928603e-12
3.721307079885879968e-12
nan
1.183924561274444556e-12
5.630851863580843391e-12
7.103240868179885382e-12
4.162942047762796736e-12
7.946084242263481143e-13
3.705481913499334319e-12
2.669795047337756118e-12
1.651613638977158930e-12
4.333335740376274763e-12
3.636722104249153982e-12
1.070858836385481438e-12
6.474661179116780641e-12
9.550709452938017793e-13
6.170984604587909663e-13
7.559360054315712903e-12
5.435335820914512298e-12
5.632616779971429840e-12
3.130425971599006643e-12
4.053582852269570555e-12
1.446204392367025050e-12
2.949451316440903785e-12
3.637333919389873734e-12
3.533627475683067732e-12
4.998714387332972041e-12
3.682401281910134833e-12
9.705738221566229476e-13
3.728807952464608636e-12
8.377545674662936936e-13
nan
4.375526325118766996e-12
4.247072199237568540e-12
3.230490141295466117e-12
4.071353154416399095e-12
8.154406718384568236e-13
nan
5.428705708830653608e-13
2.681706477552694188e-12
4.153667223959121259e-12
4.033292762072064948e-12
3.771562444266009780e-12
4.599732059336697163e-12
3.739776358757075951e-12
2.832027441860454867e-12
9.471497494461604890e-13
3.630574222764119055e-12
3.433087137448145539e-12
2.958282465150545984e-12
4.163388611470038262e-12
8.498543744094822633e-13
4.420144072159205822e-12
4.999242091825190507e-12
4.247098321434421198e-12
3.035014026239832576e-12
3.585212470032080512e-12
8.037322822745334197e-13
1.044004232490981968e-12
3.412806065827234680e-12
3.771491531728141891e-12
5.815000276818303655e-12
4.118511655448035809e-12
3.988106431495193032e-12
4.431161923145349867e-13
4.101745673998051122e-12
5.207510087763287330e-12
6.062378739238177625e-13
5.519721662602628942e-12
2.382483572099033775e-12
4.379988874544593812e-12
1.377139526132913973e-12
5.290243999365909485e-13
1.344693760929369960e-12
3.837584447858122065e-12
1.744600099074135403e-12
2.057998416955813355e-12
7.350807724551766009e-12
5.307547748294228623e-12
2.251649553096646090e-12
3.621304319496607846e-12
1.623150764810152318e-12
nan
1.417177757859289921e-12
2.472127457678857810e-12
nan
1.070890648326445868e-12
1.430314704840345227e-14
6.117951351352202578e-12
5.524889108584718478e-12
4.057004525264148867e-12
3.324364744872240032e-12
4.380280884173148339e-13
2.074681518443815208e-12
nan
5.975104385423030225e-12
1.304781629771309392e-12
6.373583183083175226e-13
3.030305080775204011e-12
2.790237459710678093e-12
3.945340278437398297e-12
3.312615482404405762e-12
2.448617572178512310e-12
7.924360575908864194e-12
3.992457746361045933e-12
3.825786904173824756e-12
1.130486840162159990e-12
4.225791108438686320e-12
nan
1.941258705734393859e-12
3.195629780548927939e-12
2.306660809575374558e-13
3.148337766798913192e-12
5.397022779483071680e-12
4.163067876478044463e-12
1.900158583952848237e-12
nan
1.566451642989963991e-12
3.989391503181521505e-12
7.733382039275610915e-12
3.918106511677179614e-12
4.190203118850023464e-12
5.043682620698544566e-12
4.199226197390051194e-12
4.580967751339229576e-12
3.857063845790680545e-12
5.040322133470552917e-12
2.933176172601666192e-12
4.864437448551530777e-12
6.316347217342389468e-12
2.012497042488583763e-12
3.260376028118963679e-12
3.812625757572379330e-12
1.440285376814924203e-12
1.204574521216944371e-12
9.448607915285492414e-13
2.446187423120478261e-12
5.133231116860468629e-12
3.546449503591259371e-12
2.722237722377890187e-12
2.252369268363948392e-12
6.753289680674608453e-12
1.055553627715610881e-12
3.457641884689790059e-12
3.968937202151778540e-12
3.904411775257189088e-12
2.445431545070727027e-12
7.559694737017954470e-14
4.260764282250986445e-14
5.239137254233365030e-13
1.562022819040139107e-12
4.014136815535260777e-12
3.501388329678755011e-12
5.090018618006753143e-12
4.385643147795830322e-12
3.857590602688869597e-12
4.162751888942429401e-12
5.043666538498798856e-12
3.769603704889235317e-12
2.252553520381668225e-12
4.075348008799439166e-12
1.164170533738336573e-12
4.999345047921558934e-12
2.115354777037251537e-12
1.530053688540270534e-12
4.139324309440547541e-12
2.547811593879174811e-12
1.395676190490318284e-12
5.737021304559926293e-13
2.898275590226722859e-12
2.588448740601687807e-12
3.946021685428755444e-12
2.330032433773529643e-12
3.457935220084457577e-12
2.067733161540551191e-12
4.342513694331502471e-12
4.207210825039713428e-12
9.734546714738196526e-13
2.724538488548822159e-12
4.250919736277762769e-12
3.585139459855451784e-12
4.034199712819897715e-12
3.445174883123831206e-12
3.218840365463821509e-12
2.464359540695194888e-13
2.146740211777830047e-12
2.352411615424906801e-12
5.353282627106896356e-12
3.501455940910299647e-12
5.218871607190867333e-12
3.249524192555997369e-13
1.825586020946398810e-12
9.301640538658053103e-12
4.207361724537746335e-12
6.232906754173896913e-12
5.264959677245616869e-12
9.845794867007120330e-13
1.272401245413461243e-12
1.798943490476240071e-12
3.591783085596620690e-12
6.191813565704323699e-12
9.268744232072518193e-13
3.963499645987461580e-12
1.163837641607669735e-12
9.803359669576104180e-13
4.501430379911672916e-13
1.068251557374357068e-12
4.068223358418213582e-12
4.203078703533871437e-12
3.363197092514886247e-12
5.774502130362348668e-12
2.629299264152608003e-12
1.186664164843550395e-12
1.569794953505033804e-12
5.041272122795891228e-12
2.719739973351441829e-12
5.042989381625221271e-12
5.393198679416214825e-12
1.269739319030851860e-12
1.034943017547382945e-12
4.493055860528565135e-12
3.513166575614937402e-12
7.569808111919907035e-13
3.131359239522911044e-12
3.718769820459723774e-12
3.303598394145437025e-12
1.016012682005894408e-12
4.421669660258863876e-12
2.619498615511224098e-12
1.867164384357138573e-12
3.169845368995501209e-12
3.101486451656660524e-12
6.359105384289961363e-12
3.710319524346517234e-12
3.540048347349214003e-12
9.357736852753585979e-13
3.430874442730559916e-12
6.514413802280220778e-13
3.901970520797252911e-12
4.335579033331638015e-12
6.826411910577871044e-13
3.459671760167093135e-12
2.616058603025552901e-12
3.155428544090648751e-12
1.697000218013025154e-12
4.273146354740804418e-14
6.219639254109185203e-12
3.700821741795038971e-12
4.592766785737103824e-12
3.368988213059430108e-12
5.520197276722877354e-12
3.671845174843672549e-12
1.979172987624861909e-12
6.107279286694535096e-12
2.156749753210930891e-12
2.265730966387830093e-12
9.440304945706890568e-14
1.625577787645121287e-12
6.234028670700923330e-12
4.506768186222365376e-12
2.823531159331205622e-12
nan
3.457854972715934909e-12
3.015883937852146418e-12
6.058926225632408815e-13
3.813162290776208344e-12
2.609161960415069944e-12
3.444417005288446227e-12
1.239994378779436032e-12
3.217959252875243180e-12
2.268091791239699002e-12
5.132245809411206289e-12
3.681907503506887723e-12
nan
1.517643512246995411e-12
6.391811781780517236e-12
1.046278703892911404e-12
4.288281461926882597e-12
1.857115523674528198e-12
nan
nan
1.567319923254735127e-12
4.644336754414627105e-12
9.038549368092939432e-13
3.681513273980655803e-12
4.380052945595366018e-12
8.767343286243697190e-13
2.523720275502632413e-12
2.422168332490178820e-12
5.419867719847329908e-12
3.620601810669861660e-12
4.162837488180101826e-12
7.848425872067862785e-13
1.483880119456784739e-13
4.603325541971042663e-12
1.240026402512289753e-12
7.293806959202212915e-13
5.289830192226240213e-13
4.203885819078766310e-12
4.335006868942171397e-12
6.569708886907938254e-13
2.634193877335534688e-12
1.406684455516451919e-12
6.296170739493277722e-13
2.932460035793640526e-12
5.265132841032460493e-12
3.945919640395678622e-12
3.997851458006027101e-12
4.335079645957567884e-12
2.905114967558318462e-12
3.637611393500979138e-12
nan
1.730373595397087934e-12
3.258902596430934230e-12
1.391676634311924206e-12
2.362901519279388551e-12
nan
4.092742033572141496e-12
1.049609029850260814e-12
6.805442376405893201e-14
4.093445519501303885e-12
4.434738276557401317e-12
1.192868424008994252e-12
1.245350563175982923e-12
2.666330798874662445e-12
2.000147440948027511e-12
2.517974286339457598e-12
3.091287818570345500e-12
3.858001576528147539e-12
4.642507867518820779e-12
1.985768486136048503e-12
6.396688834041464574e-12
3.653968277557744886e-12
3.901886539361844283e-12
4.989054997034628681e-12
2.910939692532979564e-12
nan
3.457914522029161384e-12
5.594580060777606212e-12
3.412457280798601751e-12
1.305222027644462010e-12
3.412501719351653365e-12
3.769694712137709189e-12
3.990039176209450903e-12
4.507393007759785322e-12
6.475530356910881341e-12
1.048745061405104166e-11
4.375699456213799452e-12
nan
1.210729135337407716e-11
5.813820419547848012e-12
4.213967601868560103e-12
2.158329878101865179e-12
4.333545987340361365e-12
6.329485436378714992e-13
4.342977106074552775e-12
3.929423119873478904e-12
4.377074018225018743e-12
1.530278764456911734e-12
2.233669307291932852e-12
8.919916316713064832e-12
6.248870025056078467e-12
5.127316452711832048e-12
3.901885132434000665e-12
4.333704102250638435e-12
1.759620031541231135e-12
3.928308395167462768e-12
2.547459654454523838e-12
3.962043228450577657e-12
1.501205701297156287e-12
3.746201501464295062e-12
2.491150109195255132e-12
3.221294912583509606e-12
3.631463055896038293e-13
6.067877230690562976e-12
3.769823669567484346e-12
5.484752812230950254e-13
3.449479626717986424e-12
1.349280308662490692e-12
5.690361118967325185e-12
3.365858803672419056e-12
2.400233348874334896e-12
2.043294887209853339e-12
1.909130360147201243e-12
