4.958205042641454690e-12
2.730407736719513674e-12
4.166500057289040530e-12
2.640587074960032886e-12
5.351510673006791255e-12
4.175468423981156710e-12
4.126735959213215946e-12
3.656195541046356698e-12
2.462189504029112902e-12
2.759869945579249139e-12
2.472840368290858016e-12
3.484103361387934416e-12
9.001088170960685345e-13
2.720875653980091727e-12
3.177497369839071363e-12
3.806111865040760467e-12
nan
6.998003463157320052e-13
2.597739591461273805e-12
nan
3.411744672076384281e-12
2.240180028801619775e-12
nan
2.191393624204572630e-12
2.288162419947742380e-12
4.428608254007751307e-12
5.089499502064208001e-12
2.274573073081843919e-12
3.090114562382706612e-12
2.679047612340630220e-12
2.597762950181590899e-12
2.602689785112396040e-12
6.377356577595481567e-13
2.637417103734028011e-12
3.053985746620146849e-12
nan
2.845883072528468486e-12
8.982874478871126739e-13
2.959874670352379363e-12
nan
2.056991993303030293e-12
2.720774429855529655e-12
1.763957433319309654e-12
5.166780206610561729e-12
5.422196575596330680e-12
2.381577819301986538e-12
nan
1.776066996901977990e-12
7.344735974573354096e-13
2.359312601679004035e-12
2.409765930581568205e-12
2.172503135342405270e-12
8.638315533052786766e-13
3.334597006772697809e-12
1.956966472722287376e-12
nan
9.540466078274425348e-13
1.941086040034668700e-12
4.030568711901586853e-12
2.925897985199694255e-12
9.725128524062499160e-13
2.928723341003145006e-12
nan
4.134355360431815333e-12
2.679500302311100035e-12
4.091987477382580635e-12
9.646533433598171742e-13
3.098240073752923017e-12
2.556534621301263968e-12
3.012495493439200982e-12
2.928943057466173388e-12
nan
6.428371801345795625e-12
3.812959153738941849e-12
2.845592596232894768e-12
3.290590969634248371e-12
1.585748583101336812e-12
2.634396427519868936e-12
nan
3.167903339197432546e-12
1.273931224830509062e-12
7.152882639081872677e-12
3.415087633366046942e-12
2.847763595299443209e-12
3.935008034783413549e-12
1.615766359042504200e-12
2.777856510144467543e-12
3.659152102936578633e-12
1.935713178887169139e-12
3.009400342038945073e-12
1.995006609544911864e-12
2.751315447816636005e-12
nan
2.598245820615251054e-12
2.477146857256645084e-12
2.679478062364215456e-12
2.919010533644874678e-12
3.277227097779354586e-12
3.291783890182068672e-12
1.389599104605963331e-12
2.289783134150576626e-12
6.352706455916605090e-12
2.599214382385112826e-12
2.648514409197154362e-12
3.134730986535362889e-12
2.679776572091309202e-12
1.722781653256125395e-12
2.555197730017964521e-12
1.913845706255887719e-12
1.773327109867258621e-12
2.478732922097180845e-12
1.418899148075294963e-12
2.679699234856950285e-12
1.275680542697396902e-12
2.829923942403899037e-12
2.162924504571939538e-12
1.792131840309869946e-12
2.845065630596106269e-12
nan
1.611128897559684708e-12
4.546846830709353607e-12
5.850629991620327263e-12
3.213100011164861948e-12
1.089599158251276694e-12
3.067547213287650221e-12
2.289629861366956967e-12
2.027468215630017734e-12
3.374526760292909167e-12
2.720946908103020346e-12
1.473791211146527355e-12
5.284243206226593517e-12
1.338507091665542678e-12
8.842692704307001516e-13
6.235550218811817560e-12
4.351588570001753904e-12
4.546028494155789349e-12
3.063666828215962501e-12
3.539324398937902541e-12
1.766134022490555326e-12
2.538085606101371063e-12
2.720949517164594818e-12
2.862505815413336270e-12
3.974702526924778867e-12
2.759923201673507999e-12
1.341850495293550996e-12
2.798744935571915774e-12
1.124151524085500016e-12
nan
3.414419049674005376e-12
3.291405169203819482e-12
2.933043042156765454e-12
3.135929832100578809e-12
1.072987049887175441e-12
nan
7.342047848627775393e-13
2.266426780943277578e-12
3.551861934605321110e-12
3.097038236364340080e-12
2.845332604078046303e-12
3.614841698256693984e-12
3.648919027293722976e-12
2.489930185868111371e-12
1.300016554387085842e-12
2.928309142231670182e-12
2.765696195062355407e-12
3.437639757301250373e-12
3.216738323550580169e-12
1.185828421947274305e-12
3.453022392095244704e-12
3.975822457252130040e-12
3.291026218020409334e-12
2.449259418047328926e-12
2.945641115069818926e-12
1.093876088999633157e-12
1.389046758263529842e-12
2.515308802103800831e-12
2.845863231878678470e-12
4.691076842816879115e-12
3.177246306109696461e-12
3.286332328858504250e-12
4.034748537140574789e-13
3.447032564455924266e-12
4.519715814529545448e-12
9.519420703956037973e-13
4.430964328300498714e-12
2.366129429001996948e-12
3.803362873202815324e-12
1.785117436955330552e-12
6.648250463722629828e-13
1.769019486574210387e-12
3.333091935443396550e-12
1.820587811648260413e-12
2.131776191101641171e-12
6.031517462816228443e-12
4.240091521109626632e-12
2.234598578485229157e-12
2.845884819113376789e-12
1.861815628309912468e-12
nan
1.895256553319798281e-12
2.599537328049494748e-12
nan
1.501118180257318570e-12
nan
5.372518403410371656e-12
4.507051313189373671e-12
3.386470772430687606e-12
2.800341373759654533e-12
3.948881701218677365e-13
2.112815816233480789e-12
nan
4.842515137358237347e-12
1.573598099638624251e-12
9.346873170209772386e-13
2.499846730337748655e-12
2.372405470888841874e-12
3.012797504872219841e-12
2.514984898080030852e-12
2.150387309567982944e-12
7.042583781984727860e-12
3.421292351882119428e-12
2.929707882968597204e-12
1.534775027069865200e-12
3.670750542033175325e-12
nan
2.491600597983913611e-12
2.674389853788239810e-12
nan
2.519714344781926653e-12
4.350732416351616839e-12
3.212614897972901802e-12
2.106233096862875295e-12
nan
1.708295615405311345e-12
3.053084695313355036e-12
6.740724805132197604e-12
3.011357494523915282e-12
3.290420467588987484e-12
4.016288420900025923e-12
3.255084288631293031e-12
3.962710311220720313e-12
2.929611959889058515e-12
4.016807375651537842e-12
2.457991957653892944e-12
3.854971563029667187e-12
5.134060835974293346e-12
2.360374053833666982e-12
2.766322135002332071e-12
2.885718499789456169e-12
1.823511280675968870e-12
1.482356575572958080e-12
1.368266276186208760e-12
3.119025076845809788e-12
4.090915300144116647e-12
2.640059284775368394e-12
2.273016040516451506e-12
2.078751670049859965e-12
6.154047305703409184e-12
1.414567648937172833e-12
2.556201747651706290e-12
4.030471490934347215e-12
3.096415048092454680e-12
2.725003224507544853e-12
nan
nan
7.176650233151860341e-13
2.136187837046156908e-12
3.352195694277071501e-12
2.597585406926392630e-12
4.057577772468136754e-12
3.787120245066978227e-12
2.929596068351268561e-12
3.213743227643532963e-12
4.016558077212370180e-12
2.844098970536156763e-12
2.106855679600845310e-12
3.135562829127134499e-12
1.624930447203543759e-12
3.978014804546866297e-12
2.665485069445474684e-12
1.832310164978354272e-12
3.516340054356329700e-12
2.896596543930221795e-12
1.928686709583176231e-12
7.674907117799959249e-13
2.420999073228755241e-12
2.792138009309498057e-12
3.012421757182962600e-12
2.606835793262453792e-12
2.556223530272713981e-12
2.195472782437745253e-12
3.801150258631893797e-12
3.449711115799278622e-12
1.395869613330878052e-12
2.830923857958855204e-12
3.663515448476842548e-12
2.720854614334585120e-12
3.097696112992194472e-12
2.640207560733069028e-12
2.622431793828348090e-12
nan
2.016176047385715606e-12
2.132567789344165657e-12
4.277696973684524846e-12
2.597271640964348763e-12
4.164981866238411027e-12
nan
2.058862085483553353e-12
7.771660607101930370e-12
3.643611800394699943e-12
5.067725416905594672e-12
4.203386339327803623e-12
1.408596860478264845e-12
1.738306195509123685e-12
2.213258587958356807e-12
2.679722593372785343e-12
5.029879233904427968e-12
1.295642781324355692e-12
3.052777222605272804e-12
1.605002464400011183e-12
1.351760212643544522e-12
4.124416138475217267e-13
1.514419010263427982e-12
3.354130009625328433e-12
3.445911826552406821e-12
2.955770048217666971e-12
4.657587183424310012e-12
2.174459427834233473e-12
1.530559797989784887e-12
2.046551554594435858e-12
4.018926331914233932e-12
2.268117378412463270e-12
4.019241817759925984e-12
4.313594377489921586e-12
1.617921688193139994e-12
1.417084335779120949e-12
3.533411612336139184e-12
2.761085599198773983e-12
1.007610541086170351e-12
2.491536788630031173e-12
3.070982884393550632e-12
2.515714890451586398e-12
1.419773147904880471e-12
3.453772675387166231e-12
3.104687067259586836e-12
1.892581872926591693e-12
2.639033667894369516e-12
2.470913649384795028e-12
5.169569212005391739e-12
3.116556149230031770e-12
2.843866916351706254e-12
1.322614224734946544e-12
2.826209723120759722e-12
9.124566929029715373e-13
2.972100636241894833e-12
3.373104080630879514e-12
9.075569977993275888e-13
2.833765531543272682e-12
3.189260234091867060e-12
2.626002117560239760e-12
1.937019810089692684e-12
nan
5.061485821072046111e-12
3.629077946890360849e-12
3.616853070254436190e-12
2.639859313169301428e-12
4.428764144053075636e-12
3.028591250746242966e-12
2.085399393148616908e-12
4.957408892869646724e-12
1.613998513111706261e-12
2.002629892341338134e-12
nan
1.781304717604631108e-12
5.067338166328899748e-12
3.532684013213958794e-12
2.568397990234619009e-12
nan
2.556411344125889952e-12
2.543447301323238653e-12
8.875292165273514659e-13
2.883559954377249016e-12
2.335474849878385382e-12
2.597567044570077600e-12
1.723756132399196114e-12
2.686551027449174644e-12
2.568236897017300810e-12
4.092452931940650041e-12
2.761339793067977577e-12
nan
1.965511181688887016e-12
5.207725439249624175e-12
1.480109718731909746e-12
3.335428786490936348e-12
2.075084601844589652e-12
nan
nan
2.128389099511599797e-12
3.656932276031010305e-12
1.238719102583546659e-12
2.761255927905180248e-12
3.705566347146863272e-12
1.147733352755328031e-12
2.162240892526414278e-12
2.109665015930953517e-12
4.388902183307193999e-12
3.557086880025551115e-12
3.213457062790427881e-12
1.043786749823089655e-12
nan
3.613158387675007066e-12
1.686140114910998424e-12
9.916996566688574319e-13
6.730339560920686560e-13
3.256517565631035884e-12
3.371035609292676680e-12
9.271553192319952583e-13
2.303622867113824705e-12
1.611473184348150476e-12
8.562520414928865202e-13
2.465974227788886144e-12
4.202975144714896646e-12
3.013470195746359204e-12
3.442536759348106773e-12
3.372269601540902882e-12
2.426747217350939250e-12
2.720885836853682904e-12
nan
2.119797890179657155e-12
2.618858877668583376e-12
1.593644838854510705e-12
2.667826167090663537e-12
nan
3.174272217537372440e-12
1.513758392695606733e-12
nan
3.474684123395740405e-12
3.679908505134995233e-12
1.478017499255259535e-12
1.538933482836645483e-12
2.343335247972558987e-12
1.917843597250865934e-12
2.138935755902039231e-12
2.788571069615912408e-12
2.929318427160375012e-12
3.658079947366475913e-12
2.573114133175022850e-12
5.209516822566321128e-12
4.141254809931369030e-12
2.971243188567716487e-12
4.253816217729777911e-12
2.559097750243870641e-12
nan
2.556506294932550066e-12
4.508631196231204208e-12
2.515808891614055200e-12
1.857746936795245839e-12
2.515811298162712613e-12
2.844191285255601066e-12
3.053712448409697735e-12
3.532548893767781450e-12
5.282976801196500139e-12
8.825992191046732856e-12
3.412630594158835946e-12
nan
1.025903204709472412e-11
4.691840884467241275e-12
3.561699374125965445e-12
1.943161122661659580e-12
3.373643029216251745e-12
8.614871376624691584e-13
3.495186754108643984e-12
3.404787671680197395e-12
3.412959981547192321e-12
1.696099829890502123e-12
2.248564978040271148e-12
7.427633407627095852e-12
5.550499260330046563e-12
4.298790255860273581e-12
2.971325978612812826e-12
3.373433380957062375e-12
2.111141135814683802e-12
3.053067676973577722e-12
3.421452981731154999e-12
3.398305752328249535e-12
1.744584370999445299e-12
3.520591688826444910e-12
3.050212468866839460e-12
2.694957503629360991e-12
nan
4.918083434323195033e-12
2.844473533441462072e-12
7.371344286427561368e-13
2.907795063193177522e-12
1.686560106137916720e-12
4.583555520054399554e-12
2.958517559165655959e-12
2.608992025047039163e-12
2.169757033189416165e-12
1.962981016396475030e-12
