1.078259167611157379e-11
5.160849847074702503e-12
8.952640863323381763e-12
5.907322846329301562e-12
9.106572643909086614e-12
8.866164195412593505e-12
8.575854569801583310e-12
7.916183159548372499e-12
3.675371879830936919e-12
6.151996496947819900e-12
3.923048142323944530e-12
6.338004395577457014e-12
1.325264790020661146e-12
5.960634872581543815e-12
6.204198332020947078e-12
6.032049404505650764e-12
nan
1.186455823874417403e-12
5.710585950455927867e-12
nan
5.373938771946979474e-12
3.107875889189555912e-12
nan
3.322612050792987607e-12
3.376738716277712120e-12
7.927423222378286596e-12
9.708725952483151826e-12
3.584800994528517311e-12
5.757917507068508283e-12
5.395314073472340276e-12
5.581454892278213863e-12
3.841049632516855851e-12
1.111622141718241951e-12
4.961799436017566528e-12
6.618447480341233747e-12
nan
5.865552976624337844e-12
1.412399041712227811e-12
4.594670480232313316e-12
nan
3.232211457765754603e-12
6.078556940892754135e-12
2.881934708868261818e-12
1.125159247011545561e-11
1.112590272124743258e-11
3.488930587282134939e-12
nan
2.364492908754597091e-12
1.223854135210861308e-12
3.562246350415221651e-12
3.659230180678996428e-12
3.345270649429078481e-12
1.397622196341648251e-12
7.224271262645160701e-12
3.086586202816778496e-12
nan
1.424287333706206056e-12
3.086055400281267711e-12
6.443950392289612070e-12
5.369965548952436585e-12
1.413587172511504900e-12
6.324622382280880024e-12
nan
6.686411505619604607e-12
6.005130135820376605e-12
7.453580630275606677e-12
1.457034500885562555e-12
6.816698622830503403e-12
5.211802314749392658e-12
6.496907555164823081e-12
5.818465614684263947e-12
nan
1.428529269756240855e-11
8.291211323192237288e-12
6.331131481543458631e-12
7.133176609344596938e-12
2.323135970323080259e-12
3.891750478765930907e-12
nan
5.345630176115724286e-12
1.685993138126323915e-12
1.476367008321419336e-11
7.070618690062130622e-12
4.814799340857437313e-12
8.487421527804243927e-12
2.184758788104944666e-12
4.547545303200511694e-12
7.403282305412870858e-12
2.783439922762362200e-12
5.510687847953805772e-12
2.932951957269897597e-12
4.806649037436129147e-12
nan
5.840825042165815063e-12
3.910285529059762192e-12
5.875748012156560853e-12
4.525731904298564646e-12
6.074775612487279657e-12
7.215310701501729720e-12
1.999310282231454089e-12
3.402628022250235239e-12
1.412413465598200800e-11
4.098032792659096856e-12
4.192568690955634075e-12
6.849221312351775657e-12
6.011976588991713248e-12
2.628983282173701895e-12
4.937735366823434429e-12
2.553643913581379363e-12
2.877742107491332758e-12
4.690540849998616260e-12
1.971903861427765835e-12
6.020261228821196723e-12
1.904689355744534351e-12
4.156090220390106334e-12
3.093631593925304863e-12
3.951903098606064883e-12
6.130763296937692864e-12
nan
2.286230867348812527e-12
9.765247844855122975e-12
1.283194145725934713e-11
7.029989733526716957e-12
1.707521836416394840e-12
5.603319484968099610e-12
3.512298485449597202e-12
2.956303456512961454e-12
6.936841154889049004e-12
5.728042230266683970e-12
2.145466213690477671e-12
1.159520195804379026e-11
1.963784120595228803e-12
1.322821175882867360e-12
1.376874138727049671e-11
9.458996930947151355e-12
9.776282217197379051e-12
4.682230178744247616e-12
5.614698910218541434e-12
2.631272071724459227e-12
4.020519237028290443e-12
6.106288518365610197e-12
5.373305254004504874e-12
8.564988555023092852e-12
6.103986002191943641e-12
1.897745030939634631e-12
6.271559304890065585e-12
1.665598651661587665e-12
nan
7.432719404070281059e-12
7.181027819910188967e-12
4.657523333949236382e-12
6.395705341240196248e-12
1.684004226277990723e-12
nan
1.208490994067606257e-12
3.448765283694255256e-12
6.041761675739194176e-12
6.845858986058150172e-12
6.364382352221622274e-12
7.813534637920897990e-12
5.716622036410352207e-12
3.946468284351882730e-12
1.982545497981627704e-12
5.501995874440352361e-12
5.155238911028222670e-12
5.079301285306604097e-12
6.607302169271928114e-12
1.718384819585068666e-12
7.575723466942652102e-12
8.560748725664650043e-12
7.016839341501754642e-12
4.274881766012757639e-12
5.462058789287833319e-12
1.742315713577172063e-12
2.023734095261766719e-12
5.632341549858012808e-12
6.346072894490635320e-12
1.026296151144287629e-11
6.736584905405252465e-12
6.260876884587630042e-12
8.736752727032828126e-13
6.324712755564583314e-12
7.528771069843424979e-12
1.402604200058643897e-12
9.682329665043731652e-12
3.797022894964582014e-12
6.109392528781433073e-12
2.567350756971197484e-12
1.160233717651094919e-12
2.486565362681925738e-12
5.324645538809093477e-12
3.011914827256551736e-12
3.401215327522619805e-12
1.342160174825060619e-11
9.209778937587258017e-12
3.560054853612946731e-12
5.635996192237822802e-12
2.864330229151792668e-12
nan
2.663677847606638712e-12
4.119129350046211514e-12
nan
2.148854389179321426e-12
nan
9.467242463923291638e-12
9.125915706612091950e-12
6.227809613234981554e-12
4.427215170795517114e-12
8.870578878908129016e-13
3.354392099705950831e-12
nan
1.058622430111968969e-11
2.392892196125003731e-12
1.400716910861097266e-12
3.876843768018375937e-12
3.636714702083550477e-12
6.619468033345127464e-12
5.196198240670992238e-12
3.360546655464267015e-12
1.284508836432567406e-11
5.711760043877230429e-12
5.985420600333344597e-12
2.137703188498793419e-12
6.101662180785029096e-12
nan
3.519277751474669403e-12
4.199815967754282616e-12
nan
4.839988398865149542e-12
9.168593792657319635e-12
7.101335555749244901e-12
3.301083683823874066e-12
nan
2.796953149491297164e-12
6.783908797143503041e-12
1.251435133961663952e-11
6.147396377953583850e-12
6.607382758801006267e-12
8.561733058622922742e-12
6.654200010025358403e-12
6.744635522018003863e-12
6.546195979092560712e-12
8.143710637573942804e-12
3.878368987397262778e-12
8.421979361806475358e-12
1.131233606048325772e-11
3.503866137940166194e-12
4.378766052448594031e-12
6.368174092529592806e-12
2.637688675602425265e-12
2.229333878107982486e-12
2.051465981021216549e-12
4.372270331339983657e-12
8.870151074908412303e-12
5.850024505854142099e-12
3.454889790684735339e-12
3.321000177034974354e-12
1.091843418489107795e-11
2.029321530586918567e-12
5.722581406289545778e-12
6.601372688739150190e-12
6.116390728046201220e-12
4.165219416976913482e-12
nan
nan
1.172042420750601647e-12
2.959804611150302366e-12
6.206370535882949392e-12
5.805448762459833029e-12
8.822447712449744463e-12
6.328627974399787879e-12
6.549254896026057719e-12
7.118355132466057878e-12
8.696417338837318299e-12
6.384158421593444490e-12
3.313975158737502357e-12
6.958340453185542283e-12
2.198703800408359928e-12
8.667153691092470834e-12
3.817770738484867390e-12
2.864680109373192996e-12
6.330777069669960889e-12
4.355760669465317959e-12
2.598230807954391705e-12
1.305596024782854121e-12
3.800365198594786492e-12
4.364806581318440818e-12
6.715675768660215055e-12
3.995546211652171082e-12
5.830658733421120898e-12
3.610152860265522589e-12
6.135496452956285983e-12
6.590760979287368231e-12
1.965853859203730856e-12
4.505971234733783976e-12
6.190628275877929497e-12
5.595841724978567520e-12
6.888203745067790413e-12
5.318936932968745602e-12
4.843619519466048654e-12
nan
3.219372496583889546e-12
3.377673300834046022e-12
9.327883510551252183e-12
5.877678558688012091e-12
9.010403110183081075e-12
3.256054436680146915e-14
3.238517235328443126e-12
1.779558374513403344e-11
6.083831248629413275e-12
1.117334115333974171e-11
9.138142425906909698e-12
1.954331367715731809e-12
2.420711527045658614e-12
3.231556110062548941e-12
6.020123890472253632e-12
1.109379321633473901e-11
1.917305632688535484e-12
6.255560452393393698e-12
2.232623104547481564e-12
1.922091290915201636e-12
9.303785905998544103e-13
2.136241704174096315e-12
6.273165253296715105e-12
6.590876454162555660e-12
4.794518809928449131e-12
9.863528554056335446e-12
3.291303709538817043e-12
2.232662721136050192e-12
2.957596913572029380e-12
8.465380672664120315e-12
3.492350283503547070e-12
8.755062733380893410e-12
9.436356969399208401e-12
2.379649060014390646e-12
2.121203289846062102e-12
7.152248789732501959e-12
5.497181605441695228e-12
1.534687041094032617e-12
4.753176359783953336e-12
5.620535668668330378e-12
5.220888760528028555e-12
2.070447395058114889e-12
7.628582322863673916e-12
4.528582625928483961e-12
2.996528192392924098e-12
4.142718113166941494e-12
4.709755350279187249e-12
1.143772759565814815e-11
5.330375838729856186e-12
5.471996721658216817e-12
1.902060013346396489e-12
4.716114719488356322e-12
1.372426230578723632e-12
6.280080408776777537e-12
7.444985677582017315e-12
1.441600935728770001e-12
5.250242474674028505e-12
4.588163018489564967e-12
4.140203175513305035e-12
3.015395447444127072e-12
nan
1.047340467068378818e-11
5.730412391542162032e-12
7.321243949901466422e-12
5.191866192319988286e-12
9.747990143920996397e-12
5.672050672386421310e-12
3.301391410518726272e-12
1.093693058808329386e-11
3.587894914980851963e-12
3.132455446953387945e-12
nan
2.921143415263629169e-12
1.119647381332957373e-11
7.781296631908527702e-12
4.145784110558658480e-12
nan
5.830133471328539772e-12
4.592411849530314161e-12
1.420486963200863915e-12
6.424979885536962969e-12
3.726936953830147267e-12
5.488776395039047189e-12
2.333522758234827667e-12
4.234685021928845153e-12
3.874293275465650497e-12
8.937729419043046496e-12
6.260092719517742344e-12
nan
2.780538228349069689e-12
1.110533691171370530e-11
2.117450618317422287e-12
7.389091281954937317e-12
3.295522440095794010e-12
nan
nan
2.982699448702243980e-12
8.067952372384064665e-12
1.916907121960165082e-12
5.915627523654533474e-12
6.882881463887217720e-12
1.813927544265120589e-12
3.396776518117215517e-12
3.346288338554977713e-12
9.155503782841724383e-12
5.742413962133078987e-12
7.155601856432298798e-12
1.634779042409657296e-12
nan
7.991584968390546810e-12
2.313164596716537295e-12
1.593213595198226128e-12
1.194079192249789452e-12
7.240669340306041909e-12
7.444009137710449824e-12
1.405932337643566712e-12
3.614300108534647728e-12
2.531454009944049850e-12
1.405688099219166296e-12
3.816283512487590655e-12
9.188709521842498182e-12
6.693382654757344526e-12
5.701721885278541379e-12
7.467540669091349416e-12
3.744297857280981158e-12
6.189377247934535721e-12
nan
3.100088500009070223e-12
4.910430057739659328e-12
2.507243331013931450e-12
4.078789298204266248e-12
nan
6.873302089596113435e-12
2.035981740281645799e-12
nan
6.210529792134521388e-12
7.011105873077820111e-12
2.231780693687622791e-12
2.336907362217348263e-12
3.701507492212746642e-12
3.045270606351633108e-12
3.305384075992889494e-12
4.443281300222815688e-12
6.587544316248093170e-12
7.759447006148126436e-12
3.621763854971058122e-12
1.156809671335972790e-11
6.421650435938733405e-12
6.616340513907719989e-12
8.092632040191688512e-12
4.093028942388087082e-12
nan
5.868125374500098682e-12
9.849566854213689346e-12
5.746940923182886420e-12
2.498253788173385147e-12
5.768954468049789113e-12
6.286727623811741776e-12
6.841920939884794147e-12
7.765181177810887867e-12
1.174279329253079310e-11
2.072122344178777754e-11
7.571799929455539369e-12
nan
2.479816722765091874e-11
1.037708664577048078e-11
6.574095481201092183e-12
3.064853105634972017e-12
7.123124523546324012e-12
1.407000692581258983e-12
6.868854290690672518e-12
5.498092423574405345e-12
7.555562662610152034e-12
2.758684166809055729e-12
3.709058089742004849e-12
1.702448601551017731e-11
1.022643868563145175e-11
8.336627198051933304e-12
6.687915583185000944e-12
7.319783480777294883e-12
3.184128089378881177e-12
6.229455351258558266e-12
4.818330179653734109e-12
5.674178009201836245e-12
2.693037631355402974e-12
5.634247121031595463e-12
4.402586766472894232e-12
4.261955340344547991e-12
4.229921863306528995e-15
1.073276416270387294e-11
6.445801286861982220e-12
1.229622061251262363e-12
4.701127270698561683e-12
2.527591727074098763e-12
1.014862342777471555e-11
4.714125017682760891e-12
4.137938470001891571e-12
3.537478907113698095e-12
3.175046275202788656e-12
