1.028450414626027891e-11
5.227922665599512928e-12
8.459573901176318989e-12
5.412251582767442225e-12
1.021559696309980336e-11
8.380812719525764820e-12
8.347117237091320372e-12
7.423771914679685007e-12
3.687589132996997118e-12
5.654359073016218561e-12
4.458289895312423128e-12
6.519963274916127895e-12
1.175487894887121582e-12
5.553480851401836845e-12
6.225749593849379380e-12
6.361764641357501854e-12
nan
8.680613521247089357e-13
5.278761842475357964e-12
nan
6.391851610102816644e-12
3.107999461578443832e-12
nan
3.932313668675096665e-12
3.378588938561211574e-12
8.269298444784663223e-12
1.003686035697694728e-11
3.997208216391613633e-12
5.840748302804975875e-12
5.322731605361551272e-12
5.238713647169826663e-12
3.894010333405932644e-12
7.948611268035725623e-13
5.012365091264352322e-12
6.195882198914369579e-12
nan
5.661899067470287782e-12
1.236707264992514424e-12
5.674205370056374525e-12
nan
3.546836536715098779e-12
5.581739262088332628e-12
2.723151915887172188e-12
1.080129917578312553e-11
1.122796729679016675e-11
3.489850925050509965e-12
nan
2.287828770718990612e-12
9.313751721036380481e-13
4.486647503653400536e-12
3.641157862416954565e-12
3.244864103988659575e-12
1.218924221650612652e-12
6.755412527561691957e-12
3.303971632315297597e-12
nan
1.242731792569186268e-12
3.185961700013006748e-12
7.699458016036751320e-12
5.496853690338574131e-12
1.281612478960847980e-12
5.966403820479374638e-12
nan
7.895563707706595843e-12
5.507647167562426775e-12
7.739307337916807087e-12
1.272167410564078229e-12
6.318588954674848631e-12
5.080903343708450331e-12
6.080458039459616520e-12
5.757740653267293982e-12
nan
1.378539895205305582e-11
7.792110363406925400e-12
5.833607934699709122e-12
6.692722177253982578e-12
2.210632319185677975e-12
3.885051127345515190e-12
nan
5.911329126845975832e-12
1.567111040527396190e-12
1.491839137363070407e-11
6.855791859346827568e-12
5.380169622487187131e-12
8.002787345881853610e-12
2.080648314759534983e-12
5.240162364544628016e-12
7.352058704000457219e-12
2.768815175186053389e-12
5.675277629998604246e-12
2.895780451856554644e-12
5.185455716700446929e-12
nan
5.348969271380299607e-12
4.418154942174754013e-12
5.435388328302675074e-12
4.606034362810211721e-12
6.190768837687703780e-12
6.717440719024867828e-12
1.828978224340292294e-12
3.405638246726724557e-12
1.362517726485158072e-11
4.643033952304432004e-12
4.824704847367732973e-12
6.395169950212484113e-12
5.515036368699088022e-12
2.544773918834294784e-12
4.924636035491397507e-12
2.478465355294368886e-12
2.744595506115137924e-12
4.684458680564500987e-12
1.831074266766406787e-12
5.521751773395870396e-12
1.761190543025897282e-12
4.227037386472542963e-12
3.088437136452186406e-12
3.555593823098932142e-12
5.652082833525233484e-12
nan
2.154822673557406130e-12
9.375491810281077410e-12
1.243109533617320103e-11
6.561127882378025679e-12
1.516450221944364317e-12
5.749303665907981945e-12
4.198215639731436190e-12
2.932305195879724621e-12
6.788330601029047375e-12
5.476339809579099202e-12
1.992826015270206285e-12
1.109547070219684164e-11
1.782967538013243979e-12
1.149050621460292810e-12
1.334143807462494614e-11
8.962363353171279310e-12
9.383269015159029127e-12
5.255193613377463754e-12
6.613916525756525501e-12
2.526792299706919261e-12
4.604796911180933046e-12
5.609665048669619164e-12
5.474596224511222247e-12
8.094878459414649694e-12
5.679018401604524052e-12
1.744443355035210050e-12
5.773434543109320712e-12
1.482365323337416649e-12
nan
6.958442226361920623e-12
6.720235066954215760e-12
5.321633386923953270e-12
6.298155448809275218e-12
1.494896340423215014e-12
nan
9.284977195411681935e-13
4.092792157959921877e-12
6.754571793509606684e-12
6.346526437862215829e-12
5.864850574799537872e-12
7.365370754868852311e-12
6.415658760959878396e-12
4.539503016117126640e-12
1.834297948826701248e-12
5.569253675041756086e-12
5.297525528799209239e-12
5.250042930346849623e-12
6.432003324330469550e-12
1.544326302996184523e-12
7.076502993150967654e-12
8.109774309596673751e-12
6.677693149453685368e-12
4.606975970912783386e-12
5.606555941157000193e-12
1.552376344047491190e-12
1.920865022504501134e-12
5.183155645425929726e-12
5.856804130375407970e-12
9.763499240326981542e-12
6.413601607737761045e-12
6.314814296016025830e-12
6.391847279765189715e-13
6.446970576071246828e-12
8.891297588385108408e-12
1.237064102786584202e-12
9.182794380660266870e-12
3.971767683804647380e-12
7.400663402759770212e-12
2.491991442369624170e-12
8.449679485459913819e-13
2.431335301522026596e-12
6.345592566687320022e-12
2.895911899361483425e-12
3.429498255707193299e-12
1.292163950427688442e-11
8.714937152688393529e-12
3.709677863137805103e-12
5.580364117546539873e-12
2.744063660561864546e-12
nan
2.610136894975936242e-12
4.213927721772553596e-12
nan
1.995485239424850587e-12
nan
1.055910278288556942e-11
9.171044232884453037e-12
6.416841726835635489e-12
5.272044379477434873e-12
6.526193038396882918e-13
3.429613999217945009e-12
nan
1.011268502842382269e-11
2.296369134287781563e-12
1.246623884895248253e-12
4.752163983433927963e-12
4.291591389987251611e-12
6.188522821129757203e-12
5.075725186147428705e-12
3.929776338784879829e-12
1.404629142687748505e-11
6.448546760892263177e-12
5.825659167277036255e-12
2.009713950105767021e-12
6.893000907903492978e-12
nan
3.564154621119418430e-12
5.037998062916540603e-12
nan
4.814587069236587491e-12
8.955109996717700676e-12
6.604530906325108493e-12
3.196270197230636655e-12
nan
2.645791213648125146e-12
6.284210888141529906e-12
1.356533764072931986e-11
6.006872226022200057e-12
6.549218645077271132e-12
8.186314189496361710e-12
6.559954117789711857e-12
7.646585453796853356e-12
6.046861155975698352e-12
8.150894633568701827e-12
4.584297076210491678e-12
7.926564074177061952e-12
1.081410079369104479e-11
3.518727716665333188e-12
5.308469369550003344e-12
5.948267911385093885e-12
2.585457016347950166e-12
2.127699607502462808e-12
1.943749266604434708e-12
4.544065243180266352e-12
8.381157138521807737e-12
5.420066251009430355e-12
4.338022356161152477e-12
3.609070506388006460e-12
1.184240207390624033e-11
1.890136379042837761e-12
5.299873462029992274e-12
7.104463823403566448e-12
6.105249183854407434e-12
4.165750160628189419e-12
nan
nan
8.859944336841575531e-13
2.910034081249995965e-12
6.374058418458704894e-12
5.374651534896764469e-12
8.324212730445431439e-12
7.225829393952730712e-12
6.051194720764122072e-12
6.620149872525055157e-12
8.214926939948840197e-12
5.888026039298458712e-12
3.611798257702805443e-12
6.460901479802872875e-12
2.102005692485513055e-12
8.175604013916628703e-12
3.889034697161230770e-12
2.705712035004323546e-12
6.712877186064263217e-12
4.422766573731057470e-12
2.511844287481372260e-12
1.018281236242917797e-12
4.565454172581199172e-12
4.390286201637938069e-12
6.217475099409503990e-12
3.969600379782649838e-12
5.332553068926360608e-12
3.470948464764039572e-12
7.293437475264849082e-12
6.635616943290464016e-12
1.819592473790996916e-12
4.704168756526972650e-12
6.981405675523229061e-12
5.490352340085354279e-12
6.389287649891513311e-12
5.245677040129775013e-12
5.046316146266503390e-12
nan
3.434589713539401760e-12
3.814260709909908028e-12
8.834097557303741761e-12
5.398998314639873585e-12
8.553865916735527280e-12
nan
3.114849763951293701e-12
1.731234940568598328e-11
6.890426313584882155e-12
1.067387636470166891e-11
8.639981685632053178e-12
1.817849955929754430e-12
2.336313028550498596e-12
3.186461812696281287e-12
5.557985824522443189e-12
1.059407367758574965e-11
1.713947424723007697e-12
6.163354701953157475e-12
2.135390127680322793e-12
1.777588995232031722e-12
6.686249785848844290e-13
2.023028299392206368e-12
6.486505765679365995e-12
6.655745955594281727e-12
5.540099072133862861e-12
9.713529246198826883e-12
4.072648714792534786e-12
2.126296851574792889e-12
2.900954888772706298e-12
8.218873106729341140e-12
4.343325072972264286e-12
8.266390778006351507e-12
8.941662570627199721e-12
2.254517748321948900e-12
2.027013083171733045e-12
7.158180394466685887e-12
5.447339233201432814e-12
1.324744133475193426e-12
4.771132541589238381e-12
5.928071052855037717e-12
5.092530964658937825e-12
1.917896512534610463e-12
7.130361972659222100e-12
4.658264070141260953e-12
3.067625410520251148e-12
5.047599879717164200e-12
4.760231008511403327e-12
1.093798645950216367e-11
5.907200671958601582e-12
5.521513890167933932e-12
1.748024268009825114e-12
5.372707368005696514e-12
1.192230139642233136e-12
6.054525162297132022e-12
6.950066295788172799e-12
1.246360269803760959e-12
5.461211241489249573e-12
4.752248846381632316e-12
4.931426486462294765e-12
2.872820299816713702e-12
nan
1.059716063235232461e-11
6.399916569858874279e-12
7.349257502965801459e-12
5.210506139862436686e-12
9.248205481177459983e-12
5.779088498752713931e-12
3.314281083821808233e-12
1.043724098348438934e-11
3.170777758471815267e-12
3.643121998346145134e-12
nan
2.752033543511064118e-12
1.069723140907329613e-11
7.288441051200838241e-12
4.671006984125335123e-12
nan
5.342072098421866292e-12
4.750500487147784114e-12
1.172688424764869694e-12
5.990290091402492691e-12
4.303803778697998227e-12
5.312542384230365130e-12
2.233654254379953967e-12
5.194332925940683498e-12
3.904523316679611057e-12
8.446576428535025109e-12
5.760758974426746868e-12
nan
2.733528577104175369e-12
1.101194834701101800e-11
1.972681111280787746e-12
6.891239058580356898e-12
3.166766366025689104e-12
nan
nan
2.922036111979394933e-12
7.568385101776484490e-12
1.744135479113330373e-12
5.642415989634742538e-12
7.077269903059841794e-12
1.620998766737077947e-12
4.009297433960670688e-12
3.886344812033010630e-12
9.095391783928645184e-12
6.318981471653165691e-12
6.658481978535620805e-12
1.395879154861234861e-12
nan
7.491984421735320757e-12
2.226213449686114881e-12
1.394202524484755437e-12
8.646960442189285875e-13
6.742120806543279364e-12
6.963736376960021727e-12
1.208815884097003539e-12
4.256203650541586879e-12
2.376437459091193612e-12
1.194829347174728769e-12
4.567783972862530989e-12
8.694919111234081018e-12
6.244138801500646795e-12
6.489566922832414024e-12
6.972943243031789959e-12
4.654424965510771337e-12
5.690007500348963263e-12
nan
3.091465490427715077e-12
4.981913402324570248e-12
2.341059195597881767e-12
4.101382166246123355e-12
nan
6.387913024366456108e-12
1.890065819512545063e-12
nan
6.705577069002320695e-12
7.124292035573910038e-12
2.126344284705953988e-12
2.235665624229590517e-12
4.255887647898230403e-12
3.256121597204747268e-12
3.909671373869372771e-12
5.096688943083385890e-12
6.092420473633111378e-12
7.511448865850321413e-12
3.702950486191434166e-12
1.106836424186251332e-11
6.559452080026975169e-12
6.173642663614015444e-12
8.272408494767651497e-12
4.668548143805030001e-12
nan
5.370394344833891737e-12
9.422901395362330477e-12
5.263765103214059036e-12
2.420593563171036868e-12
5.278432827643367296e-12
5.912749283557724870e-12
6.345326446841620408e-12
7.286728925122252465e-12
1.124293712220531831e-11
2.023010498907184557e-11
7.074669288234305938e-12
nan
2.429818396671285432e-11
9.879723361050251830e-12
6.808445983052769500e-12
3.475322230489213611e-12
6.898424180412523850e-12
1.201143396546458352e-12
6.938483997320860166e-12
6.479230140798070205e-12
7.063718830919162942e-12
2.566643283073191426e-12
3.752798611999007571e-12
1.652627315720293915e-11
1.082175376515165201e-11
8.478025662540903329e-12
6.189442465925514190e-12
6.922002383011810847e-12
3.129475349564926274e-12
6.124448419687308641e-12
4.910489112881824535e-12
6.432084744549670299e-12
2.571174477497971548e-12
6.400718425473293231e-12
4.513421407173549347e-12
5.212431712048597699e-12
nan
1.039956598020473672e-11
5.947737652339326262e-12
9.536581704428658674e-13
5.544149297271697785e-12
2.401047941714001124e-12
9.648658555262430743e-12
5.563166836405227474e-12
4.097732977775930742e-12
3.443732519450801257e-12
3.178885198841891459e-12
