2.737339277525089187e+01
9.171447155960269271e+00
2.294424304751905552e+01
1.351799472829569027e+01
2.289882340526184734e+01
2.263686323998406991e+01
1.956778022271555884e+01
1.961478072566440289e+01
6.985703352055374182e+00
1.437042273148174587e+01
7.323938075279184723e+00
1.332492775080497438e+01
2.203599118525857214e+00
1.267979063098902870e+01
1.294096654291656634e+01
1.317369808730694203e+01
8.713667913314459190e-05
1.772041750960350326e+00
1.166817754241617777e+01
9.790265605619790517e-05
1.164594438233465823e+01
5.791983506464136511e+00
9.377208079395604832e-04
6.173196488052752784e+00
6.277906823398309299e+00
1.819858933546609592e+01
2.381302322157814189e+01
6.737463471807425108e+00
1.140281078645021928e+01
1.050095162917008196e+01
1.098426763637598214e+01
7.386020646849858373e+00
1.676272615772150809e+00
9.001928444718670264e+00
1.436243391142094339e+01
7.110473263003969915e-05
1.195423529812835284e+01
2.242372120848093342e+00
9.478947231522138139e+00
3.621819257414665510e-04
5.956255675617955880e+00
1.401319185442445026e+01
5.082550734316451546e+00
2.786129619023832404e+01
2.731754559197319310e+01
6.431100973277350974e+00
1.333261253695150819e-02
4.215018465617189847e+00
1.828330354885300268e+00
6.680735509745086453e+00
6.947795400788015385e+00
6.101031411462523479e+00
2.216042389142183211e+00
1.621922191704200955e+01
5.584714644906646264e+00
4.048743735316528633e-03
2.279172708023954996e+00
5.567975843857031037e+00
1.483417312991917569e+01
1.022148939120529398e+01
2.314226371614107158e+00
1.341651492805469559e+01
1.477737722596910060e-04
1.548005673360000856e+01
1.391758016580150148e+01
1.620373451503964901e+01
2.372675835234780983e+00
1.612233739772555197e+01
9.663131908653435076e+00
1.366191108945550603e+01
1.155407661459058133e+01
6.049494745466216412e-05
4.018284040307455740e+01
2.077207716705571983e+01
1.472208025510436258e+01
1.590598046692571010e+01
3.871485294115570852e+00
7.407998878496034223e+00
1.469865821928398547e-04
1.081849844104040415e+01
2.773358373243962394e+00
3.768229307528429217e+01
1.513559375528176432e+01
9.149744386006934960e+00
1.992451433558270679e+01
3.787198072157905049e+00
8.672227605949910156e+00
1.619331417581346599e+01
4.936711003095988204e+00
1.049586258913766557e+01
5.256491471029192120e+00
8.638941981292454386e+00
1.585265849258520477e-03
1.325251654026962633e+01
7.298469413207109291e+00
1.207283379708971260e+01
9.020022625948792339e+00
1.228539321936510831e+01
1.744702598484631650e+01
3.264562524659781584e+00
6.308533136583545087e+00
3.958955411256935975e+01
8.027130995452758100e+00
8.213336523888816743e+00
1.554381164541242022e+01
1.387248227718233551e+01
4.490645194871424550e+00
8.824069047628615436e+00
4.840669726345483426e+00
5.046920464443194199e+00
7.866017256823439219e+00
3.360841936522605877e+00
1.395979849202367795e+01
3.098527512577029519e+00
8.070613490204424423e+00
5.624731606325482858e+00
6.028681559933519729e+00
1.435636292933592806e+01
1.568527467463488878e-04
3.791439415775874178e+00
2.302002494197919447e+01
3.262261515553150559e+01
1.584581923319492880e+01
2.669546720836416309e+00
1.058851348271635473e+01
6.598365297577117872e+00
5.283797882986818628e+00
1.474070694675184434e+01
1.148045045151577703e+01
3.504308803571448472e+00
3.120150938151315856e+01
3.177428180563189652e+00
2.163348570142657135e+00
3.610164246816131595e+01
2.433216125642979932e+01
2.313647178575514474e+01
9.433492896721761056e+00
1.232607916260124803e+01
4.454647245778343034e+00
7.642220650768642543e+00
1.408275677440668971e+01
1.005537756064935273e+01
1.976306020927231089e+01
1.328552816935933834e+01
3.208980588937305534e+00
1.463575945306767068e+01
2.714814454561182533e+00
7.131301124209538914e-05
1.709885764236825523e+01
1.636360139024516158e+01
9.415235853107994046e+00
1.330666350002671550e+01
2.636960194382649281e+00
1.194610567079489075e-05
1.888653598656960586e+00
6.409945531487595716e+00
1.284457947605799966e+01
1.632122280804555103e+01
1.491632461756893235e+01
1.745136570360374506e+01
1.225786392637024314e+01
7.457045526820739845e+00
3.192990300753903998e+00
1.055235770969700226e+01
9.249032903733448663e+00
1.053498291607781212e+01
1.382766659784842034e+01
2.825772650036391997e+00
1.849167276872405097e+01
1.953207404163528338e+01
1.496098027858584523e+01
7.219638684765483205e+00
1.018885146327711055e+01
2.713672763045412939e+00
3.334922863231463808e+00
1.160371320707429632e+01
1.423913583586687714e+01
2.683855408478321181e+01
1.403258130174757490e+01
1.271220559260280680e+01
1.224986047446228854e+00
1.305094027664495471e+01
1.752386481206497848e+01
2.207850760416184777e+00
2.497017494012573025e+01
7.081889816244261837e+00
1.379079402853828284e+01
4.546703605634559331e+00
1.673965453258417835e+00
4.278557953355559107e+00
1.124845713438763539e+01
5.344233365801842162e+00
6.283608327957533213e+00
3.709115790320743145e+01
2.349718426158447571e+01
6.593914684693234385e+00
1.081814497107074580e+01
5.037771837685427911e+00
1.123723300388241111e-04
4.699835522970378321e+00
8.027570326823468605e+00
4.952272205798197976e-06
3.521255058948066896e+00
4.544543635186971443e-03
2.384905006956919493e+01
2.124528091444549815e+01
1.265187493719450629e+01
8.628079893039005910e+00
1.216342492681375065e+00
6.216780920983639547e+00
4.952272205798197976e-06
2.596532602167245329e+01
3.964867118378961663e+00
2.247607593447443541e+00
7.251341196548623635e+00
6.856130127836168597e+00
1.427680794333627823e+01
9.622011167289002742e+00
6.183129166957603395e+00
3.444166060810103147e+01
1.208073763067575968e+01
1.209572644354644133e+01
3.668675259758223284e+00
1.315609045601474314e+01
1.385855835258559906e-05
6.607227343547093845e+00
8.052669903781142224e+00
1.546351380528056957e-02
7.974034990099421627e+00
2.144692859655739881e+01
1.684690480137855673e+01
6.021479573131328422e+00
2.361950477887558468e-05
4.817197856840712333e+00
1.608241141356941739e+01
3.336406524873245871e+01
1.251159716832646041e+01
1.385848899484402175e+01
1.936193781086698706e+01
1.391174576699199328e+01
1.499603845231716548e+01
1.537556389211848007e+01
1.828928034288421500e+01
6.984164896559199143e+00
2.075585964171196807e+01
2.875277331382088164e+01
6.519697987919078841e+00
8.439838058027431700e+00
1.366662376810165114e+01
4.553400393885554287e+00
3.611881873661230369e+00
3.296542352769642026e+00
8.676828517345715142e+00
2.240074971149861582e+01
1.177582845177976800e+01
6.319462395326098658e+00
6.088432594539909815e+00
2.873220267483772261e+01
3.438327821830843067e+00
1.168558923659168336e+01
1.441750394550631320e+01
1.223675473243420697e+01
8.065803274007370405e+00
7.781303628418752630e-03
6.992209155971125870e-03
1.777353007624928427e+00
5.393394987381753047e+00
1.244387544877099572e+01
1.205477931277028780e+01
2.224296140027375657e+01
1.380806549730245791e+01
1.532551078917793674e+01
1.700622676717212300e+01
2.021197680587633982e+01
1.460203579558500486e+01
6.070773876476512676e+00
1.639236323684051655e+01
3.784668004295683730e+00
2.168062893095294541e+01
7.277677794579251014e+00
4.812803562234600818e+00
1.317009588119766406e+01
8.597921988436805663e+00
4.669748598842023313e+00
1.957077753774635109e+00
6.843355267549789289e+00
8.600001609775462796e+00
1.574759293718345710e+01
7.628183631432354339e+00
1.328399238470036892e+01
6.569721730281584016e+00
1.369899454426499830e+01
1.397547445919826004e+01
3.272606029248865234e+00
8.971322020714476153e+00
1.335941751263355570e+01
1.251053251168146119e+01
1.631090151315325087e+01
9.809679454685612754e+00
8.433658692729345319e+00
1.474712870234805642e-02
5.832503541879539455e+00
6.255117580099571306e+00
2.374319563438148251e+01
1.297199599887034438e+01
2.068121492119484728e+01
2.356266854734166694e-02
5.788585647446055304e+00
5.087647451183184444e+01
1.291635012467231647e+01
2.956630050695842726e+01
2.316865841067134113e+01
3.307949818420860666e+00
4.165940314201383110e+00
5.859751302432016473e+00
1.321277150445479798e+01
2.931018134965000144e+01
3.079295628327001655e+00
1.280564602000749375e+01
3.750542052206359056e+00
3.240908185971804745e+00
1.252885593999587766e+00
3.559440899590952778e+00
1.290767881273663065e+01
1.353658735022410475e+01
9.623046453824048996e+00
2.291762349230686979e+01
5.896379272500375635e+00
3.661948745350106726e+00
5.353870127643013177e+00
1.902327598344765036e+01
6.206639141834981110e+00
2.191951724753851494e+01
2.406531841671549898e+01
3.904471173400229755e+00
3.406596217962960083e+00
1.541339195466653322e+01
1.041699204459365369e+01
2.406285165808781823e+00
8.092616752755610321e+00
1.074606092871860596e+01
9.487766501501116778e+00
3.341953924522308217e+00
1.847370405138238780e+01
9.038192528084454835e+00
5.320787020445155058e+00
7.951171489272767623e+00
7.651428685576894928e+00
3.037784249051923524e+01
1.054942098043355259e+01
1.028420424727675631e+01
3.152192122856420919e+00
8.808428600523637186e+00
2.225320201332892989e+00
1.275941399383167685e+01
1.734730929818275769e+01
2.249058339601723855e+00
9.553991424728252468e+00
9.161155851611841427e+00
7.937439492860183243e+00
5.317043322206265188e+00
6.708129476414604123e-03
2.511472977913548021e+01
1.221256516468306330e+01
1.584029097051743662e+01
9.731111845800651139e+00
2.497482333209001126e+01
1.051702221466887366e+01
6.058782130392465604e+00
2.874152276151501439e+01
6.696407447398820878e+00
5.624323382581905229e+00
6.067589466716954982e-03
5.034782889128545769e+00
2.937073136888478686e+01
1.888963751439157690e+01
7.892088542217103431e+00
1.039136191438771648e-04
1.286992982263150864e+01
9.078680719394785825e+00
2.157386176255119192e+00
1.380844266990932745e+01
6.912055130310361228e+00
1.059348243466237882e+01
4.042542317162034493e+00
8.212762139253797500e+00
7.340302037677904679e+00
2.244945770775157001e+01
1.443945391294909442e+01
4.952272205798197976e-06
4.863889293794689372e+00
2.677173141324131933e+01
3.468921194351868298e+00
1.771745875747516763e+01
5.852527074328580881e+00
1.699649501651169975e-05
1.392293366276575978e-05
5.392987479208818158e+00
1.975858574430819559e+01
3.031744025684469435e+00
1.182597374466907070e+01
1.451025091858796578e+01
2.871175627713407952e+00
6.171947788569852378e+00
6.046507613458925512e+00
2.124948839809699663e+01
1.223908954907308733e+01
1.691777720927425221e+01
2.522412498628349820e+00
1.330494616497837103e-02
1.951600839988134695e+01
3.895921286278055451e+00
2.440088254004599833e+00
1.693787214337298730e+00
1.726528043381779298e+01
1.648184762033637440e+01
2.254031719677669354e+00
6.687419006102339303e+00
4.235841669559547107e+00
2.150868412532271901e+00
7.216547888213228568e+00
2.321077457940893041e+01
1.467191452170148125e+01
1.200037955993643379e+01
1.784246742816014830e+01
6.904414184185836412e+00
1.421435159156610872e+01
9.452171093975611461e-04
5.591401979502553132e+00
8.621678642343768573e+00
4.161208461923115998e+00
7.720553799844704912e+00
6.109009414714026509e-05
1.607853841401194117e+01
3.409316794696042763e+00
6.996377576085881060e-03
1.288887438204320190e+01
1.490285673203468519e+01
3.593261437053922425e+00
3.831917213645861242e+00
6.850638492046705608e+00
5.390136012007504362e+00
5.985517954350449976e+00
8.782551230483328197e+00
1.475090277867186295e+01
1.696158105347242184e+01
6.866610190288705340e+00
3.066231459253405944e+01
1.380649425645194128e+01
1.425770835562794581e+01
1.793951316755941860e+01
7.725391686270675962e+00
6.393474368573430684e-05
1.326336792719250113e+01
2.321049608512662488e+01
1.256357319380641790e+01
4.376117898341293611e+00
1.286637894616775846e+01
1.325539598635803529e+01
1.577924521567420157e+01
1.850828839104480039e+01
3.120515317738507832e+01
6.097396076801987874e+01
1.818483915424643271e+01
3.266322134097944876e-04
7.524525914702795149e+01
2.553587325143384135e+01
1.358941608053658001e+01
5.411199556202066496e+00
1.494884059687668909e+01
2.158875073220351215e+00
1.458108410425874446e+01
1.168574788265811293e+01
1.749820379433930384e+01
4.645235772440294397e+00
6.676858514742073147e+00
4.858668173986484362e+01
2.523985574850550151e+01
1.886292097780820853e+01
1.557037230232156588e+01
1.583390330512910538e+01
5.660714650448952945e+00
1.267227320672741797e+01
9.811809265555044846e+00
1.189314938164955215e+01
4.575336280864468641e+00
1.183987770722407262e+01
8.596262920946116992e+00
8.223141396620386345e+00
2.884758385171099643e-02
2.577078359588335488e+01
1.488530885386507663e+01
1.894802916757612810e+00
9.147686228168511846e+00
4.154255972985362533e+00
2.607416846225969920e+01
9.522947679027705448e+00
7.888338614659256010e+00
6.444685601232961858e+00
5.623600150006367038e+00
4.282238223373668445e-05
3.970631217099938493e+00
8.892380517834705955e+00
1.257845632906466626e+01
6.267686386389176079e+00
1.375222570633938417e-05
1.656067322381882079e+01
7.304993533645461667e+00
1.793385631561554305e+01
1.513480715291276013e+01
1.763438703094565696e+01
8.813973508978207860e+00
1.354510266917285399e+01
7.615040561128147090e+00
1.852647607046707028e-05
1.423941609015984611e+01
7.048430257366856466e+00
1.517163331154471706e+01
9.548220079947228101e+00
1.517998484212557564e+00
1.038898718327733306e+01
1.723715239118298825e+01
8.441112151150623077e+00
1.339531948115872950e+01
1.523190353768588423e+01
3.704147988574761463e+00
4.952272205798197976e-06
1.880409217781798503e+01
2.240260984953957646e+01
1.235224542960833283e+01
1.094736183459088519e-01
8.605794232338915606e+00
4.967542814648060912e+00
6.392961260877699559e+00
1.773713222401654477e+01
1.620462674965085807e-03
2.504152720149978606e+01
1.537732197059782280e+01
1.632429871770290220e+01
3.028944123370557406e+00
2.674268743647573388e+00
1.703806391477934312e+01
7.577457820151041190e+00
5.736086777318635477e+00
5.364720161369087137e+00
1.335904161624967124e+01
8.494589167855334466e+00
2.024067145045443272e+00
1.725947581286235533e+01
1.849791452414865489e+01
1.060697685419426506e+01
1.114757269285302144e+01
1.268978903898705646e+01
3.274555702652316214e+00
2.594492939517393637e+01
6.404204458361164492e-05
2.733542269758140009e+01
1.091066421619276383e+01
1.396861326126063929e+01
8.187258293352357441e+00
1.354000671611027995e+00
2.147115532040412056e+00
3.674232522091881670e+00
4.869554896672945610e+00
9.348428260921707533e+00
2.874305065640882972e+01
1.740422279581088461e+01
1.228125371412970601e+01
1.257940575793322679e+01
8.735612390968706009e+00
8.566509167035075478e+00
1.411384296890683032e+01
3.339662860040094827e+00
1.124997503119136510e+01
1.259106833331930275e+01
1.436086786161548190e+01
1.355956508371374625e+01
5.728420903509750216e-05
1.691229353545595160e+01
8.235649154987937592e+00
1.325327327979146119e+01
9.190447991636359504e+00
1.313682817006942827e+01
1.396118531704895460e+01
2.240974814173430474e+00
1.192220931936526185e+01
6.985585879066020354e+00
3.992078798910125154e-03
2.144312586284906175e+01
6.452584742546081387e+00
1.082876590283443718e+01
2.062771438310068106e+01
3.828255554755937595e+00
1.193860925640771242e+01
3.585444667267347896e+00
6.462137169089020361e+00
9.956300685993824118e+00
2.174034884831143444e+01
3.494474395356296980e-04
1.190778294030382828e-05
7.588684714180493174e+00
8.833937772753873929e+00
1.289529481710478187e+01
1.294017227077198307e+01
1.894664519655194823e+01
1.266737672190020270e+01
9.062101541966100626e+00
7.024898305052373892e+00
2.155165352234164264e-02
1.680474721704658236e+01
2.224710925993336150e-05
3.844280851413692357e+00
1.267767326799696725e+01
8.246117946981433633e+00
6.239872290235748409e+00
1.054596148453470050e+01
5.005313464197891804e+00
1.936878854245009052e+01
1.245232596899578148e+01
6.849421012677754383e+00
1.034294904722121267e+01
1.016954357410114795e+01
1.856648437524538409e+01
7.167180567767251986e+00
4.041368365644174077e+01
4.050498817721189582e+00
1.324763117264850365e+01
6.004690745639788219e+00
1.516824847405338161e+01
7.875652939321188484e+00
1.483160994872277350e+01
6.950152448028465102e+00
4.332180177065628968e+00
1.279078055415927651e+01
2.140820560065429312e+00
1.584534179041298430e+01
1.011987714230278002e+01
3.642937213346927106e+00
2.571597882955878323e+00
1.141173410474414108e-03
4.001174227733033106e+00
1.621619154230262438e+01
9.755361694278448681e+00
4.777355620790561808e-03
5.307167201994450088e-05
2.074219517161618143e+01
3.157046856811347624e+01
8.650008458467532080e+00
1.745360258050813940e+01
2.219302835952947461e+01
7.161902955455673236e+00
5.815582220313749495e+00
1.188263959085546825e-03
1.326269004356959691e+01
1.521110149433079783e+01
1.591031807525850006e+01
7.332815953552548116e+00
9.671049959270655805e+00
7.412095176892329107e+00
2.584012561736693669e+01
1.367175180196790407e+01
1.764602186811394663e-02
9.331433162757578614e+00
1.124075927647493423e+01
3.212942353347290059e+00
1.789814654343975242e+00
7.815344501906365871e+00
1.489641599006507811e+01
7.664948720674336968e+00
1.300519959408845905e+00
1.749527323739948059e+01
2.944265155199251893e+01
7.983778538329154628e+00
2.017041317110200893e+01
1.284447870808036818e+01
2.447816981573281732e-05
2.347407725496466924e+01
1.297352773085141919e+01
1.257028432982792587e+01
1.154026716053294864e-04
6.950544201752924711e-05
1.102062005688163993e+01
1.753599853175461476e+01
2.549526452076339567e+01
1.461439566052352390e+01
3.964057936367998636e+00
1.195270108349273919e+01
2.683125334788326199e+01
5.668889646192834419e+00
9.926492624851257192e-06
1.489643717318768701e+01
8.366516948535096532e+00
1.984934385722885963e+01
4.349559130094060144e+00
1.561858235105182047e+01
6.206361985848698026e+00
8.286364036756587836e+00
1.502512898007434039e+01
1.498550717320966896e+00
1.114888121085336081e+01
1.180304684828092299e+01
3.336569706861521922e+01
1.081205511910751582e+01
1.555583603065391607e+01
3.459039142103214282e+00
2.387501429140501230e+01
4.815452806589652504e-05
2.276043156939930512e+01
4.700339797500840078e+00
1.394354574599439367e+01
1.726311218264949687e+01
9.976637908863715154e+00
1.944868728268444968e+01
1.482791499203100827e+01
8.899893994891329018e-05
7.127840963268676333e+00
1.679794581528864938e+01
5.499526525523547175e-05
3.374105140382861912e+00
1.654934239009163477e+01
1.205768126307455780e-04
1.654178102313852960e+01
5.406690567688832161e+00
6.124541307132076895e+00
2.421279688416226250e+01
5.842968428956616833e+00
5.137554758792560072e+00
9.404282112297789910e-05
9.413999557472836344e+00
6.588561448755719141e+00
2.233955879548839452e+00
6.172221403470280698e+00
8.456556326439892857e+00
4.253731014791672926e+00
1.187952682343366284e+01
4.405747397536254439e+00
1.724870965252785604e+00
1.448039509684114279e+01
5.340553986571767275e+00
1.261410279192281791e+01
1.130259127114282691e+01
1.982018733611313976e+01
1.607152803222109583e+01
2.778552877356833761e+01
1.723175916943655750e+01
7.955634310359085859e+00
6.513685718272956393e+00
9.296391961362941103e+00
1.568660740398589404e+01
5.957836234389706220e+00
9.135993153152139001e+00
1.657428372106343772e+01
2.896803402925638912e-02
5.655301762764100744e-03
6.143928651852304412e+00
6.195749995363518945e-05
1.945564104977920748e-05
1.830996259057308251e+01
8.996024789327522697e+00
1.409658884463921069e+01
8.824010518337955133e+00
1.604689613477919607e+01
1.408423494950889676e+01
1.490609530015951734e+01
3.405742275615837675e-03
1.297481037593486519e+01
1.294745492296430278e+01
9.808752153220057224e+00
6.408563942103771893e+00
1.451343826734810705e+01
1.659456758986878810e+01
3.455788722290511483e+00
2.403111333852538678e+01
1.587057168660528994e+01
1.168273908258519533e+01
3.970741875283525246e+01
2.816806465651995239e+01
1.689664601155568846e+01
1.485079305581402132e+01
4.260869850228622191e+00
5.583782389827521619e+00
8.519120597808553796e+00
1.376313100890679560e-05
5.443610313370945697e+00
1.231738456901389789e+01
1.803100538981774026e+00
7.482974186665648730e+00
1.508094727253294032e+01
1.539476204379334234e+01
3.541001470570103393e+00
6.526616791598782892e-03
2.331471589850034221e+00
1.229207606482352055e+01
7.848937540229616872e+00
9.370855524485426358e+00
6.405115925850251024e+00
4.686574503921563384e+00
2.926004144638556959e+00
1.335530653525689360e+01
2.240907541444578932e+00
1.864557711083041081e-02
1.856012953628851747e+01
1.261230481568491335e+01
5.915698327502498799e+00
3.668452574809446531e+01
2.065849273291966437e+00
1.846471449235253459e+01
2.548030849833141076e+01
2.165795284477511728e+01
6.296492005066673059e+00
3.254665783137706409e-02
4.622820337381869038e+00
1.112724620005517373e+01
1.412842605853818512e+01
7.359162899096803656e+00
2.710907015236355022e+01
1.884328058152140494e-05
1.581292338970770572e+01
2.159584566582769938e+01
1.490554500059212728e+01
9.400088018186920635e+00
1.909080898950850980e+01
1.044928420612862929e+01
1.233988123419598892e+01
1.432999564135362114e+01
3.938759346335688694e+00
1.681632782254038716e+01
1.013799193928851849e+01
4.510445127487765937e+00
9.101535383785469335e+00
2.322398625379159043e+01
1.016805883125117305e+01
6.484181466220370282e+00
1.489981350976556662e+01
7.138073545386797343e-03
1.526248546659661542e+01
1.388147482347548411e+01
3.581589728445811360e+00
1.404785008465618468e+01
4.952272205798197976e-06
8.738372750423501145e+00
1.397329997551613801e+01
1.300158641722756236e+01
5.341941703118813223e+00
4.838114171549982245e+00
7.220313129049094059e+00
1.850313373004846795e+01
2.307670380177604841e+00
4.952272205798197976e-06
1.511613531130269550e+01
2.891715240921138630e+00
1.237084140579658786e+01
2.307444531316031888e+00
1.877418038606115402e+01
1.416444304037402446e+01
1.706023804406587985e+01
1.935374569997556193e+01
2.135731062032921912e+01
1.191647633785639648e+01
8.291305037866884220e+00
1.415646000880487954e+01
1.822350372596654333e+00
1.425832804764951112e+00
5.585446359246068582e+00
1.484164262711772508e+01
4.914220144742930785e+00
2.515243323177151158e+00
2.095754343333747993e+00
5.097422437556633490e+00
9.734450155743928690e+00
1.126774123819220108e+01
1.818562636300793756e+01
3.799617500466135667e+00
1.105368798858254387e+01
2.317672708257224823e+00
2.094129868281726203e+01
1.352471445365941705e+01
2.997800772020761340e+00
5.869818486890265419e+00
1.400729190585795925e+00
4.535017889975458516e+00
9.948764086616247226e+00
5.824955908549091177e+00
2.189078032997625911e+01
4.219948382995957559e+01
2.519738166167852622e+00
1.453383599284687833e+01
1.420563148754278870e+01
1.431386601035258010e+01
6.612009685256767355e+00
2.207515938591102866e+01
9.977690219241997838e+00
1.395713154510980303e+01
8.501253683272134154e+00
1.715173292941886274e+01
1.397055866648708644e+01
3.554531946828010547e+01
4.952272205798197976e-06
2.700740224103462869e-03
1.320613597572975806e+01
1.507054179607113475e+01
2.391299440859066650e+00
3.131757201265837676e+00
1.382771722406407910e+01
8.264799467902527397e+00
1.348612816808999781e+01
2.552385463363689411e+01
2.892587478631602593e+00
2.006426411490624773e+01
1.820871866677664153e-05
1.110659372988052951e+01
2.119193529217153937e+01
1.689151253353242410e+01
1.587593037634085213e+01
3.895776524561632481e+00
1.031855644068534339e+01
6.648867185230431076e+00
8.804105446164884441e+00
2.079569942674928740e+01
1.418846581788585048e+01
1.372182551193695588e+01
1.194144233889513629e+01
1.064664869257611457e+01
7.132927424665274074e+00
9.328221668101058294e-05
2.093787530230267890e+01
2.372423157682246135e-05
3.924952289620230683e+00
8.524739663319581481e-03
1.330447510379875986e+01
4.523360899984979255e+00
8.839758479101568867e+00
1.916565816777757947e+00
5.230449442667868709e+00
2.354677546464550986e+01
2.900421107684682553e+01
1.280201037825312049e+01
1.209309840087955479e+01
2.907286111057026545e+01
1.374910236990610635e+01
6.822765836333488307e-03
1.173539921679176246e+01
4.399642328060545005e+00
1.416671753205919515e+01
2.228588547254002350e+01
2.627090932868583639e+00
1.623748862798676029e+01
1.138957529129122115e+01
7.899079886543816542e+00
4.176046085578790645e+00
2.063811973263793931e+01
2.198002836929632942e+00
1.307537863195494587e+01
2.054716439362621827e+01
5.979752836875570132e+00
8.798036417414632382e+00
1.032930397367845288e+01
1.685929913743784425e+01
1.289887736911529359e+01
1.779060691902488145e+01
1.747040138546153187e+01
1.167488825604020519e+01
1.359172701298799524e+01
1.478836075440245246e+01
5.691467257075351505e+00
3.608741287436313172e+00
3.456800739422267288e+00
3.608015926725151701e+01
2.077570219477378544e+01
4.002010924462611353e-04
1.053969380582120152e+01
3.313538751140046923e+00
9.454841262119002110e+00
6.358412479330735501e+00
1.536902266452013777e+01
3.009988577494665307e+00
1.062967742587610492e-03
3.604610127216810955e+00
2.731282307245792851e-02
1.748268390074425938e+01
1.298296813838886266e+01
1.156029064750627455e+01
4.893845596620187699e+00
2.707742119834202299e+01
4.278210435574552939e+00
4.952272205798197976e-06
1.016897169546108692e+01
2.201603639028941117e+01
2.712102580802996954e+01
7.566935089254108959e+00
1.040063503822262270e+01
1.412092789105894397e+01
1.757092834718427740e-02
3.146753075646109732e+00
1.377971593951498086e+01
1.649122488691959987e+01
8.425809176310599113e+00
3.111007453834687464e+00
1.077817882395086180e+01
3.880080465579946569e+00
1.571645547247095154e+00
