1.072837546077904445e-11
4.666295407629376574e-12
9.339664875397327601e-12
6.218091753458234552e-12
9.208575143427503514e-12
9.233533900417035915e-12
8.253460225015047964e-12
8.280755981785983401e-12
3.865616821150581760e-12
6.540714415819239951e-12
4.052130804825959585e-12
6.129256628368103100e-12
1.661593091791342898e-12
5.901451599779355808e-12
6.008673617143241193e-12
6.223710786716121963e-12
nan
1.438977337752986881e-12
5.555926977243451152e-12
nan
5.588794863433153878e-12
3.378059218743000065e-12
1.708629281335928182e-14
3.536457395109415163e-12
3.612060757457928548e-12
7.763317069063470562e-12
9.605323543435529939e-12
3.783412689205419300e-12
5.477780856921643192e-12
5.148602488273112884e-12
5.314439151688410568e-12
4.036889305648792752e-12
1.377040225653064229e-12
4.616571234194897571e-12
6.448582492715935780e-12
nan
5.675253466598631927e-12
1.692845365699861311e-12
4.879507811675255718e-12
nan
3.473356859419878142e-12
6.412092167303846592e-12
3.096504536300723596e-12
1.093233978776701144e-11
1.072043658640344766e-11
3.666637925165924665e-12
9.770323781274551245e-14
2.661238004978388672e-12
1.479302080103639507e-12
3.780954311780274536e-12
3.873669331317375850e-12
3.538081041303080399e-12
1.681824241762119414e-12
7.159303703256041904e-12
3.309597793032892663e-12
6.108453174965662768e-14
1.715666249023003120e-12
3.307032879416431128e-12
6.682845477209969069e-12
5.081417891851566944e-12
1.730052735643941051e-12
6.185560833713686797e-12
nan
6.889752703627526405e-12
6.396183303923710840e-12
7.099905932948231342e-12
1.752787792733634927e-12
7.150553838805160401e-12
4.848022879587841571e-12
6.262706590673636877e-12
5.535303929798573582e-12
nan
1.468471497186073324e-11
8.689432155473817309e-12
6.689470988129917761e-12
7.048733731416773757e-12
2.548734580323225514e-12
4.043188443583249972e-12
nan
5.292783281883437855e-12
1.982859001087186060e-12
1.380382331975309598e-11
6.770546679555667500e-12
4.686512364708235124e-12
8.345345046163633404e-12
2.480754657178580888e-12
4.536004928200374386e-12
7.145227891815999256e-12
3.035251330509259537e-12
5.201213253564369390e-12
3.165993632902457860e-12
4.533213435677419998e-12
1.885922393724615175e-14
6.156943180997704900e-12
4.046432462217900678e-12
5.748796876481476957e-12
4.688574825416484673e-12
5.777274408100419992e-12
7.604746372790363710e-12
2.245901714297545191e-12
3.634460434714115166e-12
1.452166204570510551e-11
4.342386366914227891e-12
4.382888551468396330e-12
6.945957945955928171e-12
6.401207175848762362e-12
2.844915323430756878e-12
4.566195317443519512e-12
2.926908733545846223e-12
3.087860806851933831e-12
4.183633743859619563e-12
2.275628425802653140e-12
6.417319405729331632e-12
2.161846382290199263e-12
4.350635055737819602e-12
3.334622549409666117e-12
3.879557233990896784e-12
6.523578073896672386e-12
nan
2.512145152879747696e-12
9.367753337878662778e-12
1.243376089743169370e-11
7.026031919919056014e-12
1.946142232090753060e-12
5.243955901436869531e-12
3.719664903231902016e-12
3.192039992840885688e-12
6.622691226561936541e-12
5.521496304606965594e-12
2.372950437664680181e-12
1.199435943608597379e-11
2.206684580813214773e-12
1.647804067834346840e-12
1.347270201874766294e-11
9.852513905502664554e-12
9.412817408353893286e-12
4.864641517124007705e-12
5.851615470221337892e-12
2.833385328329183087e-12
4.187292853953810290e-12
6.488549308122701422e-12
5.023543404796446528e-12
8.340787575991350376e-12
6.166275830687145671e-12
2.202479772582607062e-12
6.664112971316544200e-12
1.950489401462216781e-12
nan
7.429594566746679287e-12
7.196422426604351868e-12
4.871357322691165261e-12
6.138239874934501910e-12
1.924039261779361227e-12
nan
1.507398205282213621e-12
3.688532460677994593e-12
6.032096758070525231e-12
7.243938649920564365e-12
6.763343957201204187e-12
7.583728166749431368e-12
5.921691527297725641e-12
4.133675609139447600e-12
2.216855411989387309e-12
5.204849649797192299e-12
4.731661961528286112e-12
5.286856678332436090e-12
6.350506604113924842e-12
2.009721636842001026e-12
7.974187271277148056e-12
8.293445844298909654e-12
6.742410768964440095e-12
4.028511052119377656e-12
5.093247172882692198e-12
1.978454588034545416e-12
2.285606868165780672e-12
5.585464055936028847e-12
6.522085302289450793e-12
1.066142908695807070e-11
6.434128790553378779e-12
5.979784798473995694e-12
1.094890306398411639e-12
6.048398198148693581e-12
7.644898958383016347e-12
1.676602860732041170e-12
1.007973013074742616e-11
3.982427532204473545e-12
6.381231548135983173e-12
2.846655632360571975e-12
1.399434591187839003e-12
2.741519555086188141e-12
5.515321117816909178e-12
3.221321825769676306e-12
3.619698609765190264e-12
1.382151930829500137e-11
9.599268680212072909e-12
3.771513678313540992e-12
5.298011707556280084e-12
3.093237279656828431e-12
nan
2.924471866485066418e-12
4.333928505639763294e-12
nan
2.385330723230642403e-12
5.037059210192620420e-14
9.587312527033804192e-12
8.877276502500625873e-12
5.952207717815980848e-12
4.541544868577181287e-12
1.091385217283616502e-12
3.601361425117396164e-12
nan
1.035241306240962735e-11
2.606729681792510281e-12
1.698956360547750138e-12
4.038659660820588578e-12
3.861046347123891299e-12
6.512104688446675061e-12
4.872311431296126310e-12
3.575268655611846519e-12
1.301521457835623853e-11
5.762999819809994470e-12
5.782575479655349462e-12
2.438595789523702338e-12
6.137264990653138274e-12
nan
3.758223689479277833e-12
4.316388539889614033e-12
1.041597763943672654e-13
4.278449836652048710e-12
8.903356605118929871e-12
7.424651045535638454e-12
3.523635151938685725e-12
nan
3.004141696299526278e-12
7.183142485227250028e-12
1.268817183356670156e-11
5.912645623536696648e-12
6.340942745432575039e-12
8.189016499825337841e-12
6.396088742975922468e-12
6.757364501337736812e-12
6.944800840564234167e-12
7.873824313273413603e-12
3.923719988784151210e-12
8.719579048861793971e-12
1.129580326306570698e-11
3.742822950382541232e-12
4.542219530669270276e-12
6.334051303105026800e-12
2.879824363094698266e-12
2.440068147435522264e-12
2.286279376024513949e-12
4.591608267366197185e-12
9.256383484520811057e-12
5.677350132573087620e-12
3.648645144376151522e-12
3.551806495378601682e-12
1.120626360409709425e-11
2.329507246941112615e-12
5.653829385328550324e-12
6.714070658044072416e-12
5.831630118218530933e-12
4.360824226690779797e-12
7.790303112045546764e-14
7.748500611822273064e-14
1.451984162054594763e-12
3.230688152654551411e-12
5.890865993921417258e-12
5.756713565836052985e-12
9.220395893611772004e-12
6.372053853675586237e-12
6.943366811327209258e-12
7.511509342369532487e-12
8.539134199037071080e-12
6.684618396976629144e-12
3.564303297231310930e-12
7.301467096865897002e-12
2.503265051572099633e-12
9.052031755481256140e-12
4.030282289852802743e-12
3.019417767077419593e-12
6.160210761203560490e-12
4.586932852858106677e-12
2.899041680675726725e-12
1.563900489816583029e-12
3.875570380608434832e-12
4.580482528156657058e-12
7.093223570262207108e-12
4.187819132618846513e-12
6.227478748307529621e-12
3.751763879469887307e-12
6.353648828538345669e-12
6.449447390172693922e-12
2.256474063630192360e-12
4.745540033626722757e-12
6.220445279796430929e-12
5.910716945909528800e-12
7.283582117912447077e-12
4.951588638460039560e-12
4.459479642689859289e-12
1.079153072621046793e-13
3.433987798112255434e-12
3.626330027302221332e-12
9.714857876487925106e-12
6.123169739525217939e-12
8.695724067134855693e-12
1.340338484117820092e-13
3.429303883017889298e-12
1.798853217434863478e-11
6.092474096443606561e-12
1.157036875379214145e-11
9.533193514307862704e-12
2.270716874275878150e-12
2.690249256848613350e-12
3.464821555698764156e-12
6.182859957191741438e-12
1.149313768900178146e-11
2.173451435301894159e-12
5.996368434877593233e-12
2.503043400543747407e-12
2.230716372875342509e-12
1.114332734073729776e-12
2.408153725105192214e-12
6.063226980747998585e-12
6.293094238726692510e-12
4.954774422999069919e-12
9.336017762036593022e-12
3.489983998667699532e-12
2.471869107272776654e-12
3.225812915482959529e-12
8.103781130618329337e-12
3.636437120643351754e-12
9.134804411010907618e-12
9.835744838311215196e-12
2.595247376609954362e-12
2.349181661491528744e-12
6.908809181140465671e-12
5.181494335445296735e-12
1.805841235801513066e-12
4.312951891334679259e-12
5.326698594543540158e-12
4.836673310781132947e-12
2.313463507101851359e-12
8.024075329140793043e-12
4.766865120211203316e-12
3.236606013373160222e-12
4.345597785526439467e-12
4.164342557456310512e-12
1.183707737076591608e-11
5.249605965809701068e-12
5.147614473660184576e-12
2.197298633114872789e-12
4.668979918238274404e-12
1.698684818417473740e-12
6.032633247724040587e-12
7.648154002340628477e-12
1.720420191881198628e-12
4.875275977272918952e-12
4.811389004189964231e-12
4.345437378985115681e-12
3.245800917328256754e-12
7.650986116979533018e-14
1.014891327079581464e-11
5.936929553908527723e-12
7.077368959426121689e-12
4.932641013964490207e-12
1.014749982832669144e-11
5.250894142549676743e-12
3.558097958782842572e-12
1.133625522088441666e-11
3.796013371155925316e-12
3.375685023174864433e-12
6.935972864649416065e-14
3.114369133104667665e-12
1.153834496853174319e-11
8.169911188591098231e-12
4.323163042076727387e-12
nan
6.105117128680687252e-12
4.762385960811323258e-12
1.675769334006028330e-12
6.415629584199920095e-12
3.918691992995769484e-12
5.288225749320062732e-12
2.630254643659188332e-12
4.446664776072452879e-12
4.090175913320207647e-12
9.323849553585628271e-12
6.658726357352457231e-12
nan
3.032251540254090790e-12
1.073725597148696064e-11
2.378111807472712981e-12
7.784962087092487506e-12
3.487390673329288359e-12
nan
nan
3.249850199644347925e-12
8.467096925983431700e-12
2.157714190634933839e-12
5.694627610867547525e-12
6.643764961438280557e-12
2.077594979063210810e-12
3.589106367053738488e-12
3.553599563077190187e-12
8.949031565340282941e-12
5.972774921432707494e-12
7.519378556903966235e-12
1.877132939024622893e-12
9.138523601713077900e-14
8.390917422801882313e-12
2.582120049454047403e-12
1.839036587407724384e-12
1.422896727769751529e-12
7.638091457236641944e-12
7.331693400510186844e-12
1.713829585624796438e-12
3.818225008383647487e-12
2.759901022817057206e-12
1.674660909931485227e-12
4.047109580838661892e-12
9.578313791222001324e-12
6.744204713733485604e-12
5.796890598129586604e-12
7.831898016261049935e-12
3.924011578836202823e-12
6.588182290119046490e-12
1.937311761611682033e-14
3.369166503379801287e-12
4.530055419675137868e-12
2.727578713470826948e-12
4.259472363199772559e-12
nan
7.222271692288682909e-12
2.334198571362769187e-12
7.205114783589503421e-14
6.105785900628229976e-12
6.794189231990611307e-12
2.449924276276859672e-12
2.567339499411602720e-12
3.896062301087841840e-12
3.275364712119927658e-12
3.535349129093731569e-12
4.701651000013280567e-12
6.748250582945714379e-12
7.462493330975281269e-12
3.903259141204244411e-12
1.196744045010169071e-11
6.533238648796857889e-12
6.586779901202229344e-12
7.806469871270953764e-12
4.269085164951760076e-12
nan
6.260809471747611414e-12
9.595443250219008198e-12
6.007758451820421523e-12
2.790125110877523551e-12
6.117763727842661615e-12
6.172899452982145008e-12
7.130584883212059777e-12
8.030942924301133539e-12
1.214245706138416310e-11
2.104672852964370662e-11
7.963428157176267471e-12
5.078904533265827081e-15
2.519813244903622512e-11
1.035341736552640811e-11
6.338059664200526590e-12
3.293065817965152246e-12
6.827294629010443358e-12
1.680400601596019882e-12
6.708535382041036261e-12
5.696630520226107669e-12
7.714777523974350319e-12
2.962930158587390739e-12
3.868786668927891100e-12
1.740973688905643394e-11
1.026733516851105344e-11
8.181777753928845996e-12
7.079412981519920915e-12
7.061942361326247521e-12
3.400507030088558973e-12
6.012791181993472141e-12
5.045047703146696509e-12
5.778703958886822850e-12
2.924078909475643882e-12
5.812237599894380697e-12
4.620130572858402286e-12
4.482180475104040240e-12
1.690611327682164651e-13
1.045163981066169244e-11
6.841588530804669760e-12
1.533161360119659834e-12
4.812609624613532790e-12
2.731883259089914132e-12
1.054855120316338808e-11
4.940099902138314255e-12
4.319338431749242429e-12
3.740698873866541388e-12
3.385300912182852012e-12
