1.081348112172432431e-11
4.694382055680477072e-12
9.437860695044310398e-12
6.308503929815470985e-12
9.248386920534874790e-12
9.322835181386722021e-12
8.330721407389393304e-12
8.379135467684104865e-12
3.908494051001932973e-12
6.622408443726554560e-12
4.045137911934950696e-12
6.133350990283367520e-12
1.734566491248776822e-12
5.990339333459115393e-12
6.038311053988555201e-12
6.215690501846386710e-12
1.790934275810245301e-14
1.492346007759249708e-12
5.635616633657579094e-12
7.889983373929732544e-15
5.610230969745357548e-12
3.419040692957645122e-12
3.925120878129553373e-14
3.579054518710135150e-12
3.622513812105904034e-12
7.767103751795753814e-12
9.662528358121963128e-12
3.811171950840228620e-12
5.517813604183533349e-12
5.142238560631197539e-12
5.392572294616348729e-12
4.071661690768421836e-12
1.437172246644690187e-12
4.671004535607838468e-12
6.530569212164449883e-12
1.725356823704313195e-14
5.741305221810707374e-12
1.757503524349671197e-12
4.879728296480937068e-12
4.500724137386306940e-14
3.491229297939452965e-12
6.475371204835808518e-12
3.118400804712322518e-12
1.099917100860477262e-11
1.078564615757992406e-11
3.689071476892916594e-12
1.627946853687170348e-13
2.732100984055110015e-12
1.526775194563428266e-12
3.790902145504135603e-12
3.900334960156694097e-12
3.552488743049141967e-12
1.744268751470013730e-12
7.245781556178153365e-12
3.336782308644084617e-12
8.901220093006039255e-14
1.778823808283765166e-12
3.330062463518860996e-12
6.713778552156125093e-12
5.083793620154656440e-12
1.798207139922387349e-12
6.258221638112149298e-12
2.703821263880443153e-14
6.915517024067706764e-12
6.486847830397736722e-12
7.112237192183513983e-12
1.829886464223109677e-12
7.232512067372502779e-12
4.892735708619298272e-12
6.334192488224950616e-12
5.578392183984471565e-12
1.192763525793034370e-14
1.478425430243072818e-11
8.789269968655347547e-12
6.757523584118122269e-12
7.114073752383201394e-12
2.576471636493387396e-12
4.088254337822260916e-12
2.131575627784821283e-14
5.267456298589788866e-12
2.040289703296360191e-12
1.383040434909621613e-11
6.804859779004218189e-12
4.730197120159176018e-12
8.417929644743199815e-12
2.537181782081166183e-12
4.571961819919491496e-12
7.207548112873176839e-12
3.060017834191477968e-12
5.154495587820788332e-12
3.199599312335770948e-12
4.547873631259229812e-12
6.142624876723607279e-14
6.247258347538876796e-12
4.048064043604798027e-12
5.815329520883192520e-12
4.719809779457804893e-12
5.794506371027606111e-12
7.699005504432346495e-12
2.288002519643248417e-12
3.646578749390218531e-12
1.462062866848204832e-11
4.337812595190384539e-12
4.410550121662134876e-12
7.013766758812762913e-12
6.475297171754067414e-12
2.863997365402795284e-12
4.565296078657535488e-12
3.020238101819394841e-12
3.111172662015345955e-12
4.257065877540429379e-12
2.335937404451637614e-12
6.514613230832644460e-12
2.207355090879034406e-12
4.356715761803603202e-12
3.360612299150875544e-12
3.545739794370256896e-12
6.616739882534019043e-12
2.894315142998418166e-14
2.543408788327967879e-12
9.445214524254508003e-12
1.248804934402127456e-11
7.119976776321993630e-12
1.990553845751600814e-12
5.254690629519215303e-12
3.768719344263667392e-12
3.216724929930002575e-12
6.715484936987289788e-12
5.604570538497984650e-12
2.407684481780892492e-12
1.209411712421937710e-11
2.248700498518178015e-12
1.721388724319854649e-12
1.353140485111082183e-11
9.946837469347738569e-12
9.501186182293918741e-12
4.884110638192919103e-12
5.855874575152338945e-12
2.852098087453008670e-12
4.193294966145285434e-12
6.549466191012904574e-12
5.086052448557544356e-12
8.422364382859043577e-12
6.256906303002565990e-12
2.265902835648859747e-12
6.760016864199751866e-12
2.016633709424441694e-12
1.051299455913975471e-14
7.512458438637747741e-12
7.283552904101518983e-12
4.881968898068730592e-12
6.220530014062676613e-12
1.976769370489833566e-12
6.202337816757438645e-15
1.569223514257468663e-12
3.698394854286594457e-12
6.027701689694386591e-12
7.341956873523261436e-12
6.861793860445206411e-12
7.660356681970107362e-12
5.928298897103159639e-12
4.124433083715247821e-12
2.259944463074675160e-12
5.256120563128180612e-12
4.752170166863290518e-12
5.302373943441416605e-12
6.422017583327307549e-12
2.075398854518806871e-12
8.072516468151587939e-12
8.376243715112033198e-12
6.816496302129167511e-12
4.008986611839305974e-12
5.102836681182610223e-12
2.018058371209985920e-12
2.330389763490700238e-12
5.662495361829793371e-12
6.604234692697123183e-12
1.076101930431725648e-11
6.481298959133763926e-12
6.011700540069330650e-12
1.175410129449124017e-12
6.049997106580828639e-12
7.682348907711063344e-12
1.749994991014561731e-12
1.017502020527031191e-11
3.977333131892568649e-12
6.379709282415108000e-12
2.899917523579924165e-12
1.446142082840427722e-12
2.778135086820099649e-12
5.508107436790524380e-12
3.253055870765019356e-12
3.651590165920926478e-12
1.392142852338138883e-11
9.695008249645068537e-12
3.780244068972834078e-12
5.309822452440306286e-12
3.120079201923833598e-12
2.255389600947213515e-14
2.970265945673312363e-12
4.356819387274176924e-12
6.013177925062539316e-15
2.423758441341741472e-12
1.211772921101396514e-13
9.616022765016505601e-12
8.954893832618792885e-12
6.010995013345642818e-12
4.588417961680937295e-12
1.172364302525347799e-12
3.625826498566664130e-12
5.908183158960102171e-15
1.042915614625722317e-11
2.635721990727836402e-12
1.773947980114573011e-12
4.049427356855510275e-12
3.889221776176428219e-12
6.586509758034530326e-12
4.968981084876090523e-12
3.613056304752814444e-12
1.304602923025417436e-11
5.761195760965733147e-12
5.860240093428824844e-12
2.497364125444526105e-12
6.192097899309957935e-12
7.007381330608726531e-15
3.790509664151805748e-12
4.372215314857659266e-12
1.862530516553128894e-13
4.291552910522566474e-12
8.983588470143372633e-12
7.511973030297784133e-12
3.547478438440008424e-12
9.536060856154934600e-15
3.026998965094193228e-12
7.282234334139379075e-12
1.278614631174685194e-11
5.989803234427920710e-12
6.419659099259874510e-12
8.274150783282089622e-12
6.464434058213435030e-12
6.768979965304862909e-12
7.043474561400632017e-12
7.945405949403899898e-12
3.948449457172420779e-12
8.805963718052045050e-12
1.138329358071273802e-11
3.757380645942740752e-12
4.526852753559754211e-12
6.409048292097908335e-12
2.910898846885932564e-12
2.472401664142149807e-12
2.319805983140652042e-12
4.619729829982111299e-12
9.355734845871887837e-12
5.750902964336647270e-12
3.675951881548720020e-12
3.578798292426000981e-12
1.127477984873455428e-11
2.389914845310631353e-12
5.730628813835732616e-12
6.717684812673040347e-12
5.888479576732241132e-12
4.383563403167238919e-12
1.343541486442192707e-13
1.456267327112313771e-13
1.512143351508997533e-12
3.284524672204094892e-12
5.926648723684173009e-12
5.825971954099283739e-12
9.319424115052866615e-12
6.419412208055687889e-12
7.027855013958328562e-12
7.604760214521596421e-12
8.610464314601230316e-12
6.751719378780489115e-12
3.575607125788975112e-12
7.378936314751261653e-12
2.558698599052173391e-12
9.146090823319627750e-12
4.073102542227745876e-12
3.030611311099807485e-12
6.172871732567812332e-12
4.595355846187904167e-12
2.967861607817514689e-12
1.617245368186386831e-12
3.897155920781425321e-12
4.596453765553867638e-12
7.159874453410415995e-12
4.212855660773730813e-12
6.325254641723303282e-12
3.785178933046170418e-12
6.375780716796489322e-12
6.443873201926922806e-12
2.312031480107162380e-12
4.741347653778290875e-12
6.256412474603794028e-12
5.986234169292554764e-12
7.376537347731467747e-12
5.018074519961705119e-12
4.475388981584866779e-12
1.889156717223536149e-13
3.477641727642698975e-12
3.656093570108558394e-12
9.814056880973364938e-12
6.170686128818394165e-12
8.761870123914130138e-12
2.120067227863870822e-13
3.459882328246723612e-12
1.808732970613085476e-11
6.129177841054912792e-12
1.166959751410968060e-11
9.630944385936634564e-12
2.331463399215054255e-12
2.741090080892795939e-12
3.491396316277318791e-12
6.264214999201185544e-12
1.159294222524037367e-11
2.218062390985329254e-12
6.075240902192528633e-12
2.546595815572210672e-12
2.298986603265877622e-12
1.195325873795162524e-12
2.454984387219016091e-12
6.110491824750772249e-12
6.343604140094225926e-12
4.995429227842200065e-12
9.424979501457508605e-12
3.507716644831243203e-12
2.504914840774426405e-12
3.275068529773417437e-12
8.185517427027074925e-12
3.640088446058843048e-12
9.228860208922871212e-12
9.935552214786416952e-12
2.620920753177424626e-12
2.381337857233543399e-12
6.974383323345802672e-12
5.201655534954359864e-12
1.869521663496354038e-12
4.352738706387625153e-12
5.316089903436224347e-12
4.893935354440204340e-12
2.350630876929264434e-12
8.119316171214586039e-12
4.775760148350946306e-12
3.262521518467642206e-12
4.351876382130419422e-12
4.220227820260049142e-12
1.193692659734148934e-11
5.286728053365827111e-12
5.214699079716541702e-12
2.257274783254310996e-12
4.657510148239870020e-12
1.772312136822937088e-12
6.100248740133961640e-12
7.717124215497247496e-12
1.785541602571275786e-12
4.908330701493022987e-12
4.825575854201321972e-12
4.348630318261526627e-12
3.263504863460624432e-12
1.438019263268856548e-13
1.022727286677751446e-11
5.951271877610963511e-12
7.143579537805908472e-12
4.965900699245018840e-12
1.024722391127176752e-11
5.296878859901786612e-12
3.583234269059088587e-12
1.143611433273418063e-11
3.849358815957872838e-12
3.398061524571101434e-12
1.158601731388428878e-13
3.140918302040041191e-12
1.162840746108463003e-11
8.265432637200096702e-12
4.333486374978802561e-12
1.871304067030812901e-14
6.172954396959527195e-12
4.751571076813005755e-12
1.736300114095608427e-12
6.502455855056012419e-12
3.939496842810260948e-12
5.332717580166089604e-12
2.691237233198730862e-12
4.462190181502550900e-12
4.115296005087902076e-12
9.418229476123163897e-12
6.757101912461787981e-12
1.030831463402640879e-14
3.066911480828759638e-12
1.074995952344902029e-11
2.417964687794453082e-12
7.882710585945917439e-12
3.499521217543074534e-12
6.949311732239680037e-15
6.209526111766629994e-15
3.301752994968119229e-12
8.565747275049754399e-12
2.201581090641512632e-12
5.755874565303045291e-12
6.676405571354851818e-12
2.119941434263096430e-12
3.636070121408423732e-12
3.583325451097039440e-12
9.025318713026429598e-12
5.976233314627064012e-12
7.580499917300116383e-12
1.937738660237113963e-12
1.668365370420194879e-13
8.490191966504483246e-12
2.625565614313943652e-12
1.893979295319814895e-12
1.472056713675616926e-12
7.736284313997835767e-12
7.407542332865724147e-12
1.792822230245760634e-12
3.852980818346581708e-12
2.784251550606174010e-12
1.735824497846269619e-12
4.070026492235591001e-12
9.676905331675255797e-12
6.822580351390306832e-12
5.829455761777820091e-12
7.926336692498690444e-12
3.943461762212205819e-12
6.687080049885691804e-12
3.741193305148040707e-14
3.391360202018435719e-12
4.601442750493385571e-12
2.751670358655077846e-12
4.274812343248516480e-12
1.115225008415798536e-14
7.304718598408900319e-12
2.392425505040474704e-12
1.305420161878459899e-13
6.098872110197313200e-12
6.828556973649175696e-12
2.482281052448890823e-12
2.597462836880628466e-12
3.922282944893103029e-12
3.305317784278583708e-12
3.561454685066708294e-12
4.694744959489128692e-12
6.845736906241043489e-12
7.547557563708165956e-12
3.930105637694789330e-12
1.206722815636645315e-11
6.549855582846476148e-12
6.681028777136376450e-12
7.805780197038472476e-12
4.279185413632735640e-12
9.283133435954087043e-15
6.356610755592137912e-12
9.683382646659348901e-12
6.085826372214911612e-12
2.854244491720853390e-12
6.192943126839351052e-12
6.256930798809113701e-12
7.200311830504452268e-12
8.117319885684286377e-12
1.224228539012480493e-11
2.114529090474138148e-11
8.059675625449105903e-12
2.843750395763639404e-14
2.529809801067142787e-11
1.042541554988840299e-11
6.371292601134330680e-12
3.319406622612952198e-12
6.879976570835663386e-12
1.744093593934269373e-12
6.785699759516883303e-12
5.737273148623537987e-12
7.805166495382611532e-12
2.979512347637788091e-12
3.857677881339402922e-12
1.750964461573629158e-11
1.030000228302918516e-11
8.227356236292706916e-12
7.167544910430439728e-12
7.133626859865827157e-12
3.428908891430021061e-12
6.084992648622210954e-12
5.097771504283981372e-12
5.780993202904464398e-12
2.948950045630979729e-12
5.836026363097934497e-12
4.629851301600843337e-12
4.485038030030321698e-12
2.368926972134903999e-13
1.052673207222587645e-11
6.939493144293094909e-12
1.595569098095464018e-12
4.820652306103050214e-12
2.756465125236596152e-12
1.064853275954395623e-11
4.989753937362254304e-12
4.353815505965101056e-12
3.764237307702895877e-12
3.416148515950507678e-12
