5.672428544156351116e+00
6.804853531504502229e+00
5.741189072025526308e+00
6.989687249774578781e+00
6.318051269784466406e+00
5.725066459918290995e+00
6.456878548942299290e+00
6.104620511345047795e+00
5.320302081779162862e+00
6.883267169131173091e+00
6.540033523740453880e+00
6.143857171094666114e+00
4.728652184248591794e+00
6.910168992330630644e+00
6.454618935166961613e+00
5.673188632047838631e+00
1.276436982846094415e+00
5.138116611478229068e+00
6.995781806854323825e+00
7.830321186470489137e-01
5.952458979187325916e+00
3.677744186878618482e+00
1.766650164644751220e+00
6.981976940472506499e+00
5.381616771902061558e+00
6.111133920103311468e+00
6.098284135258031924e+00
6.662469006340122846e+00
6.515690130912181743e+00
6.969886705912649916e+00
6.996743059404607834e+00
5.131457260727054326e+00
4.966121044821209196e+00
6.987677416238519790e+00
6.543046209356851328e+00
6.493396397100554829e-01
6.740582606544097466e+00
5.149793924635483577e+00
6.186882388364109531e+00
1.723059457358386837e+00
6.911960882441037235e+00
6.914652408390409732e+00
6.089356085591846046e+00
6.058668624853922324e+00
6.811583058316674766e+00
4.008680854365229251e+00
2.090114583662814773e+00
3.511584659545786025e+00
5.232511461186740043e+00
6.900961206075217902e+00
5.447878924719989691e+00
5.632593034741779192e+00
5.254773447070684611e+00
6.324139769967231928e+00
6.093528139388395992e+00
2.275225799439681840e+00
4.972345257521503470e+00
6.048805419922702598e+00
6.314910930092963781e+00
6.629379721374974999e+00
4.685770458877086320e+00
6.660387955432137019e+00
1.617107243571016539e+00
6.066002154524127832e+00
6.982875315058562293e+00
5.691168817198938967e+00
4.374939184834559569e+00
6.504287831162413269e+00
7.040591371200150661e+00
6.613518589205211740e+00
6.646493403928147359e+00
1.040734827990333233e+00
1.339151870608329808e+01
5.958632271521620893e+00
6.707275269412332541e+00
6.346063708886504173e+00
4.670897123747401736e+00
4.924659384406274931e+00
1.670420662230915454e+00
6.243470095702343237e+00
4.355711859522594764e+00
1.059287045461436172e+01
6.243470085619224008e+00
6.530244137164618934e+00
5.918639279794361663e+00
3.902492898545331546e+00
6.636388624889983490e+00
6.086380706048673872e+00
4.371840170282456306e+00
5.640380127885275208e+00
4.214932186926404256e+00
7.505731940161850524e+00
2.189258459740214935e+00
7.026662536081340171e+00
6.531317836153838208e+00
6.939044599326120277e+00
5.087017290550801540e+00
6.346035326206021843e+00
6.359177324266897635e+00
4.540970361381769571e+00
5.347299447804689798e+00
1.383332037337124376e+01
6.311881521791219640e+00
6.315482210856345091e+00
7.279992344677448379e+00
6.940641569776667907e+00
4.711450068611237718e+00
7.039399247798654891e+00
3.382944987482494614e+00
6.156434201515383009e+00
7.070058450525005256e+00
4.072107175870073981e+00
6.946189792512191374e+00
4.885033051744103183e+00
4.951164551385574875e+00
4.218031469351715579e+00
4.195646932671467155e+00
6.723979399436050386e+00
1.608772535216477229e+00
4.521030724710888293e+00
6.194655070503552352e+00
1.180521192210416004e+01
6.420081569395131638e+00
4.808889148508509237e+00
7.220963997774654253e+00
6.835242667769392710e+00
4.384859821076194208e+00
6.299944184124469437e+00
6.909639287499917515e+00
4.565967107307579376e+00
5.962530274556742782e+00
4.570684389488564925e+00
4.736608613944715884e+00
1.464409018541375751e+01
6.301236742519670031e+00
6.230919717947641878e+00
5.989951110531886336e+00
6.536085656980673342e+00
4.702310520874129374e+00
6.537721463706758662e+00
6.918182841820849305e+00
6.765730677876207189e+00
6.544609336008628375e+00
6.896941473037004222e+00
4.082391511085960545e+00
6.850079905092716359e+00
4.588026802159017592e+00
1.188967819147639826e+00
6.255741384211513711e+00
6.349715121140082630e+00
6.053423585411574770e+00
6.535534406983190436e+00
4.966053595658805442e+00
4.037662311560578088e-01
4.873388277921411493e+00
6.927324161695109339e+00
5.945183743685483968e+00
6.508575875196192406e+00
6.715212077432208382e+00
6.123819927076498359e+00
5.617170692334572557e+00
6.540692793925603432e+00
4.872981938256157441e+00
6.637234952234559948e+00
6.731676253510846308e+00
4.577397184669971253e+00
6.408554190529716976e+00
4.619239482747183878e+00
6.241776246560944763e+00
5.844916249844763101e+00
6.352931705547703700e+00
7.053626203503873704e+00
6.571996342788139600e+00
4.806690879149569717e+00
4.815501065684689053e+00
7.080502893792258057e+00
6.726926756004492525e+00
6.069117770873837969e+00
6.450109377238485209e+00
6.366488860117064164e+00
5.952434554530514177e+00
6.209250591364171790e+00
6.875441656642490074e+00
4.460943233701917698e+00
6.237055789050129029e+00
6.470211867474847445e+00
6.329359764191839766e+00
3.931967558811108265e+00
5.247120690296093848e+00
4.375806312014659305e+00
5.920952382716867746e+00
6.102417362216446151e+00
5.779975036730369276e+00
6.406894717050922949e+00
6.315595218224657970e+00
5.696903108970986729e+00
6.728570212109221238e+00
4.904914569689167614e+00
1.267807859381040014e+00
4.041324751493003298e+00
6.142219847010241374e+00
2.804548763069841799e-01
4.519218874706162126e+00
2.418964565677775180e+00
6.732910635769367325e+00
7.054418058892091281e+00
6.243694430092970649e+00
6.452157405482398467e+00
5.678832361499468462e+00
5.860036219424671344e+00
2.804548763069841799e-01
5.970942850444052041e+00
4.923746829993194574e+00
4.447702498733997700e+00
6.820411514606740333e+00
6.736616518514024321e+00
6.549016111509667226e+00
7.063502821077903171e+00
6.908880034337441245e+00
7.492807771695984442e+00
6.073551286889447454e+00
6.646000545289781236e+00
3.888392743849092170e+00
5.912094392677148313e+00
4.976762224733829454e-01
3.756948267834054001e+00
6.550219535446829333e+00
2.747582299709319997e+00
7.050906845331192052e+00
6.317614657746420725e+00
6.405460500982072425e+00
5.723418781691127499e+00
7.326105582879649525e-01
6.049705001844300156e+00
6.536580139762825148e+00
9.154793353246317267e+00
6.565836748696035841e+00
6.371149465011225921e+00
6.525984689510530679e+00
6.394471642259094146e+00
5.689537319574091256e+00
6.676034457418653645e+00
5.838021305352449453e+00
6.980895639475848569e+00
5.960126263383362044e+00
6.317082343151171564e+00
5.333001821289459876e+00
6.401862442195415781e+00
6.758664710174004497e+00
4.368618816037972863e+00
5.049380275275971997e+00
5.001151689953274193e+00
3.437470747464232979e+00
5.801466577483547660e+00
7.005557104150454073e+00
7.019384615884886713e+00
6.906063067648146259e+00
7.950432063572936414e+00
4.008302629556920849e+00
7.073656670285595638e+00
5.637291871607303939e+00
6.515973772572146494e+00
5.177263681656784300e+00
1.888797939684655924e+00
2.509012933936384027e+00
4.949322621292537860e+00
3.674760911365349880e+00
6.263312118318346222e+00
7.017004484434922418e+00
6.483815635310278935e+00
5.807731738620334205e+00
6.684188636541366968e+00
6.407389242748419811e+00
5.853540562788645651e+00
6.681364843448003299e+00
6.909948406683073863e+00
6.517078704171710868e+00
3.945545506709151606e+00
6.520386720829539406e+00
3.728748014039463321e+00
4.673225606150097633e+00
6.057353305253717402e+00
4.993687512775261794e+00
3.609165671037303014e+00
5.296059669587346974e+00
6.986943856808874642e+00
5.988317523433102529e+00
6.544017391933334871e+00
5.315846170716815422e+00
7.069766910738414900e+00
5.694933971696429786e+00
6.329238180816173731e+00
6.267442331115404386e+00
4.327226639356878124e+00
5.974830797182189457e+00
5.882981460822953146e+00
6.905399560497866851e+00
6.521756569710042584e+00
7.005253902408811406e+00
6.905399140682485282e+00
3.261925110154681562e+00
6.085879049466716317e+00
6.825194863180319871e+00
5.666126889420880275e+00
7.018403515749507271e+00
5.727942644688818419e+00
3.354233346150981010e+00
5.676731191575527191e+00
1.421763000627358764e+01
5.875232703851328786e+00
6.012782962752712734e+00
6.411250656247139190e+00
4.040654039614730131e+00
4.140689874986807517e+00
4.243052436444494369e+00
7.004659980071915371e+00
5.939245469801956112e+00
4.571645735535356359e+00
6.549479686518510313e+00
4.407386305299070273e+00
3.769521586067146934e+00
5.450338104003005668e+00
4.464091343151198821e+00
6.315677366024917916e+00
6.262572709487543854e+00
6.050798195898533294e+00
6.058765869968467221e+00
7.059519883957174002e+00
4.746015565461582320e+00
3.736650933689541265e+00
5.870384639766481172e+00
7.063503474758730860e+00
5.861731367243661062e+00
6.328265264299180792e+00
4.679712889293830003e+00
4.988025017347601064e+00
6.172359798418151300e+00
6.914176659948296333e+00
4.744675105611483090e+00
7.073679687248335846e+00
6.386139841874440393e+00
7.073680136170652055e+00
4.665155487656593714e+00
6.247126689718829340e+00
4.725202766458193260e+00
6.143334006435341443e+00
6.517659458882278933e+00
7.065309159656365523e+00
6.259491311609744812e+00
6.322048586441410656e+00
6.678906953334807994e+00
4.239653221501244573e+00
6.548930763171778580e+00
4.635458907783031712e+00
6.684690767427285074e+00
6.297837875419192599e+00
5.178549354241954283e+00
6.684690279132790458e+00
4.501278215348720302e+00
6.529822384019692727e+00
5.837942373587025280e+00
2.483639085657066925e+00
5.959028729995091922e+00
5.614410628212822552e+00
6.070024945338567512e+00
7.009011102848583086e+00
5.655034809741708912e+00
6.506619842383596364e+00
5.812438621752791690e+00
5.948460163176060078e+00
4.153432023624579195e+00
7.035353945129447339e+00
2.394493096801969756e+00
6.024605423774984203e+00
5.663657605614926815e+00
6.178456367949644701e+00
6.348193651934464832e+00
1.179931817783249848e+00
7.057625414629777438e+00
6.541877282261848059e+00
5.011183741821183091e+00
6.721641498506069290e+00
6.664468668864833134e+00
6.995133275621467028e+00
3.717812559107939396e+00
6.540289557443724533e+00
5.250308708118067713e+00
5.802298070391018747e+00
6.842565687133205898e+00
2.804548762904273129e-01
4.178736049996482294e+00
6.232292707032627277e+00
4.535813707311947773e+00
6.307575070858002064e+00
5.687014256384637534e+00
5.855604091617796492e-01
5.125949750343958833e-01
3.699007154305776091e+00
6.051182470520337198e+00
4.935587086644437349e+00
