4.759564420497960966e-12
2.800382827991684724e-12
4.057481644674358717e-12
2.712839245215652315e-12
4.750764367963946724e-12
4.069244033262915587e-12
4.020224710292858673e-12
3.608773023718105835e-12
1.811647631943088401e-12
2.820475444645760781e-12
2.271999734327586517e-12
3.431398206839018506e-12
4.916510583081754461e-13
2.783567099193083257e-12
3.182299291027930436e-12
3.065779102100217406e-12
nan
4.262660759387242988e-13
2.676959819199703154e-12
nan
3.115201531283736458e-12
1.407317049922712148e-12
nan
2.053725941142356998e-12
1.658204993606018468e-12
4.265557160397255820e-12
4.856882234618426146e-12
2.116506658348648620e-12
3.106271232679868885e-12
2.747636901861296552e-12
2.677024932034409616e-12
1.895166072403918333e-12
4.114328249377046866e-13
2.709466804500770024e-12
3.074774190597205570e-12
nan
2.893962220612846876e-12
5.048610646909613654e-13
2.733571133227046159e-12
nan
1.917958600615796826e-12
2.783482370834618054e-12
1.376454616379486861e-12
4.946239119124277650e-12
5.168029036514079058e-12
1.646666676399116622e-12
2.004954515668168524e-13
1.043469555013620188e-12
4.355931392097083712e-13
2.241681268546625773e-12
1.830607974801832945e-12
1.607568243624930919e-12
4.891523136631033979e-13
3.319867230905898001e-12
1.778965254820258630e-12
7.439399186906393904e-15
5.019949415461753601e-13
1.678950925255338052e-12
3.763142089678212174e-12
2.960695819244814662e-12
5.099110286331070842e-13
2.964949189274646270e-12
nan
3.803948500709540530e-12
2.747700049043513976e-12
3.976084203392686289e-12
5.107633566183139367e-13
3.113287184727065159e-12
2.638751916635918141e-12
3.037588543667499995e-12
2.964424302426054157e-12
nan
6.067140625398096313e-12
3.741048190510736554e-12
2.893791283129709845e-12
3.281410031525876919e-12
1.037975742522091328e-12
1.870979037943674579e-12
nan
3.062950934517836708e-12
5.323004733339666984e-13
6.708306240838462549e-12
3.387165717276229658e-12
2.759719432976083351e-12
3.853172610579128010e-12
9.386277754914843637e-13
2.672817825979807019e-12
3.610394107293000511e-12
1.287840115445307391e-12
3.001248157455383811e-12
1.356757648361299290e-12
2.738002211568831224e-12
nan
2.676855850528157238e-12
2.271446845207304806e-12
2.747747087523463793e-12
2.263774216601147103e-12
3.263403989540149991e-12
3.282150034690091820e-12
8.198550821503118709e-13
1.672398872564986445e-12
5.993256011001992441e-12
2.339135845674709427e-12
2.396216808789276900e-12
3.144749008647604348e-12
2.747856908532570971e-12
1.212718134914067850e-12
2.636732486959748911e-12
1.122754221847433389e-12
1.409754362419855185e-12
2.578440942320097957e-12
8.039201747811258809e-13
2.747685429778434347e-12
7.821720263694693432e-13
2.052922660162634393e-12
1.448866093754381302e-12
2.003967286123626433e-12
2.894165006011819362e-12
nan
9.980176570035125479e-13
4.395082128332589826e-12
5.555570410181685536e-12
3.215073045423469473e-12
5.675423506406342860e-13
3.061473101242831653e-12
2.127997534756194665e-12
1.383777754538079145e-12
3.355516799631027762e-12
2.783601010574782514e-12
9.106322791167856474e-13
5.051591152157934629e-12
7.849891156878857849e-13
4.835675023834703461e-13
5.888375664933137956e-12
4.223291667991450968e-12
4.394496112934386228e-12
2.732904525488446905e-12
3.241212008196387714e-12
1.213579276917087753e-12
2.332392888904774794e-12
2.783755567695552636e-12
2.913298353877415152e-12
3.884116025013680732e-12
2.820493654744952268e-12
7.393354184574464919e-13
2.855564921278007955e-12
5.843345850904893347e-13
nan
3.386962218373906065e-12
3.281637583480024160e-12
2.638672851697182497e-12
3.146424366140107978e-12
5.757041973398943460e-13
nan
4.354804101422571351e-13
2.119707625297096280e-12
3.391743533368742828e-12
3.112564502753219364e-12
2.894190736728924923e-12
3.570429493856880858e-12
3.271804897994460068e-12
2.273735192584190118e-12
8.165716799330973489e-13
2.963459549996105748e-12
2.809404099128583873e-12
2.504675857062432339e-12
3.215403465938406630e-12
6.295257597031698929e-13
3.424256743395230526e-12
3.885706714505731363e-12
3.280829900921146199e-12
2.483249666590830760e-12
2.969519844171551277e-12
5.718771489859167097e-13
8.951995440255452534e-13
2.602724927668330828e-12
2.894201850461224060e-12
4.520634190250216289e-12
3.182196072871339619e-12
3.267950790957999142e-12
3.622731275736813132e-13
3.399865676791288757e-12
4.150650129165673044e-12
6.175389299055764448e-13
4.289076618776314687e-12
2.049331569463255880e-12
3.543763482498078248e-12
1.034565415296110466e-12
4.218641372189418066e-13
1.133472999428916536e-12
3.037671091250735520e-12
1.461073380020499706e-12
1.784868922463630216e-12
5.716474853023197867e-12
4.117943900294785633e-12
1.941783951236740928e-12
2.893660438855703647e-12
1.359532374619289438e-12
nan
1.195914928053953362e-12
2.108087252324443947e-12
nan
9.099557173772802878e-13
4.858323620901878568e-14
4.757715256350188147e-12
4.356910928088711380e-12
3.357268792592562481e-12
2.606639814170054817e-12
3.609675211785626534e-13
1.775311658874712728e-12
nan
4.658195609870692498e-12
1.086201706096137067e-12
4.947342339162158389e-13
2.365069807525905322e-12
2.186941256828614946e-12
3.037641677268103115e-12
2.602581791708007348e-12
2.054401212886925549e-12
6.537065902170085102e-12
3.226853529018272712e-12
2.965742049212338077e-12
7.773563868923093864e-13
3.414434518753703335e-12
nan
1.625824398360354500e-12
2.493479477236185541e-12
5.731544883541161880e-13
2.611712730979887712e-12
4.222101470594633963e-12
3.215070130880563919e-12
1.616796069790183750e-12
nan
1.310873520358772849e-12
3.074083783253284956e-12
6.344096854390587245e-12
3.035984206358235411e-12
3.280961149269026030e-12
3.923884935925744493e-12
3.252035107404209524e-12
3.751263755822004169e-12
2.966106157402432404e-12
3.922945806192725985e-12
2.375877892841228568e-12
3.778134178045934444e-12
4.917417135332520856e-12
1.717446861734959033e-12
2.575011812837207555e-12
2.929705605550227953e-12
1.197289702599350117e-12
1.023208642052327977e-12
8.979578576622062385e-13
2.057991238233909239e-12
3.991782932999772608e-12
2.711996920225915783e-12
2.178655653143457016e-12
1.936204310802082783e-12
5.503726002281928100e-12
6.836374837924915416e-13
2.637925806189243475e-12
3.322178837952135006e-12
3.110235307824503359e-12
2.053727781881164764e-12
7.986059947293204545e-14
1.121065029167739186e-13
4.276918708112335531e-13
1.314996233574189705e-12
3.327142310186341919e-12
2.676913949698165519e-12
3.961700315170459460e-12
3.580151791580336629e-12
2.966102609863195742e-12
3.215069980938296031e-12
3.922812286101179858e-12
2.893984023233838989e-12
1.936524489272223232e-12
3.145407727071840172e-12
9.520342313640131478e-13
3.887998159248851968e-12
1.805907488318939391e-12
1.276362867500768520e-12
3.459889125461037689e-12
2.156853809016137628e-12
1.142676372497759322e-12
4.514169765620930039e-13
2.288044704019822622e-12
2.167260494303888174e-12
3.037702807252759467e-12
1.981925187137769477e-12
2.637441228396817204e-12
1.755863030340335269e-12
3.537154686445954208e-12
3.414112793241344182e-12
7.982971440447152114e-13
2.323483225712591010e-12
3.441599834442175913e-12
2.783529870213077001e-12
3.111887779016761902e-12
2.712211383253459314e-12
2.682209198699443957e-12
6.051966554419638673e-13
1.841738191131183494e-12
2.020286847393066252e-12
4.156562613725329243e-12
2.676286499383650377e-12
4.053584698271142101e-12
6.552524119022695546e-13
1.532710423827639384e-12
7.256830751720331622e-12
3.410300885815661380e-12
4.855673677511113695e-12
4.088137124089835100e-12
7.951626357690614839e-13
1.073441853004655397e-12
1.517133472440197713e-12
2.748076382171172110e-12
4.820913079358730153e-12
7.486654263574173844e-13
3.073281676867812763e-12
9.821025927015721091e-13
7.230040633015829183e-13
3.654601985857265887e-13
9.185743261590234875e-13
3.334912743783010628e-12
3.412690260601292350e-12
2.692716309719972131e-12
4.490899082734971613e-12
2.076323401710131016e-12
9.983779175778388693e-13
1.305320016667263975e-12
3.926161469571902230e-12
2.194960426280499835e-12
3.926540651627191412e-12
4.187997716890242743e-12
1.073229149407002959e-12
9.514025657742878565e-13
3.491013963031529733e-12
2.820535368608150206e-12
5.327120875980734621e-13
2.588899149255865735e-12
3.049483721103549344e-12
2.602596966256492623e-12
8.412909865666537117e-13
3.424230815815863654e-12
2.185326114489236205e-12
1.582396652363003470e-12
2.456719683172387610e-12
2.564444087103456423e-12
4.948977108805754971e-12
3.027331387456534425e-12
2.893782228123008979e-12
7.285647224209571545e-13
2.708893594712327744e-12
4.948642450996908750e-13
3.003162728063646623e-12
3.353946849077426299e-12
5.075838462353008460e-13
2.855591225919917589e-12
2.203653324531184590e-12
2.440196308669627824e-12
1.414973204802028629e-12
9.702329496131980804e-14
4.850810461435099747e-12
3.275982920672486702e-12
3.570453329745032625e-12
2.711924776805608403e-12
4.287996108863707648e-12
3.036227667378717051e-12
1.706214101940076397e-12
4.759190647704268062e-12
1.436091688683896554e-12
1.912841898257221369e-12
1.569745292642208422e-13
1.358640242387410271e-12
4.855627400106233835e-12
3.491571902914018480e-12
2.319987846122411613e-12
nan
2.637832360184509046e-12
2.371094342029976902e-12
4.889076892646921563e-13
2.926530381039765332e-12
2.173378830420600486e-12
2.676424266731631504e-12
1.012672848090309562e-12
2.514320257352714636e-12
1.922423890552615159e-12
3.994300705276683733e-12
2.820451659322917925e-12
nan
1.253449525094597276e-12
4.981003449059360997e-12
8.970592910100519803e-13
3.321069256404644686e-12
1.561027108379729371e-12
nan
nan
1.324020009442333988e-12
3.606436907073038005e-12
7.500403310936068157e-13
2.820494924113330891e-12
3.617738308899097533e-12
6.015015751381913782e-13
2.044287892410119840e-12
2.007989188198292449e-12
4.253326721120127250e-12
2.986904912591729538e-12
3.215056561335402671e-12
5.447630343598683381e-13
4.247484695423813778e-13
3.567378817752776435e-12
1.050308184108220981e-12
5.447013076854009414e-13
4.225033893468262756e-13
3.252909746419886353e-12
3.350700154958363673e-12
4.963070646181860457e-13
2.144916989960305339e-12
1.196211565882712405e-12
4.882956359180127925e-13
2.288476296407132370e-12
4.086775102524986671e-12
3.038448579897490260e-12
3.195766740102312992e-12
3.353105446415031371e-12
2.297259770539480770e-12
2.783460291912682321e-12
nan
1.453648038447741428e-12
2.705005431894800202e-12
1.174087662320726941e-12
1.993048201035019885e-12
nan
3.212381556592712055e-12
6.177510261101415651e-13
9.037332264387414534e-14
3.408869281994401142e-12
3.630791593955242203e-12
1.018039277699379284e-12
1.060394619212405402e-12
2.178917688898918368e-12
1.706740855270555697e-12
2.043499748119463224e-12
2.521724668778667737e-12
2.965877394843074943e-12
3.609508386907939331e-12
1.675964243808151126e-12
4.982022931596425185e-12
3.169214869032648349e-12
3.002725976286162625e-12
4.083146737151472376e-12
2.332881328397472315e-12
nan
2.637887904482566643e-12
4.359962292107420691e-12
2.602800184405346766e-12
1.089787157140250830e-12
2.602774111575702584e-12
2.893903813356183832e-12
3.074892324071874844e-12
3.490738644964231621e-12
5.050917950300145068e-12
8.196820462496837557e-12
3.385889783543423174e-12
nan
9.464573091245574883e-12
4.520719719303369074e-12
3.483715251510251769e-12
1.833366758337854997e-12
3.354057333230949158e-12
4.910877121341015966e-13
3.459184686212867070e-12
3.212295355183022131e-12
3.385916924069773623e-12
1.283820044407098568e-12
1.934836402668639959e-12
6.950149551887965400e-12
5.225826081807886590e-12
4.124365855454939638e-12
3.002753497601830440e-12
3.353874989802326955e-12
1.481220811016863837e-12
3.073621397535840652e-12
2.116931802802463456e-12
3.203030834441239589e-12
1.260524302977684227e-12
3.188267124764841257e-12
2.098530816614254205e-12
2.515732535191692396e-12
7.020236333170537168e-13
4.726052376570005967e-12
2.894470879020819121e-12
4.348025984847185235e-13
2.718122087082450826e-12
1.142499687190494753e-12
4.430116403517031864e-12
2.679051932093539729e-12
2.038036515476000029e-12
1.732327184531645552e-12
1.638036683563434199e-12
