4.260286960962657850e-12
2.356134274327373341e-12
3.557495953292229549e-12
2.212845204759305089e-12
4.884652229028321786e-12
3.575398796566408422e-12
3.521450285921439164e-12
3.108911346101277548e-12
2.087257399486446701e-12
2.320498878504139644e-12
2.229419961175960897e-12
2.989966370689172430e-12
8.383709155720787319e-13
2.283597197383387487e-12
2.682763768271159891e-12
3.399774990714490719e-12
nan
6.353773629077493094e-13
2.177032980837979609e-12
nan
3.118968662563625479e-12
2.079738390716031834e-12
nan
2.011578909492819997e-12
1.981690029931169594e-12
3.952058883252348177e-12
4.384878795263932072e-12
2.011939245437457512e-12
2.610617561961110656e-12
2.247957158258141506e-12
2.177081739703137847e-12
2.273748354891206140e-12
5.832935847539320048e-13
2.213776636843809456e-12
2.574924881276288721e-12
nan
2.394135084744107361e-12
8.170830786241190325e-13
2.722113795949508760e-12
nan
1.838515127783302554e-12
2.283500313757761132e-12
1.542956316820909411e-12
4.446952250276421946e-12
4.670952303971825365e-12
2.205606562552964969e-12
nan
1.649829016923699599e-12
6.629616579096400361e-13
2.141117083377993010e-12
2.035659900621389723e-12
1.841000057916197181e-12
7.898059792117201870e-13
2.819935539270835007e-12
1.743358859563091302e-12
nan
8.858490711255651523e-13
1.697001334364592995e-12
3.688423550747063019e-12
2.502912408512862689e-12
8.948268036959423410e-13
2.465022408890268333e-12
nan
3.844089651283062377e-12
2.247706089428870568e-12
3.534887460384822277e-12
9.257307652829493786e-13
2.613293888155629379e-12
2.138906618397339228e-12
2.537661440560618284e-12
2.464885332517461976e-12
nan
5.567162791863430109e-12
3.241048424196244702e-12
2.393797424811468137e-12
2.781444656111020705e-12
1.423964740594623663e-12
2.517246397384091340e-12
nan
2.850001564795089619e-12
1.124880751961356686e-12
6.212609498350389646e-12
2.887251747316296555e-12
2.570903958020708886e-12
3.353206939758927114e-12
1.494276634407685899e-12
2.507697358963513287e-12
3.110821204948005555e-12
1.811284775510856591e-12
2.643475934252769258e-12
1.794196871993391720e-12
2.393490764848551318e-12
nan
2.176872990713769447e-12
2.221943583934805690e-12
2.247829585476176100e-12
2.465897742929887111e-12
2.781532250143768120e-12
2.782156736522106581e-12
1.261573316032888335e-12
1.989890253681900317e-12
5.493600010714627931e-12
2.313437339603174121e-12
2.373648794496314417e-12
2.644766336124968292e-12
2.247871513834535010e-12
1.592883882585190873e-12
2.138435057905324618e-12
1.778362003851970138e-12
1.526612246807450161e-12
2.102988246938847202e-12
1.321762420373956478e-12
2.247689166345746046e-12
1.144532844716012051e-12
2.596161943127549646e-12
1.980661136275461707e-12
1.514801521879622132e-12
2.394177748389631734e-12
nan
1.449763871499404252e-12
3.895613454266548496e-12
5.056434486153083652e-12
2.715084208953218551e-12
1.019935232051088747e-12
2.683835946572007725e-12
2.085239222310402917e-12
1.849432731240314442e-12
2.855563697136944649e-12
2.283654852131176565e-12
1.330795041038163598e-12
4.551604907296437918e-12
1.228559450418204679e-12
8.194213136550342405e-13
5.389712842281769244e-12
3.723292985385354051e-12
3.894851794435123787e-12
2.701180352529708758e-12
3.235650949503546223e-12
1.622165609157757182e-12
2.283120556767801116e-12
2.283771628754561694e-12
2.427119512230355259e-12
3.384174867829196811e-12
2.320522959327158914e-12
1.267676168304034455e-12
2.355571050390841657e-12
1.090400090914481337e-12
nan
2.886980681971004299e-12
2.781670757253917396e-12
2.642845218400812711e-12
2.646752445482588563e-12
9.780504524407136435e-13
nan
6.706859784335077162e-13
2.072948241979432786e-12
3.210210097551002920e-12
2.612565491924506565e-12
2.394190953864859304e-12
3.070532876324762353e-12
3.313467859447311754e-12
2.233597859399797819e-12
1.175050818461063949e-12
2.464656457560630013e-12
2.394025801748870697e-12
2.989972841657767262e-12
2.715594509240730191e-12
1.140156751000240491e-12
2.924257687416596304e-12
3.385758717990425016e-12
2.780879826498782265e-12
2.138180018251703141e-12
2.535733030278874687e-12
1.027025023668697508e-12
1.231516849879050873e-12
2.102771629293245563e-12
2.394214527214251772e-12
4.020662979673089880e-12
2.682269909220630738e-12
2.781151321024426670e-12
3.400277467637614015e-13
2.958167810592484809e-12
4.160730093086009073e-12
9.564127150889738501e-13
3.789093909714326106e-12
2.081142888264780384e-12
3.526212177868009082e-12
1.528195874753327040e-12
6.116078670785352987e-13
1.606385213872548754e-12
3.052704138997122666e-12
1.578525646533339421e-12
1.861761079596353222e-12
5.216475346083727268e-12
3.617981841393392679e-12
1.966085668895800963e-12
2.394089194521847247e-12
1.633499074677891637e-12
nan
1.722912376412098819e-12
2.236957303587637260e-12
nan
1.356175376283678630e-12
nan
5.030752613924988685e-12
3.859948906157612146e-12
2.886131007396491632e-12
2.550529102593743883e-12
3.433547051024316331e-13
1.837150648351497776e-12
nan
4.158287150301174539e-12
1.430117369929579006e-12
8.798948302328601284e-13
2.265527322066682254e-12
2.150638777957569651e-12
2.537652568629136578e-12
2.102893130797886149e-12
1.950250109880533630e-12
6.171658358418464920e-12
3.101168148146911808e-12
2.466086513916938228e-12
1.340733506139449500e-12
3.296328085566766279e-12
nan
2.344845861802110064e-12
2.434653863120822616e-12
1.079962372451294855e-13
2.138693200166484919e-12
3.722563512087185833e-12
2.715076136795012675e-12
1.770318281035868355e-12
nan
1.528578527134272082e-12
2.574084039030425681e-12
5.856951155489008841e-12
2.536407682379277401e-12
2.781329456467543769e-12
3.424085543092998728e-12
2.752230231889715363e-12
3.539884568258734758e-12
2.466106564270195506e-12
3.424189528180889423e-12
2.200648301532653540e-12
3.278157385166737906e-12
4.417955080499483517e-12
2.038777931368497399e-12
2.537894567730180226e-12
2.429743055054554835e-12
1.689481259746763974e-12
1.310522412060669890e-12
1.224233626419815129e-12
2.954787612362493349e-12
3.491801160403292219e-12
2.212163138432544692e-12
2.086965519606744625e-12
1.863201708682285366e-12
5.665098736826968051e-12
1.232285026857290428e-12
2.138060664518635591e-12
3.713860043087046157e-12
2.611296080027532421e-12
2.312757081891075944e-12
nan
nan
6.452598647604485773e-13
1.958837751971107256e-12
2.885801579608375646e-12
2.176989392430738456e-12
3.461700957975798478e-12
3.366684357745126775e-12
2.466104942506756011e-12
2.715072539806482786e-12
3.422869762301855709e-12
2.393991095071610462e-12
1.859063718178965763e-12
2.645409815632193329e-12
1.512231447510209720e-12
3.388027476346825541e-12
2.546847649519279679e-12
1.662148202263116186e-12
3.134785221885552190e-12
2.581583011285308408e-12
1.774961071763223640e-12
6.931293338076799293e-13
2.184636928082019337e-12
2.375347909211818102e-12
2.537705033665188318e-12
2.194967105570653317e-12
2.137445204182025249e-12
1.898274962222519462e-12
3.503210892480434759e-12
2.922771685576003179e-12
1.297310957560889823e-12
2.466178305346213426e-12
3.318922735110693368e-12
2.283699292407578206e-12
2.611889418955807584e-12
2.212525429778311649e-12
2.283586250979273422e-12
1.408579579555890689e-13
1.772350984750796350e-12
1.914911038937158621e-12
3.656687604547847964e-12
2.176363900058179774e-12
3.554479237130605272e-12
1.791025565202106848e-13
1.753167416043220895e-12
6.759426325264111647e-12
3.258488066557066727e-12
4.355714839922519787e-12
3.588233367189039578e-12
1.322255648718312293e-12
1.575058536495816791e-12
1.992078302430469854e-12
2.248115939168959261e-12
4.320927932627779235e-12
1.213427074432737407e-12
2.573702214009470417e-12
1.462524384453438895e-12
1.300270744979638208e-12
3.753917795618538159e-13
1.369629607236877025e-12
2.855512199025227702e-12
2.924728658873881154e-12
2.708125081259932106e-12
3.991960069547532696e-12
2.001370858751766437e-12
1.383118170169095610e-12
1.835266849932047510e-12
3.426615983115520176e-12
2.058467040169133434e-12
3.426546916798685190e-12
3.688004446332032950e-12
1.476927562615279468e-12
1.275263861696316455e-12
2.991263877191238737e-12
2.320697734376689502e-12
9.406463071479151813e-13
2.102972812056259892e-12
2.742043174911890434e-12
2.102886868196739105e-12
1.278514037451136042e-12
2.924231217451152003e-12
2.698966589249027976e-12
1.622614529065434864e-12
2.409852008465917525e-12
2.102677847539440654e-12
4.448981906064095178e-12
2.812136329638914572e-12
2.394471278435359767e-12
1.259418624422934604e-12
2.553116632169337948e-12
8.531427061444105614e-13
2.503389378969232169e-12
2.853974724296339613e-12
8.219130371564098683e-13
2.502913332754984432e-12
3.015095115154973857e-12
2.376651281017738456e-12
1.656465484743256151e-12
nan
4.352871656546409911e-12
3.296528580404698638e-12
3.070828775780267852e-12
2.212513144613689073e-12
3.787996148620722993e-12
2.644303841644350307e-12
1.786392968290104868e-12
4.259195796384846983e-12
1.475442277780147498e-12
1.806965730072577952e-12
nan
1.563608472050504325e-12
4.356117270428276418e-12
2.991574183278290619e-12
2.297342541715335256e-12
nan
2.137924586570193319e-12
2.292405476385148808e-12
8.120779150815491205e-13
2.426561236096052781e-12
2.098122302547506730e-12
2.176606745741517186e-12
1.602145601870622788e-12
2.445768786171877612e-12
2.194145842149745717e-12
3.494304124221954767e-12
2.320452031205686499e-12
nan
1.788410813374256918e-12
4.481677320217201323e-12
1.341063202613473886e-12
2.821071052716399754e-12
1.767669109904991613e-12
nan
nan
1.958964860595146781e-12
3.106437074585550774e-12
1.123065528954430240e-12
2.320570764121238167e-12
3.206889456650982031e-12
1.063897195846710331e-12
1.973443335520673145e-12
1.914312128561799089e-12
3.754036604856017588e-12
3.233914232172531474e-12
2.715062016214122432e-12
9.742633115292849966e-13
6.216055592965936633e-14
3.067379035261363356e-12
1.502521235700585961e-12
8.968507512633682261e-13
6.170715305648283761e-13
2.752910382096483494e-12
2.850746648810470487e-12
8.671234784071498057e-13
2.087444484344540632e-12
1.451714162706092030e-12
7.732351925463828367e-13
2.222997869689647995e-12
3.586782156517958478e-12
2.538466198517002905e-12
3.084179572549064297e-12
2.853113323203743825e-12
2.194564132366070668e-12
2.283461062213398733e-12
nan
1.932274418832124062e-12
2.247962176620043821e-12
1.426680093638123407e-12
2.310939256766381251e-12
nan
2.713253366286999550e-12
1.307796711614125977e-12
nan
3.133570294503083641e-12
3.139970290628293440e-12
1.306580624035759871e-12
1.383864230375464854e-12
2.124595115526731874e-12
1.670376439784750764e-12
1.948589403407734048e-12
2.515376629767741219e-12
2.465890504141520452e-12
3.109672179032735768e-12
2.441066815540446932e-12
4.482034323412108987e-12
3.629637005847612942e-12
2.502751916226457451e-12
3.660122176615188490e-12
2.292120721227308941e-12
nan
2.137949058248277169e-12
3.861225097646883300e-12
2.102848568100930046e-12
1.709529482289846194e-12
2.102808283942544808e-12
2.393988056372408866e-12
2.574895563962347611e-12
2.990802245338087036e-12
4.550922176919243807e-12
7.698583676098843810e-12
2.885892181325470317e-12
nan
8.964584414936527015e-12
4.021278173572060649e-12
3.108330210288404663e-12
1.748922794745286877e-12
2.854110352796875005e-12
7.811918580541654189e-13
2.959777629150880745e-12
3.007533021406226121e-12
2.885935688653808765e-12
1.507149663451976138e-12
1.974574229284444740e-12
6.451080467968621768e-12
4.882237832247603412e-12
3.718217673713156327e-12
2.502754515460440430e-12
2.853903018937549585e-12
1.873546412064441119e-12
2.574580918251226698e-12
3.249386062991372648e-12
3.058482453544624738e-12
1.575905912661842410e-12
3.205174367288776220e-12
2.837892881926630898e-12
2.450771078470459162e-12
2.705794408251519844e-13
4.227142782702242682e-12
2.394472257256450891e-12
6.745593837271669809e-13
2.649744525624782445e-12
1.551092473380360996e-12
3.930116431312780483e-12
2.701547415082576270e-12
2.224575699279255217e-12
1.847743908474777376e-12
1.686867514725981841e-12
