3.633479042187912178e+00
1.195181790136198297e+00
2.932745095796921664e+00
1.735938730939764252e+00
2.741423921433542077e+00
2.976506166162283140e+00
2.682708278167663440e+00
2.508721337336949908e+00
7.725105520893016386e-01
1.823908414192385363e+00
8.685284549316493186e-01
1.606252586564155260e+00
2.022112274630868400e-01
1.772380919078183181e+00
1.613170067633223459e+00
1.585513074720339866e+00
1.260576934563044805e-03
1.798104602693466614e-01
1.649226648015030161e+00
2.661815568689525260e-04
1.456670701569460880e+00
5.211510941777052208e-01
4.665203969528389574e-03
7.218723469993766351e-01
6.828141486773661173e-01
2.202717177657081749e+00
3.192177420984169789e+00
7.811595290669267611e-01
1.388177161460074638e+00
1.309407492090291170e+00
1.453216056725237904e+00
8.130186192484336605e-01
1.740714935393358753e-01
1.173520678113911808e+00
1.987622314799277312e+00
5.168396506952251893e-04
1.508339393314096499e+00
2.069563746042484276e-01
1.173057363633928762e+00
3.164277528603980528e-03
6.858938893201981246e-01
1.793489335391385442e+00
5.571482782296968139e-01
3.818043850387780491e+00
3.763792866647581281e+00
6.555791579060690211e-01
4.002339510332836997e-02
3.152675023903770413e-01
1.832910763437624602e-01
8.061462879186076513e-01
7.791102601552194473e-01
6.686149244262977742e-01
2.052515372982537112e-01
2.237675313109603881e+00
6.341740642670494754e-01
1.346962484433348629e-02
2.076854325175828964e-01
6.303409639921936369e-01
1.858886074599817029e+00
1.309853760253786081e+00
2.096806371650315193e-01
1.826643858051805402e+00
9.732283352864161711e-04
1.860486937191691004e+00
1.764272406450494879e+00
2.068200580801854649e+00
2.117207784728254993e-01
2.070210295683522439e+00
1.213493985444510370e+00
1.864552194221220205e+00
1.449578747808017543e+00
8.068551168972809030e-04
5.072557901450446494e+00
2.632823911538701989e+00
1.884578573768209253e+00
2.204505786708833348e+00
3.201886807493423137e-01
7.807526044412655963e-01
7.372752462174050978e-04
1.387061416591783836e+00
2.178186776619575327e-01
5.313295727605193974e+00
2.047685237362851574e+00
1.161857840698920619e+00
2.733476176451629769e+00
2.851309639995026624e-01
1.078456306518205565e+00
2.151899188534858176e+00
4.861756797077959047e-01
1.333847656663421422e+00
5.260708660146463655e-01
1.123749273800513482e+00
6.472751046325240197e-03
1.706846402925452200e+00
8.622111823516046547e-01
1.660688280682966811e+00
1.039857430868775579e+00
1.510654054168350413e+00
2.217248431709813339e+00
2.637623250176693301e-01
6.875594202610170180e-01
4.986328329367820444e+00
9.444149539812988214e-01
9.699792560802975583e-01
2.096285722603806523e+00
1.764341175816530827e+00
4.450531288209274017e-01
1.127596063362258594e+00
3.416250724485435097e-01
5.695294970280587732e-01
9.972297456808310034e-01
2.611070987672511334e-01
1.764273534224482187e+00
2.633410958263390778e-01
8.861018918978105230e-01
5.711184465189206305e-01
1.189884804452370659e+00
1.885012508816564125e+00
1.261939573011404718e-03
3.006209691506037118e-01
3.234567696780927371e+00
4.488202663572345763e+00
2.152809555929737773e+00
2.324109855240804878e-01
1.363161864680073165e+00
7.768932646319264279e-01
5.433538477463205618e-01
1.984354554345902910e+00
1.499803530885213565e+00
2.838956707244930655e-01
3.941138909199652485e+00
2.594329797320163444e-01
1.990847438382047363e-01
4.861536576351879191e+00
3.094421817850003809e+00
3.260248607558804412e+00
1.122989840605487011e+00
1.541991266576911990e+00
4.393883906641781190e-01
9.076633914433085426e-01
1.793729727671037111e+00
1.289679708168271155e+00
2.723845155445888899e+00
1.823812173582776586e+00
2.550453015634215892e-01
1.852900738631997335e+00
2.309520344581852958e-01
5.045410866430489159e-04
2.304976739153265175e+00
2.209276472587138329e+00
1.130368689887823352e+00
1.729367126713658998e+00
2.314507989082470463e-01
2.791392099355613041e-05
1.830512548536099571e-01
7.606338430270731532e-01
1.588996168656214625e+00
2.069811529401410777e+00
1.885010142716385229e+00
2.412738754809720554e+00
1.486538667972487016e+00
8.838326221935963734e-01
2.703926038604737014e-01
1.324771214704347999e+00
1.196643112003891396e+00
1.166903611864859247e+00
1.800325112498196045e+00
2.397271369625812998e-01
2.343395953615758032e+00
2.694033095346264339e+00
2.045214609047391718e+00
8.995464895552982565e-01
1.316794638021052677e+00
2.366643648922884813e-01
2.840305498682760277e-01
1.620426858256728275e+00
1.884669305664890882e+00
3.389918771470270542e+00
1.887941700106746890e+00
1.554517152119902379e+00
1.503606976743554757e-01
1.573014811570303095e+00
2.246467340085291919e+00
1.760952895816258190e-01
3.159273291476126566e+00
8.243717874934574086e-01
1.692567477570773748e+00
3.240889578150373818e-01
1.744839347716306832e-01
3.499606293150917535e-01
1.393365361644057554e+00
5.971363316474944671e-01
7.148614202224524705e-01
4.672328427046531729e+00
2.991455510219827474e+00
7.632834033676602070e-01
1.336333553255071971e+00
5.433889472719160008e-01
1.156432267217204300e-03
3.906409401947832372e-01
9.257367653724282164e-01
4.952272193262468652e-06
2.805857357451728151e-01
2.079065488590776944e-02
2.916894246843542593e+00
2.869422725639443783e+00
1.561999995327288060e+00
1.066903951362854208e+00
1.509497805993651742e-01
7.054619746658910007e-01
4.952272193262468652e-06
3.527387735042406103e+00
3.487827878621465039e-01
2.071530408969776138e-01
8.898413167260819101e-01
8.036049831959891643e-01
1.969544072397522161e+00
1.226771411106752696e+00
7.179925234551367552e-01
4.371458994839057866e+00
1.520947424089950983e+00
1.509990844477271388e+00
2.627586048455721746e-01
1.619506888817944468e+00
3.727847602061148963e-05
6.468358246920137278e-01
9.847162678277914249e-01
1.204398891110939201e-01
1.022464464921998051e+00
2.961537101354230650e+00
2.158521627613390947e+00
6.679408156605067814e-01
1.954206365088160277e-04
5.160156582329091801e-01
2.036840454119254407e+00
4.319791742013848967e+00
1.598204431301056605e+00
1.770401071995372444e+00
2.678227884712995888e+00
1.829649410636496221e+00
1.948606698979363783e+00
1.945235654144149562e+00
2.453118112965841924e+00
8.635089802818410876e-01
2.667341638113952307e+00
3.796758271808364782e+00
7.081369864542571557e-01
1.042631926234032891e+00
1.890175815940378090e+00
4.231001811288311321e-01
3.252214549909238639e-01
2.809375218090771620e-01
8.659615982801757150e-01
2.868721424870508407e+00
1.627593567634712635e+00
7.592847383428427133e-01
6.997289344562461766e-01
3.466869695058897083e+00
2.488683444708027770e-01
1.631653454182693697e+00
1.752351431215010358e+00
1.523741186220576083e+00
9.105081082151263994e-01
3.087173486411921158e-02
2.957436179417709948e-02
1.797968382376947394e-01
4.622057890817695136e-01
1.518287793415559639e+00
1.694966711253899971e+00
2.840953397576948536e+00
1.790089305745762527e+00
1.945197258318063005e+00
2.158527920627457242e+00
2.794573956631534628e+00
1.884689223621542675e+00
6.999580147575166222e-01
2.098081616997080623e+00
2.852099054665245270e-01
2.770772707509095767e+00
7.256285648511560105e-01
4.859899532828749757e-01
1.614704948683765684e+00
9.622618019897376529e-01
3.451640122441231862e-01
1.881628570924115951e-01
8.330929059310550056e-01
9.874816316809214012e-01
2.005782073628151085e+00
8.631758959341653270e-01
1.675210827543121672e+00
7.435148757144471876e-01
1.683593215326796289e+00
1.692973041375849697e+00
2.580701095503424858e-01
1.044681855721204977e+00
1.630800780442829723e+00
1.737388180058395015e+00
2.069216668512797952e+00
1.246769671977435268e+00
1.087747012779760825e+00
1.406702993801551838e-01
6.597173975077519348e-01
7.241584765240860477e-01
3.028015023176454878e+00
1.706338515193907224e+00
2.829190738487677770e+00
1.910793550833767007e-01
6.349499675030753076e-01
6.500623664443096139e+00
1.599477232936536319e+00
3.734881828301653162e+00
2.962820572547041120e+00
2.579696004201130211e-01
3.145737701687416621e-01
6.093798856581505996e-01
1.764257127849397699e+00
3.699477724967423331e+00
2.519146064974737698e-01
1.650129436052303777e+00
2.972484102222085478e-01
2.541935721120582858e-01
1.552767003884971131e-01
2.837720538858822805e-01
1.581129559068151780e+00
1.664092179880582334e+00
1.164946333273800816e+00
3.221562953708481558e+00
6.976351002946672430e-01
3.105318869943229920e-01
4.672795576050089994e-01
2.601826653142884194e+00
7.482560579164065917e-01
2.807392831596338567e+00
3.059802971835506202e+00
3.291104576807443727e-01
2.970626163880577542e-01
2.029339280760852127e+00
1.291639404157421289e+00
2.146425556217836095e-01
1.024016973705638378e+00
1.364197495136308724e+00
1.213920718788615405e+00
2.752744414689293206e-01
2.343379259655037572e+00
9.771055599230189515e-01
5.945106622818068232e-01
9.604545790254165327e-01
9.784349088439465714e-01
3.833826509543315275e+00
1.353949358655954338e+00
1.291934856908400153e+00
2.499103569041085937e-01
1.113789571204574225e+00
2.036063743758887712e-01
1.709719406773725137e+00
2.280303431755635213e+00
2.063366390196394451e-01
1.236786751322206390e+00
9.681412154595421260e-01
9.581067355185901580e-01
5.747417948365290963e-01
2.839341561748665727e-02
3.477248346453180261e+00
1.483984622328272440e+00
2.125926886525055792e+00
1.207769354458259059e+00
3.158231188323226135e+00
1.358153979782802168e+00
6.876689484704241462e-01
3.635409701734438670e+00
7.813524093579240493e-01
6.416092525195001839e-01
3.765898227341264726e-02
5.420841609546313000e-01
3.734145770340102644e+00
2.403944594073707641e+00
9.316154557811465731e-01
1.745407411812725448e-03
1.675211376680066255e+00
1.140399697624529418e+00
2.015229521098202137e-01
1.909589652463635767e+00
8.060055949638272876e-01
1.345976541191647780e+00
2.993888710378016516e-01
1.002395093181796648e+00
8.261023434184748826e-01
2.872105589088880695e+00
1.823915289473903023e+00
4.952272193262468652e-06
4.513717139083488483e-01
3.713470884272247030e+00
2.776104350510535945e-01
2.251576304008874096e+00
6.473998654275880948e-01
5.850643663037019104e-05
3.723651776624239062e-05
4.645807595555823122e-01
2.508471902930488717e+00
2.567769981373927979e-01
1.578882863859651042e+00
1.766709621178647716e+00
2.455516498155476124e-01
7.142624978011689052e-01
6.970041914321802867e-01
2.919160414640934675e+00
1.482166331905013568e+00
2.158515121342580390e+00
2.207586448099622956e-01
6.014019048747298174e-02
2.472767649243366783e+00
3.165025481921536765e-01
2.210600250367674713e-01
1.751517881124732279e-01
2.191604338819270303e+00
2.255067100735730357e+00
2.050946826780336574e-01
7.851728931518179300e-01
4.365373720280205094e-01
2.027105563993700232e-01
8.607319637190656847e-01
2.961163013308569347e+00
2.005443691088236058e+00
1.512182832190370974e+00
2.279937259100044411e+00
8.408402694025697288e-01
1.793519755785609071e+00
2.305987475352919581e-03
5.744608855785420243e-01
1.121939976232082969e+00
4.315564397653409157e-01
8.673091412076142648e-01
3.455928026369628958e-04
2.158059347587198751e+00
2.425756214770217190e-01
2.452486736457724567e-02
1.580195922112364482e+00
1.816095488320547346e+00
3.234801388000635436e-01
3.286192230171926520e-01
8.052989242426882299e-01
6.086092329666723533e-01
6.920358194081983605e-01
1.051666735948553866e+00
1.944575234451061840e+00
2.315048413743625133e+00
6.571392516933666217e-01
3.868497482032671186e+00
1.612678209226660719e+00
1.964769355871245793e+00
2.268766711423052307e+00
9.175008917502438521e-01
2.605876221858524850e-04
1.675554711772130556e+00
3.128846111151487364e+00
1.647361314614812722e+00
3.229776625748397301e-01
1.647493748089879473e+00
1.812036983680660907e+00
2.036932142546868274e+00
2.403018704346846057e+00
3.942390083018796787e+00
7.708722407049060976e+00
2.309115626969445501e+00
9.086787838299298934e-04
9.482034880058527904e+00
3.387111542421666233e+00
1.661383549727971420e+00
6.201175406246177690e-01
2.035973715653271121e+00
2.033986121562799121e-01
1.828271965352912476e+00
1.472288653425691818e+00
2.309006553833186981e+00
4.991618476012733563e-01
7.725646211764904958e-01
6.123679474858803928e+00
3.100569770234131273e+00
2.377552956473044432e+00
1.976137053495276241e+00
2.167099454008544424e+00
5.960237600531883562e-01
1.587966058101258904e+00
8.701425560455592345e-01
1.496194733618010142e+00
4.792286414581737874e-01
1.443137809579527753e+00
9.123333644529945108e-01
9.943917497027113805e-01
1.706161338766719326e-01
3.460083232364929096e+00
1.885224951179747421e+00
1.859334839409222950e-01
1.145821031821864899e+00
3.669223796680169958e-01
3.299876015020142717e+00
1.156826317389626269e+00
9.015400936097804907e-01
7.293102984938525379e-01
6.340150209262743752e-01
4.357006211206402376e-04
2.725564026822521191e-01
1.112957340050797717e+00
1.551859369794922783e+00
7.329184638787287209e-01
3.726583374346039627e-05
2.099525354334254690e+00
9.056934171408497214e-01
2.279941658371585245e+00
1.885020446917552661e+00
2.092964075947313152e+00
9.598391695455172901e-01
1.772043286025695608e+00
8.597845441564274660e-01
7.067228061512093322e-05
1.737269768698832539e+00
8.596145781948121289e-01
1.851914701470991798e+00
1.238851661686108940e+00
1.674894732040662915e-01
1.057765609801913698e+00
2.361826463430221956e+00
1.025893541229048189e+00
1.656755374766373468e+00
2.090378008844457014e+00
2.836628052320057103e-01
4.952272193262468652e-06
2.403888429946337890e+00
2.871519104491461860e+00
1.549109876385596385e+00
3.849463791145006919e-01
1.021324701542378532e+00
5.354639875080754452e-01
7.555395252369917491e-01
2.358043749363807340e+00
4.380978638657277886e-03
3.484951750571861684e+00
1.971821127172346699e+00
2.097048969302443666e+00
2.615576324201157599e-01
2.293060504716704917e-01
2.158145934065996752e+00
9.325438076887104799e-01
5.850992371352387034e-01
5.508487527894427860e-01
1.627945058453433624e+00
1.095052078378892846e+00
1.926598425279263394e-01
2.188867378312241652e+00
2.341884541714239099e+00
1.294261888961973916e+00
1.330809000693053523e+00
1.733540046147929337e+00
2.586071162444821825e-01
3.297833518667830255e+00
4.214454123918556913e-04
3.580854908225700406e+00
1.385346712467734553e+00
1.764258522352737835e+00
8.740200087995902978e-01
1.618181754299703456e-01
1.998136271956250654e-01
3.256158805572396675e-01
5.205235301497125322e-01
1.063074917467143887e+00
3.637465102869434475e+00
2.367560459648144100e+00
1.731564734159031005e+00
1.748315914702985419e+00
1.140652386587842848e+00
1.013858997666104100e+00
1.853206439063837641e+00
2.806328937286948766e-01
1.425055625355447830e+00
1.524985173920525794e+00
1.787298972201188052e+00
1.794077910960335531e+00
2.111456001073661829e-04
2.113852561470292102e+00
9.564330150662943009e-01
1.620446762523414463e+00
1.182812330335218709e+00
1.755024534814079606e+00
1.714597109400838315e+00
2.032719015389704009e-01
1.474490756036326733e+00
8.516994959335911775e-01
2.050962686566760312e-02
2.736514312159786133e+00
7.712167020617045621e-01
1.397591931365173457e+00
2.570076217020493381e+00
3.487828816075478344e-01
1.593131051932562103e+00
2.997596187429061865e-01
7.362108011187808998e-01
1.288890192973809246e+00
2.710189802784074509e+00
1.928256452215486132e-03
2.787547403291291856e-05
9.427177724514197443e-01
1.141079870615520964e+00
1.707088998241173661e+00
1.629082865460326213e+00
2.301357739253951262e+00
1.573144498201125119e+00
1.158807612319578073e+00
7.286323190787036275e-01
1.369381351902768384e-01
2.129663542006263288e+00
1.079941287152041138e-04
2.673815636308093935e-01
1.544941012441072070e+00
1.058893906844222466e+00
6.894313557404031512e-01
1.323371974711994303e+00
5.546775522895095456e-01
2.520485770060700403e+00
1.582062354400397552e+00
8.029505941368891841e-01
1.328567256870295532e+00
1.300180992219274190e+00
2.523572018192708821e+00
8.848137342082240675e-01
5.283712716189330472e+00
2.772813473054170919e-01
1.707098007050479538e+00
6.843159480663708605e-01
1.921739608703366020e+00
9.347000125785401847e-01
1.857526744825704679e+00
8.260863748053941524e-01
4.271363040245164111e-01
1.648044108326535140e+00
2.007993850388286594e-01
1.965150045190104056e+00
1.283291525482185502e+00
3.054436174851341002e-01
2.234186276352653489e-01
5.392516586064143372e-03
3.205992985022553809e-01
1.987599777734261997e+00
1.260975889618632273e+00
2.149027677374247200e-02
1.073364128093337849e-03
2.677568632812764360e+00
4.260880116645838100e+00
8.941021996592520837e-01
2.116178184511140259e+00
2.839534516081567261e+00
8.040823638422454067e-01
6.624521470671329570e-01
5.495625317651263442e-03
1.707090384902012259e+00
1.975560184124638186e+00
2.141247228854199935e+00
9.203732707557092940e-01
1.156020231491461825e+00
8.502932990676275171e-01
3.326995265807183078e+00
1.824789428855058349e+00
9.416731815914010373e-02
1.079516002634614447e+00
1.213309986267319562e+00
2.598074350017543499e-01
1.779245749871933568e-01
9.223938033253867852e-01
1.927776228730712305e+00
8.072983627673460116e-01
1.590947372547265037e-01
2.216350588291161827e+00
3.912199310923693218e+00
9.501360269157160809e-01
2.701163456514263927e+00
1.648005753545568552e+00
1.436692521318295437e-04
2.992235857514743635e+00
1.794827635526107912e+00
1.532626648442366957e+00
8.634518648618479337e-04
4.593491328629504145e-04
1.419105526369105030e+00
2.250436707731580999e+00
3.387972742920850600e+00
1.853239706283130506e+00
3.139155379993834871e-01
1.638631812013042754e+00
3.390195531818799957e+00
6.443253244843228922e-01
1.850569463177896646e-05
1.884630095129361971e+00
1.063440192567776998e+00
2.516353912809606186e+00
4.397388778996846326e-01
1.673412751634124174e+00
7.312711835077212452e-01
1.003065687124044203e+00
1.975478554798425934e+00
1.673236432649292948e-01
1.349762684595077200e+00
1.496680384299223121e+00
4.448082490745104423e+00
1.388711757881338604e+00
1.927362079031489372e+00
2.760526208739184639e-01
2.877329594029015780e+00
1.403254838502769435e-03
2.761364187854821850e+00
4.220580370383156255e-01
1.691562976262914297e+00
2.188514161639297129e+00
1.127794066024344843e+00
2.321311602326196155e+00
1.943294791218769912e+00
9.405906412768916605e-04
8.850287461046506543e-01
2.131285281926483144e+00
9.956771626432590373e-04
2.613744143729309632e-01
2.098917074121696924e+00
1.187600922368231516e-03
2.113637639770110432e+00
6.179953478483342089e-01
7.191731293997477570e-01
2.942540316997381833e+00
6.386856998145163944e-01
4.423574367617363334e-01
6.996309462663502380e-04
1.092299579359698569e+00
6.172258099358798322e-01
2.050232510771190508e-01
7.147998242872997121e-01
8.444221124578753512e-01
4.472070220920429384e-01
1.425867117972776432e+00
3.972722135510325936e-01
1.746062284829545952e-01
1.762956393445162195e+00
4.840244878285855923e-01
1.572588768084629551e+00
1.545075404284554477e+00
2.353987457915109882e+00
2.115435480205147378e+00
3.835410515625623962e+00
2.188147968499198903e+00
1.019308077848795069e+00
7.095666554318251773e-01
1.100465578269968603e+00
1.978142763383857528e+00
6.324126065679419595e-01
1.050532978661876893e+00
2.098924828071677684e+00
1.527133068676237160e-01
3.489915764659879543e-02
6.827380184764474391e-01
2.567210661382428967e-04
8.125478042868324448e-05
2.435811461700826186e+00
1.092863288919849740e+00
1.723355964404529095e+00
9.524729474887234648e-01
1.996992162387952519e+00
1.933959314652716754e+00
1.884450820739334453e+00
1.611740888401855254e-02
1.675209273136808674e+00
1.706689565618169757e+00
1.206339476398615052e+00
6.113085914615851157e-01
1.766502198735196538e+00
2.162008532607875733e+00
3.022296459207036712e-01
3.060385536250701755e+00
1.905980648196053284e+00
1.328150488852235522e+00
5.141790614666703618e+00
3.404262970417677003e+00
2.187609499711399064e+00
1.874190346749380787e+00
4.289719414986966628e-01
6.293969741724620981e-01
1.084532222867554907e+00
3.727712874993182696e-05
4.531057723036334695e-01
1.574876707271357201e+00
1.805012100187407265e-01
8.410884750514735497e-01
1.912033906106561876e+00
2.097629803737996568e+00
2.702232336630987497e-01
4.160076711584800163e-02
2.102964621269381995e-01
1.530273035269196891e+00
8.576256661599666042e-01
1.153741928793848848e+00
7.154043282089684874e-01
4.956625727129166936e-01
2.357178975672114540e-01
1.685138089465392897e+00
2.053551857897469024e-01
1.225170024386878775e-01
2.374391132290391226e+00
1.647434545609882672e+00
6.058571488901541846e-01
4.613880157350697786e+00
1.956020791766641953e-01
2.343099678664562369e+00
3.123930086250434446e+00
2.772019342704495681e+00
6.995912143630371727e-01
3.610218270671123886e-01
3.445827643156891273e-01
1.451600077380430731e+00
1.884305345881041927e+00
8.636480109851620846e-01
3.424252509815816303e+00
9.774694987749073239e-05
2.035249255805511748e+00
2.916629678117106828e+00
1.885622725921110687e+00
1.218966767279021424e+00
2.597179347375432101e+00
1.347480826447257973e+00
1.663842079333011093e+00
1.885475918625236780e+00
3.182384410895851001e-01
2.158096016962816499e+00
1.114737996488699423e+00
3.795990022888584559e-01
1.103577280095138669e+00
2.961968637470664856e+00
1.241966836638617844e+00
6.074349181151625920e-01
1.885695859641758121e+00
2.953510402630486753e-02
1.975304672336607892e+00
1.707978358561579757e+00
3.010020438458628211e-01
1.543047303416448912e+00
4.952272193262468652e-06
1.025390649057394965e+00
1.794083614476273736e+00
1.647498737120681955e+00
6.048807718582225323e-01
5.285800274648086994e-01
8.225672963581281971e-01
2.343461586420017007e+00
2.074758525996878711e-01
4.952272193262468652e-06
1.911357204789472242e+00
2.364610910240144970e-01
1.650955378470238655e+00
1.820189536215641168e-01
2.222631075590938199e+00
1.790029387988294252e+00
2.292276041884082183e+00
2.551003524520195853e+00
2.767921666836077321e+00
1.522210824167020249e+00
1.038497765766870140e+00
1.794097182296431114e+00
1.800136296808911851e-01
1.631006882727655538e-01
5.988159516210618261e-01
1.802597338468419963e+00
3.948904760121965674e-01
2.204324892361005650e-01
1.966261800838734197e-01
4.852455939584657818e-01
1.225770509946666031e+00
1.498301105269478128e+00
2.310499168928970004e+00
2.874315281606620864e-01
1.184360407410915750e+00
1.971974274405380867e-01
2.855062325699630144e+00
1.647599178800897013e+00
2.549562041038111460e-01
6.846081276096808166e-01
1.634077362470307271e-01
3.976472713851893492e-01
1.254160300532087602e+00
4.296222618836771368e-01
2.802876748396947892e+00
5.402585427780034699e+00
2.209443493059979335e-01
1.845351576842708008e+00
1.742317100090300386e+00
1.967328119430493238e+00
8.193757277490114621e-01
2.673696963558270134e+00
1.253550690617042385e+00
1.765111313903189316e+00
1.092825489557951446e+00
2.188775802840032370e+00
1.692583198659614041e+00
4.495235945401885758e+00
4.952272193262468652e-06
9.623428162030323030e-03
1.627915364488576877e+00
1.947951224857253916e+00
2.179463659870819470e-01
2.650642419677700645e-01
1.781603462587617370e+00
1.059320581885345947e+00
1.705225917682590131e+00
3.230802332457542114e+00
2.518160065927845248e-01
2.764626113740079827e+00
7.014202158635803367e-05
1.284564514373521593e+00
2.700930709993095480e+00
2.158093843295464609e+00
1.769377604266448412e+00
3.044582190353729567e-01
1.315048334386515139e+00
8.025916818541580788e-01
1.084387006397195430e+00
2.698750222067201499e+00
1.794099545540016605e+00
1.764206490697235008e+00
1.482654904331964341e+00
1.325633081213716924e+00
8.469928221324826145e-01
8.127983225576520220e-04
2.698792131158835872e+00
1.405350193997002796e-04
2.976684421751730203e-01
2.127024124314633863e-02
1.688625999463950089e+00
4.251360316086504887e-01
1.138035968110862051e+00
1.847545568179224107e-01
4.561822859611558423e-01
2.934896733999480034e+00
3.880648048829039354e+00
1.578686636835200829e+00
1.672937575009096900e+00
3.923619826446991254e+00
1.674573990729194772e+00
1.355045804615268371e-02
1.449545308701630786e+00
4.515930039148540187e-01
1.773456622954578954e+00
2.950715344528053841e+00
2.017879055438960567e-01
2.068434849458200109e+00
1.305439100287941079e+00
9.160775079191527670e-01
3.372494454612058878e-01
2.637964997351191165e+00
2.036090940101112357e-01
1.647718202409685695e+00
2.637370594445163086e+00
6.392943974651410510e-01
1.144212971319251260e+00
1.119580928919693852e+00
2.303251501747492824e+00
1.587421285380884228e+00
2.278423528274169385e+00
2.332500451269497344e+00
1.471112643738667680e+00
1.766693552153904889e+00
1.803783533082610191e+00
6.427519236510293998e-01
2.760304286104023896e-01
2.640850551754353459e-01
4.787464515648061081e+00
2.638775290385867223e+00
1.135194438233630117e-03
1.359645573988149669e+00
2.780893856725694668e-01
1.186106209642709297e+00
7.324591751368714210e-01
1.975357390829615589e+00
2.494731692535135104e-01
8.447197733422723634e-03
2.915327045879617107e-01
9.475947951699109639e-02
2.423624633479328772e+00
1.767546702231171718e+00
1.443921842972557323e+00
5.276448164296985155e-01
3.663819186324567490e+00
4.068100362284373106e-01
4.952272193262468652e-06
1.084459100806686838e+00
2.869499596587989920e+00
3.426738839934894365e+00
9.238830972173386336e-01
1.292953945319532227e+00
1.803992001732125594e+00
1.201515655143017142e-01
2.653396404950353338e-01
1.764204439909701216e+00
2.149895721107547342e+00
1.043717664655117616e+00
2.648044849403520251e-01
1.470993483377365685e+00
3.359475644684351003e-01
1.706181835945167202e-01
