5.256209578933731754e-12
2.468961223574013642e-12
4.556964470006422683e-12
3.212793474292011016e-12
4.312825902629986393e-12
4.556947656782057620e-12
4.115242865454225655e-12
4.106683987764930345e-12
1.853342645331746610e-12
3.320439735617120625e-12
1.998414338595618739e-12
3.026739571341441384e-12
8.312536685235255967e-13
3.216927239572686137e-12
2.987655937309812166e-12
2.916200840908894621e-12
9.291346042606007723e-14
7.759090521368893711e-13
3.048133800855372639e-12
2.671168835948704426e-14
2.774376371904980616e-12
1.440380369079140516e-12
1.405940747758520924e-13
1.776232205010079947e-12
1.720936198625847180e-12
3.687739888120808068e-12
4.678604108654759872e-12
1.862631170930224921e-12
2.745387077885690456e-12
2.622032801579635763e-12
2.769242519863028930e-12
1.913957322876277316e-12
7.592079937852273789e-13
2.437039103240598562e-12
3.435702866011395461e-12
5.978202327660594221e-14
2.851643379124947851e-12
8.366610099048263161e-13
2.412966246073621850e-12
1.485223391153206060e-13
1.724143916365284543e-12
3.283417193614869418e-12
1.506001292899007233e-12
5.392456128457846404e-12
5.211248810275946153e-12
1.678705223264027687e-12
4.128512202319163822e-13
1.045787678021599094e-12
7.836647659475110156e-13
1.897087810908471278e-12
1.861000651010087107e-12
1.700695480509237375e-12
8.328295604638283261e-13
3.770222190254742181e-12
1.641786996525423899e-12
2.236903924191674485e-13
8.387521137419721515e-13
1.635162782085750153e-12
3.283519701690959076e-12
2.643886763568250553e-12
8.424678090289818189e-13
3.241184560335983574e-12
1.021718728314963371e-13
3.325837920895969550e-12
3.247661090290193437e-12
3.558745039848143939e-12
8.535315698848071800e-13
3.612915589519632748e-12
2.526114298304117060e-12
3.265804302180808509e-12
2.790811990003402990e-12
4.606823601173577172e-14
6.566511003165362749e-12
4.241047056239414375e-12
3.393661504756570400e-12
3.742093194688719827e-12
1.054130431480377999e-12
1.872435952973383643e-12
9.185400504460076886e-14
2.683022134161257956e-12
8.685274959905259268e-13
6.529711526678794278e-12
3.444056483099783813e-12
2.399199777619092913e-12
4.328579250324959288e-12
9.989317501678739083e-13
2.294082613644432800e-12
3.552563128392418494e-12
1.375391218541209552e-12
2.660004382269730609e-12
1.449440766237278917e-12
2.363576796086554079e-12
1.743379899340121394e-13
3.176801809405790555e-12
1.987901685683412224e-12
3.068365442002520549e-12
2.267010021329658324e-12
2.892909537489744025e-12
3.782120902286740963e-12
9.579072486956685840e-13
1.728075057951020409e-12
6.491910654368587518e-12
2.115494927940276012e-12
2.157606058064648146e-12
3.628935425435453510e-12
3.247737217695580052e-12
1.296509248657426965e-12
2.382446086244476725e-12
1.086964648012316798e-12
1.528232815524630995e-12
2.194304485701261645e-12
9.532598759826702192e-13
3.247663743790753445e-12
9.520848201317002740e-13
2.028317408119770994e-12
1.531058962635285377e-12
2.483024141520309036e-12
3.394126347450678336e-12
1.148515260377794961e-13
1.027832831463983599e-12
4.816138513870744160e-12
5.995016435677542991e-12
3.702435177833158389e-12
8.896751774194607242e-13
2.704312364429263439e-12
1.856472692181527229e-12
1.481023362327055847e-12
3.351082329858268041e-12
2.818129111039054970e-12
9.903669019217136100e-13
5.549603660681533689e-12
9.501705135113957871e-13
8.245091475564083058e-13
6.382879597424658518e-12
4.723283025206587725e-12
4.840304705474345283e-12
2.360563453026363624e-12
2.871787500699139269e-12
1.285487186570876849e-12
2.057466176646677422e-12
3.283710609184431802e-12
2.609930206035184149e-12
4.254609433651667672e-12
3.303583422001992016e-12
9.408842081790669072e-13
3.355533089935046559e-12
8.927525264419323694e-13
4.133721846424406802e-14
3.871813634637565641e-12
3.768249589888757040e-12
2.357848176175308794e-12
3.077369540817167506e-12
8.888816188484327465e-13
1.589825310249244012e-14
7.854920590597872328e-13
1.831803071867144799e-12
2.998355382425120444e-12
3.612534488058930465e-12
3.394189268096354329e-12
3.956621154098750632e-12
2.796260878522633601e-12
2.020010332060180579e-12
9.649625339676342570e-13
2.661152554092819477e-12
2.463768644083157025e-12
2.430090065781085241e-12
3.160003188451295355e-12
9.106960591965751568e-13
3.924246745843571011e-12
4.252581964717094016e-12
3.479065483820976353e-12
2.036386118826898263e-12
2.630599381887420175e-12
8.987172684573689751e-13
9.913932398414451192e-13
3.042318977915466044e-12
3.393674264064726083e-12
5.019290781331286609e-12
3.285341125025228663e-12
2.926358653965628753e-12
7.034516888698604316e-13
2.989004237377450354e-12
3.723504930712085272e-12
7.684626625532373940e-13
4.789045199833484798e-12
1.930546882897858593e-12
3.081529203422154883e-12
1.071503985043712120e-12
7.617297942814343708e-13
1.106942689022063686e-12
2.688044785598348387e-12
1.577226125243270789e-12
1.766633282945766292e-12
6.216470014419422198e-12
4.617916569189036223e-12
1.839263625236173043e-12
2.663841251352337309e-12
1.481094474459428242e-12
9.787962803257370688e-14
1.188497090560108601e-12
2.086486704329592615e-12
1.359193867679774062e-14
9.907892430101346318e-13
3.077443548108912236e-13
4.492682413271848345e-12
4.349513361274152699e-12
2.952614127005105430e-12
2.277605608736203729e-12
7.055170596035393662e-13
1.752424981929464216e-12
1.562799021201738172e-14
5.121780487947928693e-12
1.106465564144668806e-12
8.439658389858675109e-13
2.027975322573819623e-12
1.896065411060240642e-12
3.446774681950529022e-12
2.527154974632278469e-12
1.770074420936830750e-12
5.743817445758820632e-12
2.872637631561420386e-12
2.862723999221156977e-12
9.540495370469860300e-13
3.042551116685871589e-12
2.011677476517129289e-14
1.663549756580066648e-12
2.183319601871826323e-12
5.607774807488538776e-13
2.241010875117357522e-12
4.487388982106045040e-12
3.715038862082264542e-12
1.700093802153867295e-12
3.258438578769602691e-14
1.430922915596399960e-12
3.574081847835804622e-12
5.590948124294717708e-12
2.943039507131372925e-12
3.148095279057012311e-12
4.185770223766067027e-12
3.183855032782816855e-12
3.387154062009857202e-12
3.466103635650384995e-12
3.890535908949755516e-12
1.985304937943135411e-12
4.277861005492458953e-12
5.412416300658767325e-12
1.759281784991765607e-12
2.243163210341696498e-12
3.349784380587452356e-12
1.249202257304054745e-12
1.068247107351802317e-12
9.862491130067283550e-13
2.007446966574181735e-12
4.490161825874771132e-12
3.024729026182294358e-12
1.828905959271039310e-12
1.742675011314993243e-12
5.014898913006636156e-12
9.295926129607589617e-13
3.040906855362992800e-12
3.127832331666575451e-12
2.894814938889515890e-12
2.062280844666551112e-12
3.943420145397381944e-13
3.399453787205582151e-13
7.728690412920825607e-13
1.329607815086706842e-12
2.897082360853907513e-12
3.130682485481828714e-12
4.461698921582223851e-12
3.195458807475387010e-12
3.466049620064689423e-12
3.715048425130091829e-12
4.358577796509198189e-12
3.393773678372792282e-12
1.743074288293014392e-12
3.645356591934500903e-12
9.991763847095636824e-13
4.387919764332837167e-12
1.796032739367858982e-12
1.374849648229739728e-12
3.011665964950599226e-12
2.145714081713373297e-12
1.105404717185688182e-12
7.927020112175520782e-13
1.939128803594028425e-12
2.186025238000681563e-12
3.537648309498503467e-12
1.991701695043252917e-12
3.137427780482601385e-12
1.808907363262304193e-12
3.068796997884644209e-12
3.101351493375396398e-12
9.460533896928468468e-13
2.267711346501638528e-12
3.066700819317025562e-12
3.158114591446861983e-12
3.611841060014204214e-12
2.549500017143480553e-12
2.320502812770204187e-12
5.998689820890866468e-13
1.685577999453517584e-12
1.778214848607781243e-12
4.655344463047603647e-12
3.176167476226671228e-12
4.438841310350344236e-12
7.374129261863086257e-13
1.643661029080664798e-12
7.746805835734276966e-12
3.013598106063457767e-12
5.354130812252686721e-12
4.587873151523399025e-12
9.473927541145428170e-13
1.051185606086273346e-12
1.598700634892627965e-12
3.247131927131228444e-12
5.320356617404745858e-12
9.356087934290179747e-13
2.990849222683801672e-12
1.015225612865361596e-12
9.322100427887490290e-13
7.169374673092423409e-13
9.889769342595338260e-13
2.986484277332405432e-12
3.061672020032383569e-12
2.408849283890234468e-12
4.707504685291874640e-12
1.742050116772805996e-12
1.039885362234145316e-12
1.339319984276754413e-12
4.050722224946864957e-12
1.813920410445686291e-12
4.426494098610171779e-12
4.687987001996104741e-12
1.070907501347097049e-12
1.016568919066889097e-12
3.397293546272678909e-12
2.602933640695519246e-12
8.583491397461003857e-13
2.241931303751619773e-12
2.681223962418731953e-12
2.515426582351624197e-12
9.743683549521635926e-13
3.924228184391401434e-12
2.160926984560326563e-12
1.572600918306224376e-12
2.142783478920872727e-12
2.161994054719543280e-12
5.448375666952264280e-12
2.644808712594393082e-12
2.621751196506476694e-12
9.322279775352172962e-13
2.339829134219509576e-12
8.366763946597924122e-13
3.069882525064047614e-12
3.851522881147996653e-12
8.362861884368840118e-13
2.509445311195441759e-12
2.150280253004054771e-12
2.141267546294154542e-12
1.537538632848020802e-12
3.351382643744107868e-13
4.954905013901942180e-12
2.782630507058068538e-12
3.475654413306158351e-12
2.510476873022518355e-12
4.787992774093501394e-12
2.692423880623585948e-12
1.726905668599414843e-12
5.258746270452943597e-12
1.869201195574694429e-12
1.654591907837788545e-12
3.936709496274795553e-13
1.478725577060852612e-12
5.353252117446058661e-12
3.991553496113381923e-12
2.100519331740513093e-12
8.610287351166640454e-14
3.137425297580997545e-12
2.371834104011319026e-12
8.256663001119497269e-13
3.397934827545224446e-12
1.902412111691665794e-12
2.663374602846355973e-12
1.025770315127984067e-12
2.199520340595927910e-12
1.934252750401453748e-12
4.494257022374598787e-12
3.320449159162505129e-12
2.301670196648748156e-14
1.308749844188364288e-12
5.271343015347608998e-12
9.846135370980590911e-13
3.821058691735014009e-12
1.665314675141761886e-12
2.048797911179308304e-14
1.822130612226951670e-14
1.334158877578561277e-12
4.106435750416310137e-12
9.384246726669853748e-13
2.900598130019010564e-12
3.208393312727153689e-12
9.160530635159192269e-13
1.764305123325614981e-12
1.738990737336276063e-12
4.375617611212053255e-12
2.785272688394556495e-12
3.715033688420479843e-12
8.710591600653234647e-13
4.652442220983405409e-13
4.067377335573407153e-12
1.047949002069499487e-12
8.687287190612350283e-13
7.649387451098533744e-13
3.752904643082118650e-12
3.789086557272567090e-12
8.408821362402839689e-13
1.870709563442600543e-12
1.279920094323614128e-12
8.260571957021449448e-13
1.981540036892130168e-12
4.586640895855943924e-12
3.536047285099593466e-12
2.860059898644157853e-12
3.853075752373988917e-12
1.949175408693763306e-12
3.283456320107171065e-12
1.372722660451016020e-13
1.537028301228716814e-12
2.371351569707593921e-12
1.270166564557233589e-12
1.998008480723629612e-12
3.929651066875643879e-14
3.710686584455328569e-12
9.169763949824348272e-13
3.828976460851442151e-13
2.976414555220590935e-12
3.256841270002782213e-12
1.064150771583906747e-12
1.072999577899572917e-12
1.898406586516614159e-12
1.597364319035122897e-12
1.732477514546138362e-12
2.261946414359619166e-12
3.464999939648593808e-12
3.780119735678775788e-12
1.681165699358908708e-12
5.481219570024783771e-12
2.952617464672943837e-12
3.477540322916477368e-12
3.803532676276568674e-12
2.073183063032138059e-12
3.145632465620381977e-14
3.137856619298575022e-12
4.742585173862883467e-12
3.102358014101787378e-12
1.065760559115629314e-12
3.102719820356262800e-12
3.242259431546819944e-12
3.573866917815550093e-12
3.990145231196386933e-12
5.550883606265115164e-12
8.678876336342358085e-12
3.885882672381942188e-12
1.035923620167499982e-13
9.964487359000789099e-12
5.015364281942149835e-12
3.082697588359544056e-12
1.617438085940678646e-12
3.449879729321787753e-12
8.281997572816057051e-13
3.221888699676801969e-12
2.786666919526627597e-12
3.885353195493658992e-12
1.399588841288582760e-12
1.852581457144858366e-12
7.444654754412687980e-12
4.675220626013980353e-12
3.896063949435329799e-12
3.502701058250892157e-12
3.632717975923248206e-12
1.575258743733247751e-12
2.955157485146593473e-12
2.017470446945720147e-12
2.838470689460895169e-12
1.362068349268594147e-12
2.735683709722435782e-12
2.063800453540516803e-12
2.198418039077438997e-12
7.313361645600245500e-13
5.065950733638446916e-12
3.394433582410618364e-12
7.839519215770711978e-13
2.380531812353919007e-12
1.131286801631285683e-12
4.930104825033180246e-12
2.397751287573124597e-12
2.048854935682415726e-12
1.790338122647071370e-12
1.641510006276321694e-12
