5.157918594402835834e-12
2.380799681222797684e-12
4.457431860419540781e-12
3.112827980255831111e-12
4.215948593025257527e-12
4.459154013587968619e-12
4.298415276811483005e-12
4.007317267519520545e-12
1.765532518123468131e-12
3.220454821255440238e-12
1.911770954674661169e-12
2.934914510784932525e-12
7.356573762322997057e-13
3.183436642432555230e-12
2.991571349536426171e-12
2.828705400905622356e-12
1.526990422142242578e-14
6.796277269429360887e-13
3.076736634291085041e-12
nan
2.690460704278291046e-12
1.351318475822283838e-12
5.015108948948110375e-14
1.689559103649069314e-12
1.632501722615927894e-12
3.598572587711500109e-12
4.583742491239977018e-12
1.775353481029656829e-12
2.650434124628068017e-12
2.681298349035878336e-12
3.003988240128538657e-12
1.827377713341742431e-12
6.633975744386508148e-13
2.380789746241215620e-12
3.473838710030805421e-12
nan
2.987226625796470781e-12
7.416774266699122146e-13
2.332136293721496881e-12
6.739314565495981835e-14
1.635909733089567580e-12
3.183446228676430458e-12
1.420651486861391586e-12
5.342937543171362773e-12
5.232244501032742367e-12
1.589424035477772427e-12
3.350711446049277247e-13
9.499079221016604634e-13
6.882426482757945386e-13
1.809448106713790685e-12
1.773717348334627664e-12
1.613237498476520388e-12
7.377453514052378944e-13
3.719795322755793658e-12
1.555665287769766782e-12
2.039328230062865508e-13
7.427777582899286765e-13
1.546713107072684389e-12
3.198440288402160027e-12
2.550310943619218832e-12
7.466027799755770670e-13
3.363721425959358000e-12
2.131328809621513137e-14
3.233420403596784461e-12
3.147687362600848566e-12
3.465794246959805042e-12
7.570301769190981551e-13
3.513276763933703425e-12
2.571606388597596092e-12
3.434814935442373287e-12
2.819302935610368083e-12
nan
6.467072191644679618e-12
4.141047603708162877e-12
3.293748438026643523e-12
3.681184522946143718e-12
9.620844617568087414e-13
1.784193049690483835e-12
1.489210039640167475e-14
2.595770508778243660e-12
7.731739971687539401e-13
6.432998171818277552e-12
3.611987093366040349e-12
2.311610777485628996e-12
4.251265680153497832e-12
9.036257641718798797e-13
2.212746831001725683e-12
3.673212916910795134e-12
1.290626304797928876e-12
2.574918387002826058e-12
1.363974617720532665e-12
2.280516747442945420e-12
8.436249730879528928e-14
3.076826264049791328e-12
1.900608876257319452e-12
3.147002528344675386e-12
2.176388960113580687e-12
2.801356605278828922e-12
3.682139478463873341e-12
8.626422389918756967e-13
1.640836865332206752e-12
6.392516255100854650e-12
2.031856742705361083e-12
2.072145831743112360e-12
3.544634177684417172e-12
3.147832591018705769e-12
1.212843913019595387e-12
2.357322169443992555e-12
9.922454768734620539e-13
1.442906425841583485e-12
2.110213958923441493e-12
8.579043867653415565e-13
3.147678657469712957e-12
8.576910642319893398e-13
1.941086579931694639e-12
1.444679492666892988e-12
2.386920248014153247e-12
3.294136023536669498e-12
2.173100555603926319e-14
9.336867614401774474e-13
4.793478234862985851e-12
5.953295802298781458e-12
3.615027734390552652e-12
7.950311542921751242e-13
2.611957859300217487e-12
1.768840632648242323e-12
1.394608104213998087e-12
3.516892048517815070e-12
3.016338841880665508e-12
8.965232002760056238e-13
5.450771783828880786e-12
8.558142517879383684e-13
7.292074483402962524e-13
6.284065787857697345e-12
4.623288749151243492e-12
4.792932243343490951e-12
2.275531286292486785e-12
2.787511156980280286e-12
1.200356980594233405e-12
1.971273674320892029e-12
3.183732307245604485e-12
2.518279967888622488e-12
4.281902884846062708e-12
3.220414087156466746e-12
8.449165446759531899e-13
3.255550343352277378e-12
7.974581618547146737e-13
nan
3.786890668102345868e-12
3.681455252409424079e-12
2.273502616789496376e-12
3.182348444894550766e-12
7.945022112002847503e-13
nan
6.899567358198155889e-13
1.745636130561240076e-12
2.901355540784785424e-12
3.512561532905789409e-12
3.294190260707470403e-12
3.967431579437764906e-12
2.710134103934968279e-12
1.934194084337803828e-12
8.716437064340170190e-13
2.568757841225870295e-12
2.377703952215460811e-12
2.344296124214667337e-12
3.291362269991942340e-12
8.150869904031097023e-13
3.824252455859580436e-12
4.282584241416295230e-12
3.641209975089785828e-12
1.953091275665093239e-12
2.541364268763419701e-12
8.038091330168829192e-13
8.973874032742973072e-13
3.002541885984948558e-12
3.294104030635857951e-12
4.920283303866581860e-12
3.465804038395157191e-12
2.850286223198023999e-12
6.083810801460631488e-13
2.893667444098301266e-12
3.636372235482507155e-12
6.720382626894047094e-13
4.689051580041033935e-12
1.843032264349660433e-12
2.997108064400423660e-12
9.758709639069325522e-13
6.668571102191308432e-13
1.020017782288432021e-12
2.605091349568732476e-12
1.492095100078434001e-12
1.678242866915931329e-12
6.116473743526775970e-12
4.517929657717352490e-12
1.751517708864757378e-12
2.665948257450029818e-12
1.393259238798701861e-12
2.062950571872860255e-14
1.109812778935410194e-12
2.002776892526510712e-12
nan
8.963382232424333328e-13
2.252174033998994351e-13
4.397953089461160839e-12
4.344090798085741674e-12
2.860254554866176979e-12
2.191185251487214358e-12
6.096370344980658554e-13
1.664082255431346662e-12
nan
5.055892586579269680e-12
1.020971102656346012e-12
7.470138315272643931e-13
1.944461385730178386e-12
1.806852651775095501e-12
3.436915811402172461e-12
2.621506727617948618e-12
1.681942849375695560e-12
5.647643818201367550e-12
2.785414456639856413e-12
2.936527707656061939e-12
8.567043895260483338e-13
2.951776617301640308e-12
nan
1.574366139716836647e-12
2.093236506263060686e-12
5.104944549637134744e-13
2.153295132369116743e-12
4.518609253766223849e-12
3.615059125672100047e-12
1.611386596051757601e-12
nan
1.344285865302688001e-12
3.474083200920065064e-12
5.493510838509286124e-12
3.041573399206438824e-12
3.185602415545949885e-12
4.281200213617538471e-12
3.316430487861465927e-12
3.300498959941746580e-12
3.366105323843049992e-12
3.989851583372401980e-12
1.901135960061341709e-12
4.178090140278695265e-12
5.315356809967017322e-12
1.672531314176952074e-12
2.156059474673616768e-12
3.329583130104848035e-12
1.166772142066637078e-12
9.768171096244768643e-13
8.929034372756050720e-13
1.916896191510360089e-12
4.390926976279910963e-12
3.110784834491165019e-12
1.740865244263165316e-12
1.654542968199951987e-12
4.924290475943788930e-12
8.335531162318487564e-13
3.037748641571881865e-12
3.039545494941663868e-12
2.883446318192888498e-12
1.979422041866852481e-12
3.082168093621181657e-13
2.782890733509300649e-13
6.765993171970775281e-13
1.239843283314082980e-12
2.802584320994061261e-12
3.076788229741500290e-12
4.361699386326299306e-12
3.112953594703983435e-12
3.366095125999501538e-12
3.615062282962909750e-12
4.320505515892624706e-12
3.293926824188220846e-12
1.654923552001327757e-12
3.545402654925243932e-12
9.032481114384581115e-13
4.287949824776854722e-12
1.706703072056636265e-12
1.289439440675828983e-12
2.922316109318823903e-12
2.059799807660451044e-12
1.015641635232428378e-12
6.980520765030165823e-13
1.851811131851336485e-12
2.101761560537976677e-12
3.437692332412593868e-12
1.906648134146678352e-12
3.037435011383486694e-12
1.720933548358284024e-12
2.984284105620010309e-12
3.022787805803881496e-12
8.516862422829658320e-13
2.175497575020999385e-12
2.970850299498036047e-12
3.063205944611941294e-12
3.511883408527427270e-12
2.603474336403671550e-12
2.229906616753162175e-12
5.612408039988653239e-13
1.597170159122366339e-12
1.690388894619493241e-12
4.555678703548679032e-12
3.076222171841675824e-12
4.364040945755554317e-12
7.488638228410710096e-13
1.555558972792685400e-12
7.648708770826380379e-12
2.919438214401632194e-12
5.254987049178790114e-12
4.487936726572281409e-12
8.512939269900156530e-13
9.577466112992892774e-13
1.512774302110689146e-12
3.147986177322801528e-12
5.220855351849354688e-12
8.405717774249600752e-13
3.095527765435379811e-12
9.203834720066558585e-13
8.349269715048568975e-13
6.210427081497036758e-13
8.943771464539360287e-13
2.892485152440673091e-12
2.975976525865956341e-12
2.327330588421519467e-12
4.785701903710671624e-12
1.654076324628754288e-12
9.465790277600491011e-13
1.249693152119227339e-12
4.214304826904573954e-12
1.728146989550226663e-12
4.326528695504307096e-12
4.587987113232720132e-12
9.778573355263403067e-13
9.232164732514130509e-13
3.520413272954796555e-12
2.626503050440009912e-12
7.630800501444453486e-13
2.157161117298859147e-12
2.594258702431982845e-12
2.595974887591894080e-12
8.797009800574708550e-13
3.824230008456045413e-12
2.074633879445315698e-12
1.487828251212870468e-12
2.058241240111431236e-12
2.079401104612405982e-12
5.348930420479640667e-12
2.558414421019569260e-12
2.540483650871981028e-12
8.371246910213293259e-13
2.259124181396446472e-12
7.408628946899701929e-13
3.237629801869941228e-12
3.753911307395811405e-12
7.419079695461436236e-13
2.420203713747512612e-12
2.062133978730938469e-12
2.055685496020766405e-12
1.451380929830505516e-12
2.673292109259793307e-13
5.019030276790522130e-12
2.697143690689982515e-12
3.638403901735896026e-12
2.476436707830259711e-12
4.687995961343367151e-12
2.603205638611798272e-12
1.638827046825091895e-12
5.159167651012528013e-12
1.782257237875450678e-12
1.569231061824316402e-12
3.230773115302736468e-13
1.393385529794338451e-12
5.254538877015555719e-12
3.891562487709769300e-12
2.016306475514569251e-12
2.245032767053053511e-14
3.037673270951976186e-12
2.289065730406252570e-12
7.295819693866534452e-13
3.326395974848151916e-12
1.815148486271350357e-12
2.816334562450204964e-12
9.302802144458738011e-13
2.110261042501233473e-12
1.847082054814259235e-12
4.394289081568274224e-12
3.220450898365187167e-12
nan
1.223772576780483465e-12
5.282486614647186089e-12
8.898372764718332157e-13
3.721065414081841753e-12
1.575789559097395219e-12
nan
nan
1.244833043710811307e-12
4.006436544477156246e-12
8.445428148632082206e-13
3.104417359143433053e-12
3.116785879535464956e-12
8.212273749993718645e-13
1.677248256304953944e-12
1.651476958131409991e-12
4.489445682219156139e-12
2.700887527715871443e-12
3.615045067579823585e-12
7.760337870733414533e-13
4.005196099097636534e-13
3.967378286301589195e-12
9.541385567198280727e-13
7.738288891015265877e-13
6.700636181722637622e-13
3.652908227890397885e-12
3.750645848044661763e-12
7.440833079604712592e-13
1.781098432764841601e-12
1.196471317891873022e-12
7.315483838671915039e-13
1.894568447290240312e-12
4.486759455986255852e-12
3.438083695412393661e-12
2.778009721533295380e-12
3.753095082656193733e-12
1.863662051432059797e-12
3.183458748473422360e-12
4.793592202744776298e-14
1.451218290432718547e-12
2.281481578943695640e-12
1.188744250082346952e-12
1.912140759661497421e-12
nan
3.611056192911411108e-12
8.207534887256385273e-13
2.928076140383610354e-13
2.884873146336898316e-12
3.166055861732967672e-12
9.729634107100531259e-13
9.813050918276336509e-13
1.810991747488010748e-12
1.512896314549664940e-12
1.644403640764759114e-12
2.172210584277650904e-12
3.365813631717217348e-12
3.915875735139470924e-12
1.590674957884667985e-12
5.381915800861729289e-12
2.864372149973509895e-12
3.402275271625714618e-12
3.713146524818828664e-12
1.989144537392359425e-12
nan
3.037868823679923128e-12
4.678691686718609867e-12
3.002733730617529548e-12
9.714839922020283175e-13
3.002752578001507425e-12
3.293598757852153436e-12
3.474774072210278934e-12
3.890670213050874967e-12
5.450907586733015018e-12
8.591065243080250221e-12
3.785886836209898672e-12
2.137123623180588054e-14
9.864546273657440910e-12
4.918607926255586857e-12
2.993813296012770162e-12
1.533796526866665733e-12
3.609223830013876957e-12
7.335023484901177012e-13
3.201691434107758848e-12
2.703489346645553054e-12
3.785883733405244888e-12
1.313813977472465979e-12
1.764938692116834272e-12
7.346349193270318683e-12
4.583015259178840443e-12
3.803695643898180994e-12
3.402747353471993182e-12
3.743403377551917533e-12
1.488143298344861925e-12
2.986780121027554767e-12
1.924259618184528452e-12
2.755191100886942317e-12
1.276304711826821816e-12
2.650792476676655996e-12
1.976064799714541816e-12
2.112523262407150021e-12
6.658719868255047968e-13
5.040951314670527373e-12
3.294467320398496304e-12
6.883911109007992555e-13
2.291979946303826298e-12
1.059530118907542664e-12
4.830115703501524158e-12
2.316133518742186979e-12
1.964014846354878989e-12
1.703139176750797721e-12
1.552938556315872758e-12
